1964;2035;1942
1966;2033;1947
1966;2032;1947
1964;2031;1935
1966;2031;1942
1969;2033;1927
1966;2033;1941
1965;2032;1935
1965;2034;1921
1965;2035;1931
1969;2031;1942
1963;2035;1942
1963;2033;1943
1964;2034;1953
1966;2033;1955
1963;2035;1961
1964;2036;1946
1964;2035;1947
1963;2034;1948
1965;2033;1938
1963;2036;1940
1963;2033;1937
1964;2031;1936
1965;2034;1937
1965;2035;1940
1965;2029;1939
1965;2034;1952
1965;2034;1967
1965;2035;1951
1963;2033;1937
1964;2034;1957
1964;2027;1942
1965;2048;1947
1965;2033;1941
1962;2034;1949
1966;2034;1950
1964;2033;1945
1965;2034;1952
1965;2033;1958
1965;2033;1966
1964;2035;1958
1964;2031;1956
1965;2031;1947
1965;2031;1953
1966;2034;1949
1964;2032;1951
1965;2035;1935
1964;2033;1946
1962;2035;1940
1963;2034;1945
1966;2031;1956
1969;2035;1963
1965;2034;1954
1965;2037;1964
1964;2035;1957
1964;2035;1971
1965;2034;1964
1964;2035;1957
1964;2029;1964
1964;2034;1947
1966;2048;1947
1964;2034;1941
1966;2033;1947
1966;2031;1943
1962;2033;1957
1965;2032;1952
1962;2035;1959
1962;2035;1965
1964;2034;1959
1963;2035;1965
1963;2035;1964
1965;2033;1960
1966;2035;1964
1964;2035;1963
1963;2039;1953
1964;2036;1961
1966;2037;1956
1963;2029;1967
1963;2036;1963
1965;2032;1975
1963;2031;1957
1965;2036;1979
1964;2033;1960
1966;2031;1956
1965;2035;1950
1965;2033;1957
1964;2036;1963
1966;2033;1954
1964;2033;1949
1964;2036;1958
1965;2035;1963
1965;2031;1965
1962;2035;1969
1963;2037;1967
1962;2035;2003
1963;2033;1964
1963;2033;1963
1964;2037;1966
1966;2033;1962
1965;2032;1954
1966;2031;1951
1965;2033;1954
1963;2036;1961
1962;2031;1971
1964;2035;1965
1965;2033;1956
1963;2034;1972
1963;2035;1971
1964;2033;1977
1964;2033;1963
1963;2034;1957
1963;2054;1947
1964;2034;1957
1965;2038;1951
1963;2035;1963
1964;2032;1965
1965;2035;1966
1965;2038;1975
1965;2032;1972
1964;2034;1970
1965;2036;1963
1966;2035;1963
1966;2031;1959
1965;2031;1954
1965;2033;1954
1964;2032;1951
1970;2036;1945
1963;2031;1957
1963;2035;1951
1965;2035;1951
1964;2037;1973
1964;2037;1992
1965;2034;1992
1963;2035;1975
1966;2034;1962
1963;2033;1964
1965;2036;1965
1963;2035;1951
1964;2031;1955
1966;2033;1960
1964;2032;1959
1955;2032;1957
1964;2034;1963
1965;2028;1951
1963;2032;1953
1962;2034;1964
1963;2035;1968
1965;2036;1961
1965;2032;1956
1964;2034;1960
1964;2035;1961
1965;2036;1948
1965;2031;1967
1965;2037;1945
1963;2035;1953
1965;2036;1956
1965;2034;1972
1965;2035;1968
1965;2036;1959
1962;2034;1956
1974;2034;1953
1966;2033;1949
1967;2034;1940
1966;2033;1948
1965;2031;1943
1965;2035;1938
1963;2028;1937
1965;2034;1935
1966;2033;1951
1965;2035;1944
1966;2036;1950
1966;2035;1939
1971;2036;1960
1964;2035;1945
1965;2048;1959
1963;2034;1946
1965;2036;1942
1966;2033;1943
1963;2033;1931
1963;2034;1939
1964;2034;1933
1965;2034;1933
1965;2033;1947
1964;2030;1952
1964;2030;1944
1962;2029;1949
1962;2036;1940
1963;2035;1943
1967;2034;1941
1964;2035;1937
1967;2036;1934
1963;2031;1937
1965;2037;1931
1963;2033;1933
1966;2036;1937
1964;2035;1943
1965;2034;1943
1967;2033;1943
1965;2034;1949
1965;2035;1944
1966;2035;1933
1963;2034;1935
1965;2034;1939
1965;2031;1933
1966;2029;1930
1965;2033;1927
1965;2035;1926
1963;2035;1931
1965;2033;1949
1963;2037;1934
1965;2037;1945
1963;2034;1941
1965;2036;1943
1963;2041;1941
1963;2034;1948
1965;2035;1945
1967;2033;1943
1962;2037;1925
1964;2034;1929
1965;2031;1940
1965;2035;1935
1965;2048;1936
1966;2035;1937
1965;2033;1945
1959;2031;1940
1963;2035;1934
1963;2033;1937
1965;2034;1955
1965;2036;1945
1966;2033;1943
1964;2036;1942
1964;2033;1935
1969;2034;1940
1966;2035;1940
1965;2035;1946
1965;2035;1948
1964;2036;1947
1965;2034;1959
1964;2038;1949
1966;2035;1949
1965;2030;1957
1965;2031;1937
1963;2029;1939
1963;2031;1949
1966;2034;1928
1964;2030;1936
1965;2029;1937
1964;2035;1936
1964;2031;1941
1962;2026;1942
1963;2037;1951
1964;2036;1959
1963;2036;1960
1964;2035;1946
1965;2035;1945
1964;2036;1941
1966;2035;1937
1963;2033;1945
1967;2036;1939
1964;2032;1947
1963;2031;1937
1965;2034;1941
1965;2031;1948
1963;2034;1951
1965;2034;1945
1965;2029;1957
1964;2032;1948
1964;2035;1941
1965;2035;1940
1963;2032;1942
1963;2036;1939
1963;2034;1943
1964;2035;1941
1963;2035;1945
1966;2033;1941
1966;2039;1949
1965;2037;1961
1965;2035;1955
1971;2031;1962
1967;2037;1955
1965;2035;1933
1964;2037;1933
1965;2028;1943
1965;2034;1937
1966;2034;1941
1965;2032;1943
1965;2033;1943
1965;2033;1944
1963;2035;1946
1964;2034;1955
1962;2035;1973
1959;2035;1971
1964;2039;1973
1966;2029;1958
1964;2033;1963
1965;2035;1958
1965;2036;1963
1965;2034;1961
1963;2035;1957
1965;2032;1942
1965;2033;1949
1963;2036;1955
1967;2031;1954
1963;2032;1973
1966;2034;1962
1964;2033;1967
1966;2035;1977
1965;2033;1962
1966;2031;1972
1966;2035;1963
1963;2035;1953
1964;2035;1964
1964;2040;1953
1964;2037;1946
1965;2034;1952
1965;2037;1950
1963;2036;1963
1963;2035;1957
1965;2033;1960
1966;2035;1949
1965;2033;1960
1964;2035;1966
1961;2031;1961
1963;2039;1963
1964;2036;1951
1967;2034;1950
1963;2033;1945
1965;2035;1939
1965;2037;1948
1963;2031;1943
1964;2031;1951
1959;2034;1951
1965;2039;1954
1964;2038;1959
1965;2033;1967
1963;2036;1957
1962;2037;1955
1964;2027;1951
1961;2035;1943
1965;2033;1946
1962;2033;1943
1963;2031;1948
1963;2031;1963
1965;2040;1935
1964;2033;1943
1962;2031;1953
1967;2035;1950
1967;2033;1957
1965;2037;1954
1966;2036;1947
1965;2036;1941
1967;2036;1943
1964;2037;1929
1966;2039;1943
1965;2035;1937
1967;2035;1959
1965;2036;1942
1965;2035;1948
1965;2037;1952
1963;2034;1950
1964;2034;1969
1963;2031;1956
1964;2032;1953
1965;2033;1939
1964;2037;1942
1963;2033;1935
1964;2034;1936
1965;2035;1942
1965;2034;1930
1966;2031;1955
1963;2037;1948
1963;2038;1963
1965;2037;1959
1962;2039;1957
1964;2034;1957
1966;2034;1947
1965;2034;1946
1964;2033;1942
1964;2037;1943
1964;2033;1936
1963;2030;1935
1965;2035;1932
1965;2032;1940
1965;2033;1941
1965;2032;1941
1963;2035;1957
1966;2034;1941
1963;2035;1941
1966;2034;1941
1965;2033;1944
1964;2034;1934
1962;2035;1949
1964;2036;1934
1966;2036;1931
1965;2033;1941
1965;2034;1931
1965;2036;1955
1967;2034;1955
1965;2033;1965
1965;2033;1949
1965;2035;1953
1966;2024;1944
1965;2030;1955
1965;2035;1933
1965;2034;1933
1965;2031;1925
1963;2032;1937
1964;2034;1925
1962;2033;1928
1966;2037;1955
1963;2033;1939
1967;2033;1941
1967;2031;1932
1965;2036;1946
1961;2035;1941
1964;2035;1944
1965;2035;1945
1966;2036;1937
1967;2030;1937
1965;2031;1933
1963;2031;1931
1965;2036;1929
1963;2031;1937
1965;2033;1931
1965;2035;1934
1965;2033;1942
1964;2034;1943
1965;2035;1942
1965;2032;1941
1965;2033;1963
1963;2035;1945
1965;2035;1939
1966;2035;1932
1967;2038;1937
1965;2033;1935
1963;2033;1934
1962;2037;1951
1965;2034;1950
1966;2039;1953
1966;2033;1946
1968;2029;1954
1967;2041;1942
1966;2036;1948
1966;2030;1935
1965;2036;1943
1967;2029;1924
1966;2030;1929
1963;2031;1925
1965;2035;1935
1965;2033;1939
1966;2036;1940
1963;2025;1958
1964;2033;1950
1963;2037;1949
1966;2036;1966
1964;2034;1954
1965;2048;1946
1966;2033;1954
1964;2032;1941
1965;2031;1947
1965;2036;1946
1967;2037;1942
1964;2034;1951
1967;2032;1947
1965;2035;1950
1967;2036;1951
1965;2034;1952
1965;2033;1958
1965;2033;1949
1965;2035;1945
1963;2034;1953
1965;2035;1942
1963;2039;1954
1968;2033;1944
1965;2033;1963
1965;2035;1956
1964;2035;1959
1966;2033;1957
1965;2037;1957
1965;2034;1971
1967;2034;1967
1964;2035;1959
1966;2035;1963
1963;2035;1953
1964;2033;1949
1964;2031;1958
1966;2033;1947
1963;2036;1956
1965;2033;1948
1965;2035;1948
1965;2035;1955
1964;2034;1970
1965;2033;1979
1965;2035;1979
1964;2034;1971
1964;2036;1978
1966;2035;1960
1965;2030;1960
1963;2033;1960
1965;2035;1960
1966;2035;1951
1965;2036;1962
1966;2035;1951
1966;2034;1955
1966;2031;1954
1965;2034;1959
1964;2031;1967
1963;2031;1963
1967;2035;1962
1965;2034;1951
1964;2036;1962
1965;2048;1940
1967;2035;1956
1962;2035;1951
1967;2034;1959
1963;2035;1954
1963;2037;1950
1967;2035;1963
1965;2035;1958
1965;2035;1980
1966;2035;1977
1966;2031;1954
1965;2034;1962
1966;2029;1950
1964;2031;1948
1966;2034;1948
1965;2035;1953
1964;2032;1951
1965;2033;1953
1965;2035;1950
1965;2035;1952
1963;2034;1977
1964;2036;1959
1965;2035;1961
1964;2033;1964
1966;2033;1957
1965;2036;1949
1966;2034;1951
1964;2036;1952
1965;2034;1957
1967;2048;1939
1964;2034;1939
1967;2035;1948
1963;2033;1950
1967;2033;1961
1964;2031;1969
1964;2034;1952
1966;2034;1948
1963;2035;1949
1966;2036;1943
1965;2038;1945
1963;2034;1949
1967;2036;1938
1964;2034;1943
1964;2031;1946
1966;2034;1941
1964;2035;1951
1967;2035;1954
1964;2038;1938
1967;2039;1956
1965;2033;1944
1967;2037;1948
1965;2035;1948
1963;2034;1949
1965;2037;1929
1966;2034;1930
1967;2048;1926
1965;2032;1927
1964;2033;1925
1965;2035;1941
1966;2035;1950
1965;2034;1939
1965;2037;1943
1965;2033;1951
1965;2035;1951
1966;2032;1957
1964;2036;1949
1965;2037;1939
1964;2035;1936
1964;2037;1940
1967;2031;1936
1965;2031;1930
1967;2037;1937
1963;2031;1933
1966;2039;1939
1965;2033;1939
1964;2037;1945
1965;2033;1943
1966;2037;1946
1963;2033;1942
1964;2034;1931
1965;2031;1930
1965;2034;1938
1965;2036;1930
1965;2037;1942
1966;2031;1932
1965;2035;1931
1965;2037;1934
1964;2035;1935
1966;2033;1946
1967;2029;1947
1964;2036;1943
1965;2035;1942
1965;2037;1938
1965;2035;1927
1961;2032;1934
1967;2033;1922
1965;2032;1929
1966;2031;1928
1965;2034;1925
1963;2033;1927
1965;2034;1942
1966;2035;1932
1966;2035;1948
1965;2034;1952
1966;2037;1954
1964;2036;1947
1965;2031;1942
1966;2039;1936
1964;2036;1940
1966;2035;1947
1965;2036;1928
1966;2034;1939
1967;2033;1929
1967;2031;1935
1967;2035;1939
1965;2034;1951
1965;2034;1949
1965;2035;1953
1965;2035;1963
1963;2034;1951
1965;2033;1940
1965;2048;1955
1958;2033;1951
1965;2036;1951
1965;2037;1953
1966;2035;1952
1965;2036;1947
1965;2035;1953
1966;2036;1960
1965;2031;1970
1961;2035;1977
1965;2036;1965
1967;2030;1966
1968;2034;1978
1966;2031;1974
1963;2033;1956
1963;2035;1979
1962;2034;1954
1963;2035;1967
1964;2034;1957
1965;2036;1949
1964;2039;1950
1964;2034;1965
1963;2036;1959
1963;2037;1967
1966;2036;1971
1965;2034;1967
1963;2035;1962
1965;2038;1962
1965;2032;1979
1962;2030;1965
1967;2035;1951
1964;2031;1949
1966;2033;1950
1967;2033;1947
1963;2034;1951
1965;2031;1944
1965;2035;1949
1967;2034;1950
1965;2035;1939
1964;2034;1950
1966;2035;1979
1965;2035;1955
1965;2039;1960
1965;2037;1957
1965;2037;1956
1967;2036;1951
1966;2037;1951
1967;2037;1939
1965;2032;1946
1963;2031;1929
1965;2033;1927
1965;2033;1934
1967;2031;1933
1965;2034;1943
1966;2035;1943
1965;2031;1930
1965;2032;1941
1965;2035;1951
1965;2033;1948
1964;2038;1951
1965;2036;1935
1965;2035;1943
1965;2038;1929
1967;2035;1926
1963;2037;1938
1971;2037;1931
1965;2031;1927
1966;2034;1935
1965;2033;1946
1966;2033;1937
1965;2035;1946
1965;2031;1940
1965;2036;1948
1966;2034;1946
1965;2031;1952
1965;2032;1951
1969;2034;1953
1965;2031;1941
1966;2033;1935
1963;2035;1937
1966;2037;1946
1962;2033;1948
1963;2036;1947
1966;2038;1948
1965;2038;1960
1965;2035;1959
1962;2037;1967
1967;2036;1971
1965;2033;1970
1965;2035;1967
1965;2034;1956
1965;2027;1947
1965;2034;1970
1966;2032;1965
1965;2034;1949
1962;2033;1959
1963;2034;1952
1965;2035;1954
1964;2034;1955
1965;2035;1964
1964;2033;1974
1964;2048;1987
1965;2035;1965
1965;2035;1977
1962;2034;1970
1972;2037;1969
1969;2036;1963
1967;2034;1959
1965;2038;1950
1965;2036;1955
1964;2035;1954
1966;2034;1947
1964;2033;1972
1963;2035;1957
1966;2031;1994
1963;2035;1971
1967;2036;1969
1964;2034;1965
1965;2035;1962
1963;2036;1953
1965;2036;1959
1966;2039;1958
1965;2037;1946
1965;2037;1946
1965;2036;1941
1965;2035;1943
1965;2036;1951
1965;2035;1954
1967;2034;1967
1966;2035;1950
1964;2036;1949
1964;2033;1954
1969;2034;1961
1963;2031;1950
1965;2034;1940
1966;2033;1938
1965;2035;1935
1965;2035;1935
1963;2031;1946
1967;2037;1949
1964;2036;1953
1965;2039;1939
1967;2036;1957
1965;2033;1959
1965;2037;1965
1965;2035;1961
1965;2035;1950
1963;2034;1937
1967;2037;1946
1966;2034;1937
1965;2035;1948
1963;2034;1957
1966;2034;1975
1965;2034;1954
1961;2034;1967
1963;2035;1961
1957;2036;1957
1964;2033;1955
1966;2036;1952
1965;2035;1947
1963;2035;1946
1966;2037;1944
1964;2034;1955
1967;2027;1961
1965;2035;1983
1964;2035;1969
1966;2033;1963
1965;2033;1965
1965;2037;1957
1964;2035;1962
1964;2036;1955
1963;2033;1957
1963;2033;1946
1963;2034;1940
1963;2032;1960
1965;2037;1947
1965;2035;1952
1964;2035;1973
1963;2031;1945
1963;2037;1963
1963;2037;1982
1966;2048;1965
1965;2035;1957
1966;2034;1957
1964;2035;1953
1965;2035;1943
1966;2034;1947
1966;2035;1946
1964;2037;1943
1965;2035;1952
1962;2037;1937
1966;2033;1947
1967;2038;1955
1963;2031;1952
1966;2030;1959
1966;2036;1952
1967;2039;1940
1964;2034;1951
1965;2035;1941
1965;2037;1941
1965;2035;1943
1966;2037;1927
1965;2036;1961
1963;2035;1933
1963;2036;1931
1964;2038;1950
1966;2032;1951
1962;2035;1961
1964;2035;1950
1965;2031;1949
1966;2035;1937
1964;2034;1938
1965;2034;1936
1965;2036;1946
1965;2033;1938
1963;2034;1922
1966;2032;1924
1964;2036;1945
1966;2048;1951
1962;2036;1950
1965;2029;1954
1965;2038;1938
1965;2037;1956
1964;2033;1951
1962;2036;1934
1966;2036;1943
1964;2033;1951
1965;2033;1926
1969;2035;1937
1966;2035;1941
1965;2039;1955
1967;2035;1958
1966;2036;1979
1965;2033;1952
1965;2034;1953
1963;2035;1958
1967;2035;1940
1965;2036;1943
1965;2031;1941
1963;2031;1929
1962;2037;1939
1963;2036;1950
1967;2034;1959
1965;2034;1972
1966;2031;1954
1965;2035;1957
1966;2035;1955
1965;2033;1947
1963;2035;1944
1965;2036;1951
1965;2033;1943
1965;2033;1960
1965;2034;1945
1966;2035;1950
1965;2032;1963
1963;2033;1953
1963;2037;1966
1967;2035;1955
1962;2035;1954
1966;2035;1949
1963;2036;1958
1961;2037;1942
1963;2034;1947
1965;2034;1949
1964;2033;1942
1965;2036;1950
1965;2034;1957
1963;2034;1963
1964;2032;1950
1965;2036;1957
1965;2033;1951
1967;2034;1966
1967;2033;1957
1965;2036;1951
1965;2035;1949
1964;2034;1937
1965;2033;1943
1965;2037;1936
1964;2034;1939
1966;2039;1952
1965;2035;1965
1967;2039;1967
1966;2036;1962
1964;2035;1952
1966;2035;1953
1967;2037;1950
1967;2039;1951
1965;2035;1945
1965;2034;1937
1964;2033;1947
1964;2035;1951
1962;2033;1949
1966;2035;1977
1967;2036;1952
1965;2034;1965
1966;2033;1947
1963;2036;1951
1967;2034;1943
1964;2038;1953
1965;2035;1941
1967;2038;1948
1965;2036;1927
1966;2039;1939
1967;2039;1950
1965;2038;1944
1966;2040;1963
1965;2038;1965
1967;2038;1945
1967;2039;1949
1963;2037;1950
1967;2036;1943
1965;2038;1949
1966;2038;1934
1966;2042;1925
1966;2048;1940
1966;2015;1935
1970;2039;1937
1966;2035;1951
1967;2048;1952
1965;2048;1945
1966;2040;1952
1963;2039;1940
1964;2037;1943
1965;2039;1948
1967;2039;1945
1965;2041;1930
1963;2038;1935
1965;2048;1932
1965;2037;1937
1965;2037;1937
1966;2039;1946
1965;2037;1951
1966;2041;1942
1964;2039;1934
1964;2037;1943
1965;2037;1945
1964;2035;1940
1964;2041;1937
1965;2039;1935
1966;2037;1930
1965;2035;1927
1963;2039;1911
1964;2048;1933
1966;2031;1936
1966;2037;1930
1967;2039;1943
1965;2037;1942
1966;2037;1953
1965;2037;1947
1964;2037;1946
1965;2037;1949
1964;2035;1955
1970;2040;1938
1965;2036;1938
1966;2035;1931
1961;2037;1928
1963;2039;1941
1963;2035;1930
1965;2034;1942
1969;2039;1949
1965;2048;1955
1965;2037;1945
1967;2040;1958
1965;2040;1953
1965;2038;1962
1967;2037;1949
1965;2048;1949
1967;2048;1935
1966;2036;1953
1967;2037;1949
1965;2036;1947
1963;2033;1947
1966;2037;1952
1962;2038;1936
1965;2039;1955
1965;2037;1953
1966;2036;1963
1963;2035;1966
1965;2041;1958
1967;2039;1943
1965;2037;1953
1966;2038;1960
1966;2039;1943
1965;2039;1957
1963;2038;1945
1965;2048;1949
1967;2038;1958
1967;2038;1961
1965;2036;1973
1965;2035;1975
1965;2041;1963
1965;2035;1956
1965;2033;1947
1967;2035;1945
1963;2035;1955
1965;2040;1950
1965;2036;1953
1965;2038;1950
1963;2039;1949
1965;2038;1951
1967;2034;1958
1966;2036;1966
1965;2041;1973
1965;2037;1970
1965;2039;1974
1964;2048;1957
1966;2040;1972
1965;2038;1966
1964;2037;1973
1967;2036;1963
1967;2048;1958
1965;2038;1947
1967;2036;1945
1967;2033;1939
1965;2037;1956
1964;2033;1953
1965;2039;1960
1965;2036;1967
1965;2039;1951
1965;2038;1965
1965;2037;1963
1963;2037;1964
1965;2038;1957
1967;2048;1957
1964;2041;1949
1966;2038;1946
1965;2040;1941
1966;2039;1949
1965;2035;1933
1966;2035;1938
1965;2035;1926
1963;2038;1933
1965;2036;1935
1965;2035;1943
1965;2038;1942
1964;2037;1945
1962;2039;1946
1965;2035;1941
1965;2037;1930
1965;2037;1941
1964;2039;1933
1965;2041;1937
1966;2040;1936
1961;2048;1937
1967;2037;1944
1966;2037;1939
1966;2035;1938
1965;2038;1947
1966;2038;1954
1966;2035;1951
1966;2032;1953
1965;2037;1950
1963;2038;1949
1967;2036;1943
1966;2038;1953
1963;2036;1949
1967;2037;1950
1964;2037;1949
1965;2035;1948
1967;2039;1943
1965;2039;1950
1965;2033;1948
1965;2039;1953
1966;2048;1954
1963;2037;1971
1964;2039;1963
1963;2039;1974
1966;2038;1970
1965;2036;1964
1964;2037;1967
1963;2036;1953
1967;2036;1956
1966;2048;1955
1965;2032;1957
1965;2036;1942
1964;2036;1959
1965;2036;1960
1965;2037;1962
1963;2037;1970
1964;2039;1961
1964;2048;1963
1967;2036;1969
1965;2041;1962
1967;2048;1964
1966;2039;1954
1964;2040;1956
1963;2037;1956
1964;2037;1949
1967;2039;1961
1963;2038;1959
1965;2036;1966
1964;2038;1963
1966;2034;1962
1966;2034;1965
1964;2037;1981
1965;2031;1962
1964;2038;1969
1965;2048;1955
1964;2037;1938
1965;2039;1951
1967;2039;1951
1966;2037;1942
1965;2041;1959
1966;2039;1951
1966;2048;1955
1964;2037;1943
1964;2039;1953
1966;2039;1947
1965;2039;1961
1968;2038;1961
1965;2037;1947
1967;2037;1949
1966;2034;1935
1965;2033;1943
1965;2036;1931
1966;2037;1941
1965;2037;1929
1962;2034;1931
1966;2037;1944
1967;2040;1950
1967;2041;1958
1967;2039;1952
1965;2040;1957
1967;2048;1947
1967;2041;1947
1963;2037;1947
1966;2038;1936
1966;2037;1930
1965;2037;1934
1966;2037;1932
1965;2037;1928
1967;2038;1941
1965;2034;1941
1963;2035;1943
1965;2041;1936
1969;2034;1940
1967;2033;1940
1965;2033;1944
1964;2038;1945
1965;2048;1933
1966;2048;1929
1965;2039;1930
1967;2039;1933
1966;2048;1931
1965;2048;1943
1967;2050;1941
1965;2048;1940
1965;2037;1939
1965;2033;1941
1963;2039;1948
1965;2041;1941
1965;2032;1939
1965;2036;1938
1965;2032;1946
1967;2036;1935
1967;2038;1939
1965;2035;1929
1967;2048;1941
1963;2039;1928
1963;2038;1939
1965;2048;1947
1966;2037;1939
1966;2037;1946
1967;2048;1953
1965;2048;1946
1967;2048;1952
1963;2039;1958
1966;2039;1938
1964;2039;1940
1965;2033;1947
1967;2035;1934
1966;2037;1942
1966;2039;1945
1966;2037;1938
1965;2035;1952
1965;2034;1943
1966;2034;1949
1964;2033;1948
1966;2048;1947
1966;2048;1950
1967;2048;1944
1967;2039;1939
1967;2048;1947
1967;2051;1943
1965;2034;1947
1969;2048;1951
1966;2048;1949
1966;2030;1957
1965;2038;1947
1978;2041;1962
1965;2037;1961
1965;2041;1953
1967;2037;1951
1967;2033;1954
1966;2034;1936
1965;2030;1937
1967;2048;1942
1967;2048;1947
1963;2036;1953
1965;2027;1949
1965;2049;1951
1963;2039;1952
1966;2048;1964
1967;2039;1945
1967;2048;1967
1966;2051;1961
1966;2048;1952
1967;2048;1943
1965;2048;1942
1966;2034;1943
1966;2039;1946
1966;2048;1943
1957;2048;1953
1966;2031;1957
1969;2026;1965
1967;2048;1960
1967;2048;1950
1965;2039;1970
1966;2051;1963
1962;2048;1953
1965;2048;1963
1967;2037;1962
1965;2034;1946
1967;2023;1950
1967;2051;1953
1967;2049;1963
1966;2050;1962
1967;2048;1951
1967;2039;1970
1969;2037;1977
1965;2025;1963
1966;2025;1959
1966;2049;1970
1967;2034;1966
1966;2048;1960
1967;2025;1954
1966;2031;1947
1967;2048;1956
1965;2048;1954
1965;2038;1954
1963;2034;1958
1966;2039;1956
1965;2051;1981
1967;2048;1958
1966;2048;1983
1965;2048;1967
1966;2048;1968
1967;2051;1960
1966;2035;1953
1965;2027;1956
1967;2033;1959
1965;2033;1950
1967;2028;1953
1967;2048;1958
1965;2048;1959
1966;2034;1953
1966;2037;1961
1967;2048;1965
1965;2036;1970
1967;2035;1958
1967;2048;1960
1967;2048;1956
1962;2048;1959
1967;2048;1948
1965;2048;1943
1967;2048;1955
1965;2048;1958
1965;2048;1967
1966;2036;1969
1967;2048;1953
1967;2039;1973
1967;2031;1965
1967;2031;1959
1967;2036;1958
1967;2052;1959
1967;2030;1946
1962;2039;1947
1965;2038;1941
1975;2037;1946
1967;2048;1956
1967;2048;1966
1967;2036;1963
1968;2053;1974
1966;2048;1973
1966;2050;1963
1966;2060;1967
1967;2048;1960
1969;2030;1951
1967;2048;1943
1966;2038;1950
1965;2012;1955
1965;2048;1945
1967;2048;1965
1967;2048;1972
1969;2048;1952
1967;2037;1965
1976;2040;1959
1969;2037;1956
1965;2040;1956
1967;2039;1947
1965;2057;1950
1968;2048;1947
1966;2048;1939
1966;2048;1947
1969;2036;1939
1966;2039;1953
1967;2027;1939
1970;2049;1932
1966;2048;1949
1967;2049;1944
1964;2035;1934
1967;2048;1943
1965;2034;1955
1966;2037;1937
1965;2039;1943
1967;2025;1933
1965;2048;1930
1966;2048;1931
1965;2048;1919
1967;2048;1927
1965;2048;1933
1966;2048;1930
1966;2057;1937
1966;2048;1938
1965;2035;1954
1965;2001;1943
1966;2063;1949
1967;2031;1959
1967;2036;1945
1967;2031;1946
1967;2049;1937
1966;2048;1935
1967;2035;1929
1966;2034;1935
1966;2027;1923
1967;2048;1934
1969;2048;1943
1965;2039;1949
1965;2048;1954
1967;2039;1949
1970;2048;1934
1966;2041;1957
1959;2048;1945
1967;2048;1954
1967;2048;1962
1967;2039;1947
1967;2039;1962
1966;2037;1960
1967;2039;1952
1970;2031;1940
1967;2036;1957
1969;2036;1957
1966;2028;1964
1965;2041;1954
1966;2048;1953
1969;2036;1941
1967;2027;1950
1965;2052;1940
1965;2023;1943
1967;2055;1959
1966;2033;1963
1965;2057;1953
1966;2031;1941
1967;2048;1951
1967;2048;1947
1966;2041;1939
1971;2048;1939
1967;2048;1933
1966;2040;1931
1965;2040;1924
1965;2026;1940
1967;2048;1931
1967;2039;1929
1970;2036;1909
1967;2033;1933
1970;2048;1949
1966;2038;1951
1963;2036;1952
1965;2038;1948
1967;2048;1955
1966;2032;1969
1963;2038;1971
1967;2050;1951
1966;2048;1966
1967;2048;1965
1965;2048;1954
1965;2048;1952
1964;2039;1977
1967;2052;1941
1967;2025;1943
1966;2048;1955
1967;2001;1950
1965;2048;1947
1966;2048;1949
1966;2048;1935
1967;2041;1941
1963;2033;1950
1967;2033;1955
1965;2048;1941
1966;2054;1942
1966;2048;1936
1967;2050;1939
1967;2048;1945
1967;2038;1940
1967;2038;1962
1967;2026;1943
1964;2035;1941
1969;2048;1949
1967;2048;1931
1965;2031;1941
1962;2039;1931
1965;2039;1942
1967;2037;1937
1967;2048;1943
1966;2039;1952
1967;2038;1963
1967;2048;1959
1967;2037;1950
1967;2036;1979
1967;2048;1982
1964;2048;1965
1969;2031;1977
1964;2033;1957
1965;2050;1953
1966;2038;1972
1965;2048;1957
1965;2038;1950
1965;2041;1951
1967;2036;1947
1965;2048;1917
1967;2031;1941
1965;2031;1927
1963;2034;1943
1967;2037;1919
1967;2039;1919
1966;2036;1935
1964;2027;1938
1966;2048;1935
1965;2030;1939
1966;2048;1944
1965;2048;1949
1967;2048;1967
1966;2039;1959
1964;2048;1960
1967;2050;1974
1965;2036;1982
1967;2050;1970
1966;2029;1986
1966;2035;1981
1963;2049;1983
1967;2039;1965
1967;2048;1969
1966;2027;1955
1965;2048;1951
1965;2028;1938
1966;2048;1938
1965;2036;1945
1967;2048;1935
1966;2031;1941
1967;2038;1919
1967;2049;1947
1965;2041;1958
1965;2036;1935
1967;2031;1957
1967;2052;1947
1963;2048;1936
1967;2037;1948
1966;2037;1946
1966;2040;1941
1966;2050;1951
1965;2039;1929
1964;2033;1931
1970;2010;1941
1965;2048;1947
1965;2053;1930
1966;2037;1945
1967;2015;1949
1967;2028;1955
1966;2050;1958
1963;2053;1946
1965;2033;1958
1967;2048;1971
1967;2040;1963
1966;2039;1971
1967;2048;1975
1967;2048;1973
1966;2048;1979
1967;2038;1956
1967;2049;1951
1965;2024;1970
1965;2040;1959
1967;2048;1938
1966;2029;1948
1967;2039;1930
1967;2048;1932
1966;2035;1917
1967;2035;1924
1966;2027;1922
1966;2037;1925
1966;2040;1934
1963;2048;1938
1964;2048;1938
1965;2056;1938
1965;2025;1948
1964;2036;1966
1958;2021;1959
1965;2052;1959
1965;2051;1968
1964;2036;1973
1967;2036;1980
1967;2048;1971
1967;2039;1954
1967;2029;1962
1968;2038;1952
1965;2048;1956
1966;2040;1953
1966;2037;1946
1968;2016;1950
1965;2052;1952
1967;2049;1941
1966;2048;1946
1964;2037;1939
1965;2034;1929
1966;2048;1943
1966;2049;1941
1966;2048;1954
1967;2040;1945
1969;2037;1949
1965;2038;1943
1967;2048;1949
1965;2037;1945
1966;2048;1950
1965;2027;1936
1967;2039;1957
1965;2031;1944
1966;2039;1944
1967;2048;1932
1965;2029;1946
1965;2048;1949
1963;2022;1937
1967;2048;1960
1966;2037;1956
1967;2049;1957
1967;2053;1945
1959;2024;1955
1966;2051;1985
1967;2048;1964
1966;2019;1965
1967;2031;1967
1966;2057;1964
1965;2027;1967
1966;2041;1958
1966;2036;1949
1966;2034;1939
1967;2031;1938
1966;2039;1938
1967;2048;1925
1966;2032;1940
1967;2035;1929
1967;2031;1919
1967;2048;1937
1966;2039;1935
1967;2039;1940
1965;2041;1943
1964;2048;1945
1966;2048;1940
1965;2037;1949
1967;2041;1947
1967;2048;1957
1967;2038;1947
1967;2039;1977
1966;2035;1953
1967;2039;1954
1966;2027;1938
1965;2033;1957
1967;2031;1942
1966;2048;1945
1965;2029;1959
1966;2048;1951
1966;2019;1943
1965;2048;1964
1966;2048;1966
1966;2048;1969
1965;2048;1967
1967;2052;1943
1966;2048;1973
1966;2048;1977
1967;2011;1962
1965;2048;1969
1964;2048;1957
1965;2033;1945
1967;2037;1944
1965;2048;1943
1966;2036;1936
1967;2035;1938
1965;2039;1946
1967;2034;1927
1966;2029;1924
1966;2041;1919
1966;2041;1925
1967;2037;1924
1967;2048;1938
1965;2048;1936
1964;2027;1946
1967;2048;1932
1965;2048;1949
1965;2048;1942
1966;2038;1953
1965;2037;1961
1965;2035;1937
1965;2025;1957
1959;2035;1935
1965;2037;1933
1967;2029;1939
1967;2036;1948
1966;2037;1931
1964;2035;1960
1965;2035;1923
1966;2052;1967
1963;2053;1973
1963;2034;1949
1965;2048;1961
1964;2035;1973
1965;2048;1979
1971;2034;1967
1966;2041;1968
1967;2048;1961
1965;2039;1964
1967;2048;1954
1967;2035;1943
1966;2037;1957
1967;2036;1946
1965;2048;1935
1965;2036;1927
1965;2048;1937
1965;2030;1927
1965;2039;1935
1965;2029;1922
1965;2048;1931
1966;2029;1933
1967;2031;1935
1965;2029;1937
1967;2053;1942
1966;2035;1931
1963;2048;1946
1966;2040;1958
1965;2048;1947
1965;2048;1967
1967;2037;1963
1963;2040;1958
1965;2028;1961
1965;2034;1970
1966;2039;1957
1963;2031;1955
1967;2035;1953
1965;2033;1942
1967;2049;1949
1967;2035;1950
1966;2038;1960
1967;2035;1958
1962;2034;1950
1963;2028;1963
1963;2038;1961
1965;2048;1958
1965;2048;1947
1966;2048;1965
1967;2034;1957
1965;2040;1954
1966;2019;1938
1966;2048;1946
1966;2048;1943
1966;2031;1937
1964;2033;1931
1965;2028;1921
1965;2037;1922
1960;2037;1926
1967;2025;1923
1964;2035;1931
1963;2048;1941
1965;2048;1925
1965;2036;1933
1965;2037;1951
1967;2040;1956
1967;2058;1949
1965;2011;1948
1967;2051;1946
1963;2041;1956
1967;2040;1967
1967;2034;1953
1965;2039;1954
1967;2037;1954
1966;2029;1939
1967;2036;1941
1965;2028;1950
1969;2036;1947
1963;2048;1958
1965;2035;1955
1967;2031;1975
1964;2039;1965
1964;2038;1959
1967;2035;1957
1969;2048;1973
1966;2035;1977
1963;2036;1970
1966;2048;1963
1968;2039;1953
1965;2040;1941
1965;2041;1941
1967;2037;1950
1965;2038;1928
1965;2048;1935
1965;2032;1906
1964;2026;1924
1965;2029;1941
1964;2037;1930
1967;2034;1932
1963;2030;1941
1964;2038;1943
1965;2027;1940
1966;2039;1943
1966;2038;1948
1963;2048;1951
1965;2048;1949
1967;2039;1954
1967;2041;1979
1963;2040;1956
1962;2025;1953
1966;2049;1961
1963;2048;1971
1964;2031;1944
1967;2037;1955
1966;2032;1950
1965;2023;1955
1967;2041;1954
1964;2037;1957
1967;2034;1961
1965;2040;1946
1965;2035;1931
1967;2036;1943
1965;2032;1941
1966;2037;1952
1967;2051;1941
1965;2036;1939
1965;2048;1943
1966;2050;1951
1963;2034;1936
1963;2038;1939
1966;2048;1934
1963;2035;1939
1967;2038;1941
1967;2041;1941
1967;2019;1934
1965;2038;1934
1965;2031;1942
1965;2032;1946
1967;2037;1945
1966;2035;1950
1967;2034;1949
1967;2038;1965
1967;2039;1985
1966;2036;1973
1966;2049;1978
1966;2040;1985
1965;2051;1949
1964;2048;1966
1963;2039;1976
1965;2034;1967
1967;2031;1957
1965;2025;1954
1966;2055;1961
1967;2030;1934
1966;2034;1951
1965;2029;1942
1965;2048;1934
1966;2027;1924
1966;2048;1934
1965;2048;1941
1963;2048;1931
1964;2029;1929
1965;2036;1930
1967;2036;1946
1965;2048;1942
1965;2041;1946
1966;2048;1941
1965;2027;1942
1966;2038;1956
1964;2038;1951
1966;2039;1955
1964;2033;1949
1965;2031;1951
1967;2035;1934
1966;2031;1958
1966;2037;1950
1964;2035;1951
1965;2031;1957
1965;2034;1953
1965;2038;1951
1965;2034;1948
1967;2039;1959
1965;2035;1959
1965;2041;1971
1966;2040;1954
1965;2035;1979
1964;2039;1963
1966;2040;1949
1965;2038;1950
1966;2036;1949
1964;2048;1947
1966;2038;1947
1967;2035;1942
1966;2035;1941
1967;2031;1934
1966;2037;1935
1965;2029;1928
1967;2031;1929
1965;2037;1927
1967;2037;1932
1966;2039;1938
1966;2038;1931
1964;2039;1941
1965;2037;1954
1964;2048;1950
1964;2038;1953
1964;2024;1957
1965;2048;1967
1965;2048;1965
1966;2038;1976
1964;2039;1976
1966;2039;1980
1963;2048;1997
1963;2035;1966
1965;2030;1963
1966;2039;1948
1966;2031;1948
1965;2031;1933
1965;2028;1938
1966;2041;1942
1965;2035;1935
1965;2041;1930
1964;2038;1937
1963;2039;1935
1964;2039;1930
1964;2036;1934
1966;2037;1947
1965;2048;1943
1965;2039;1944
1966;2039;1943
1965;2048;1943
1967;2034;1950
1966;2039;1941
1963;2048;1941
1967;2039;1942
1964;2033;1935
1971;2048;1940
1965;2014;1943
1963;2029;1940
1967;2037;1946
1966;2037;1954
1963;2034;1939
1965;2033;1960
1965;2048;1963
1964;2048;1972
1964;2037;2011
1966;2041;1969
1959;2048;1974
1963;2036;1979
1966;2037;1975
1966;2039;1969
1966;2040;1975
1966;2035;1953
1958;2033;1964
1965;2033;1947
1963;2033;1945
1964;2021;1943
1965;2025;1939
1963;2031;1935
1964;2034;1950
1967;2036;1934
1963;2037;1932
1965;2037;1938
1964;2039;1937
1966;2037;1944
1967;2037;1944
1966;2036;1955
1966;2039;1941
1965;2048;1955
1963;2039;1943
1966;2048;1943
1965;2035;1941
1965;2035;1943
1965;2023;1958
1965;2036;1959
1965;2040;1939
1966;2037;1948
1966;2034;1947
1965;2033;1937
1964;2034;1947
1964;2015;1953
1963;2036;1959
1963;2039;1952
1963;2040;1964
1965;2037;1990
1966;2048;1984
1963;2036;1962
1965;2048;1965
1965;2041;1977
1965;2038;1969
1967;2036;1959
1969;2037;1969
1967;2048;1956
1967;2035;1961
1967;2033;1957
1965;2034;1959
1965;2035;1974
1966;2027;1952
1965;2032;1965
1966;2037;1971
1966;2025;1965
1964;2040;1978
1965;2037;1954
1965;2039;1947
1965;2035;1949
1966;2039;1953
1964;2036;1963
1964;2037;1957
1966;2048;1972
1963;2040;1958
1964;2037;1966
1965;2038;1962
1964;2037;1982
1965;2034;1975
1966;2034;1970
1963;2033;1962
1966;2034;1959
1965;2034;1951
1965;2031;1954
1965;2034;1946
1964;2027;1955
1965;2037;1962
1964;2034;1954
1964;2039;1946
1967;2035;1948
1965;2041;1976
1965;2037;1975
1966;2048;1975
1965;2037;1957
1963;2048;1974
1966;2038;1951
1963;2037;1965
1965;2033;1953
1965;2035;1962
1965;2037;1957
1966;2033;1959
1965;2031;1963
1965;2035;1975
1965;2031;1956
1964;2035;1987
1963;2036;1971
1966;2035;1956
1965;2037;1973
1966;2037;1943
1965;2040;1954
1965;2035;1951
1966;2039;1934
1963;2048;1938
1965;2048;1948
1966;2039;1952
1965;2037;1966
1962;2039;1951
1964;2034;1946
1967;2041;1944
1965;2035;1955
1965;2028;1951
1966;2034;1957
1967;2038;1941
1965;2033;1943
1965;2031;1956
1962;2035;1939
1965;2035;1939
1964;2037;1943
1963;2031;1944
1964;2034;1970
1965;2039;1949
1966;2048;1955
1964;2048;1961
1967;2048;1951
1964;2037;1949
1965;2037;1941
1965;2041;1942
1965;2037;1930
1965;2039;1925
1967;2034;1939
1965;2031;1947
1966;2035;1951
1965;2035;1945
1964;2024;1941
1966;2039;1945
1965;2037;1948
1969;2031;1952
1965;2036;1954
1963;2033;1939
1966;2035;1935
1965;2048;1932
1966;2034;1938
1966;2037;1941
1963;2048;1948
1964;2040;1929
1965;2038;1946
1963;2034;1945
1965;2039;1950
1965;2034;1941
1963;2034;1950
1965;2033;1946
1965;2033;1934
1965;2033;1919
1966;2031;1934
1963;2031;1933
1965;2031;1927
1965;2033;1941
1965;2035;1933
1963;2035;1934
1965;2037;1936
1965;2048;1948
1963;2036;1947
1966;2041;1942
1964;2041;1939
1965;2037;1945
1965;2037;1943
1965;2041;1935
1964;2035;1934
1963;2039;1944
1965;2033;1938
1964;2048;1948
1966;2030;1957
1963;2029;1962
1965;2031;1951
1965;2031;1956
1965;2035;1945
1963;2038;1929
1964;2038;1926
