1638;2030;1214
1635;2035;1218
1630;2031;1214
1633;2031;1215
1637;2027;1207
1634;2032;1228
1637;2030;1226
1636;2030;1223
1638;2031;1238
1635;2029;1229
1635;2034;1228
1638;2031;1229
1637;2034;1221
1634;2035;1209
1633;2036;1218
1636;2034;1219
1634;2036;1227
1636;2038;1230
1634;2037;1231
1637;2035;1243
1635;2033;1246
1636;2033;1219
1633;2031;1227
1634;2031;1217
1636;2030;1221
1636;2033;1223
1634;2029;1215
1633;2030;1236
1635;2031;1235
1637;2028;1237
1636;2031;1240
1634;2029;1237
1637;2034;1243
1635;2031;1227
1634;2036;1218
1635;2030;1218
1637;2034;1213
1633;2039;1219
1634;2031;1226
1639;2035;1232
1635;2033;1233
1637;2033;1234
1636;2033;1229
1636;2017;1231
1637;2028;1239
1636;2034;1226
1638;2027;1229
1635;2029;1227
1635;2033;1221
1637;2035;1221
1636;2034;1226
1636;2031;1222
1636;2031;1222
1638;2035;1227
1635;2031;1233
1635;2033;1241
1636;2036;1233
1632;2036;1232
1635;2033;1216
1636;2034;1221
1634;2033;1221
1635;2034;1219
1636;2031;1218
1638;2031;1225
1635;2031;1225
1635;2032;1230
1639;2023;1218
1637;2029;1234
1635;2028;1225
1635;2029;1227
1636;2034;1227
1635;2034;1226
1637;2033;1217
1636;2031;1219
1635;2032;1226
1651;2033;1218
1636;2036;1241
1635;2033;1224
1635;2033;1237
1633;2034;1221
1635;2035;1234
1635;2033;1220
1635;2031;1221
1637;2033;1215
1635;2030;1215
1635;2032;1201
1636;2030;1212
1634;2029;1219
1634;2029;1207
1635;2031;1218
1636;2031;1224
1635;2031;1221
1633;2034;1229
1631;2033;1227
1637;2036;1211
1634;2031;1218
1635;2038;1211
1635;2034;1206
1634;2033;1208
1636;2034;1213
1637;2032;1211
1639;2029;1224
1633;2033;1221
1635;2031;1217
1636;2030;1225
1635;2034;1204
1636;2029;1201
1636;2033;1200
1631;2030;1208
1637;2024;1204
1638;2029;1210
1635;2034;1215
1637;2033;1220
1638;2032;1209
1634;2031;1213
1634;2034;1210
1635;2036;1211
1635;2033;1203
1636;2034;1205
1635;2035;1197
1634;2035;1207
1635;2031;1209
1635;2029;1211
1635;2035;1222
1637;2031;1212
1635;2031;1225
1635;2031;1215
1635;2035;1215
1638;2027;1210
1638;2031;1200
1637;2034;1202
1634;2031;1199
1638;2031;1209
1631;2030;1213
1634;2032;1209
1631;2033;1214
1635;2036;1221
1638;2030;1210
1634;2033;1215
1636;2035;1211
1635;2048;1207
1635;2031;1212
1635;2029;1204
1636;2029;1202
1636;2030;1215
1635;2029;1211
1638;2028;1220
1636;2033;1203
1637;2031;1222
1636;2034;1229
1635;2029;1224
1635;2030;1225
1637;2031;1218
1635;2031;1213
1634;2035;1201
1634;2034;1215
1634;2036;1205
1633;2033;1204
1633;2035;1221
1633;2035;1217
1636;2033;1211
1634;2029;1219
1636;2031;1214
1634;2033;1214
1638;2029;1209
1634;2032;1221
1634;2027;1215
1635;2031;1205
1635;2033;1201
1633;2027;1209
1635;2037;1214
1635;2031;1223
1633;2035;1215
1635;2026;1213
1635;2034;1218
1637;2035;1221
1638;2035;1210
1637;2034;1215
1636;2036;1211
1635;2031;1208
1634;2030;1206
1637;2029;1204
1638;2034;1223
1636;2032;1218
1632;2029;1211
1635;2031;1220
1639;2026;1224
1637;2033;1223
1633;2033;1221
1634;2031;1221
1637;2033;1212
1636;2039;1205
1635;2034;1210
1635;2033;1213
1636;2035;1205
1635;2031;1223
1638;2037;1207
1636;2035;1222
1633;2031;1217
1635;2034;1222
1636;2037;1220
1636;2031;1211
1637;2031;1214
1635;2030;1213
1637;2030;1215
1637;2033;1204
1634;2029;1213
1635;2031;1211
1636;2033;1218
1637;2032;1221
1636;2031;1211
1636;2034;1219
1634;2031;1215
1635;2033;1220
1637;2037;1219
1636;2031;1210
1634;2034;1209
1636;2037;1219
1635;2033;1217
1636;2033;1221
1634;2033;1226
1635;2031;1218
1635;2030;1217
1635;2033;1222
1637;2029;1223
1636;2030;1223
1634;2031;1221
1634;2035;1211
1634;2030;1211
1634;2031;1220
1635;2034;1210
1635;2035;1212
1632;2033;1216
1635;2028;1210
1636;2035;1211
1638;2030;1228
1637;2036;1219
1633;2036;1229
1635;2033;1223
1635;2034;1224
1633;2037;1215
1635;2028;1216
1634;2031;1220
1634;2031;1205
1635;2027;1225
1635;2032;1217
1636;2029;1225
1636;2030;1222
1635;2031;1227
1635;2030;1235
1633;2031;1226
1634;2031;1223
1635;2034;1220
1634;2033;1221
1635;2035;1214
1636;2033;1214
1635;2036;1222
1635;2034;1227
1631;2032;1211
1635;2031;1224
1637;2034;1227
1636;2031;1237
1635;2034;1222
1637;2033;1221
1634;2029;1222
1635;2029;1217
1636;2030;1219
1638;2029;1222
1633;2031;1215
1635;2034;1226
1639;2034;1219
1635;2036;1222
1635;2035;1233
1636;2031;1238
1637;2039;1239
1637;2034;1229
1631;2034;1233
1635;2032;1237
1633;2035;1219
1633;2030;1215
1636;2031;1226
1633;2034;1234
1635;2031;1223
1637;2031;1229
1635;2030;1241
1634;2031;1236
1636;2037;1243
1635;2031;1229
1637;2034;1226
1636;2031;1226
1635;2031;1225
1634;2031;1229
1633;2031;1226
1635;2035;1237
1634;2033;1231
1633;2031;1237
1636;2037;1236
1636;2036;1234
1635;2031;1231
1636;2034;1221
1635;2031;1221
1635;2033;1219
1635;2034;1224
1636;2030;1225
1637;2031;1233
1634;2031;1225
1636;2029;1227
1635;2031;1230
1634;2033;1231
1634;2035;1225
1639;2030;1216
1638;2033;1211
1635;2037;1204
1634;2033;1215
1635;2033;1211
1635;2033;1212
1635;2034;1218
1635;2034;1217
1633;2028;1221
1635;2034;1215
1634;2031;1215
1639;2032;1206
1634;2039;1207
1631;2030;1208
1637;2033;1204
1634;2031;1205
1636;2029;1220
1634;2031;1216
1633;2033;1205
1634;2035;1217
1633;2028;1216
1636;2035;1216
1635;2037;1200
1637;2034;1199
1636;2028;1197
1634;2031;1199
1637;2033;1205
1635;2031;1215
1635;2034;1207
1635;2037;1215
1635;2033;1213
1635;2032;1211
1634;2031;1220
1636;2031;1211
1636;2029;1211
1634;2032;1204
1637;2033;1193
1633;2031;1201
1634;2032;1204
1635;2032;1214
1633;2030;1207
1635;2036;1206
1635;2035;1215
1633;2035;1219
1633;2033;1215
1636;2035;1214
1634;2035;1213
1638;2039;1207
1635;2034;1209
1636;2032;1215
1635;2035;1205
1636;2033;1223
1635;2032;1215
1633;2030;1215
1637;2032;1229
1631;2029;1223
1636;2034;1227
1632;2029;1213
1634;2031;1213
1634;2033;1202
1636;2032;1215
1636;2034;1209
1636;2039;1214
1633;2035;1215
1634;2035;1201
1634;2037;1215
1633;2023;1217
1634;2037;1231
1634;2036;1239
1635;2033;1233
1636;2035;1219
1634;2031;1222
1635;2034;1215
1633;2034;1209
1635;2034;1215
1637;2029;1223
1637;2031;1231
1633;2027;1224
1635;2027;1233
1635;2032;1235
1635;2035;1227
1634;2033;1232
1632;2033;1218
1635;2039;1204
1636;2035;1216
1637;2036;1211
1634;2034;1222
1636;2033;1221
1633;2033;1237
1634;2031;1221
1636;2034;1221
1635;2033;1231
1635;2032;1245
1636;2029;1230
1636;2036;1227
1636;2033;1229
1635;2034;1219
1635;2034;1216
1635;2034;1214
1636;2031;1223
1634;2032;1223
1637;2031;1218
1635;2031;1227
1635;2034;1225
1635;2035;1235
1635;2031;1239
1631;2034;1230
1634;2034;1218
1638;2035;1223
1634;2034;1213
1636;2036;1218
1638;2034;1233
1633;2031;1229
1637;2027;1251
1635;2031;1244
1634;2031;1226
1634;2033;1242
1635;2033;1229
1635;2034;1223
1633;2037;1220
1635;2034;1222
1633;2027;1214
1632;2031;1220
1636;2036;1231
1636;2039;1237
1633;2037;1237
1634;2031;1239
1633;2034;1250
1633;2036;1241
1635;2035;1236
1636;2032;1229
1634;2033;1222
1631;2032;1224
1637;2035;1226
1635;2032;1224
1633;2033;1228
1633;2033;1231
1635;2033;1234
1632;2031;1239
1634;2031;1242
1634;2032;1237
1635;2032;1230
1636;2031;1234
1631;2034;1226
1635;2033;1228
1634;2038;1231
1635;2033;1222
1637;2035;1222
1632;2035;1222
1635;2035;1242
1634;2036;1241
1639;2023;1231
1635;2034;1245
1637;2035;1239
1633;2031;1236
1634;2027;1222
1635;2039;1223
1637;2031;1217
1636;2035;1213
1637;2029;1230
1634;2033;1238
1637;2031;1244
1637;2031;1232
1634;2034;1243
1634;2036;1220
1635;2034;1238
1636;2033;1229
1635;2038;1222
1635;2035;1218
1633;2033;1220
1634;2032;1219
1635;2035;1223
1638;2031;1235
1635;2030;1234
1635;2033;1229
1633;2033;1239
1635;2032;1235
1634;2048;1229
1633;2031;1214
1636;2034;1211
1633;2034;1214
1635;2034;1218
1634;2036;1227
1633;2035;1223
1634;2034;1232
1636;2033;1233
1637;2029;1227
1637;2032;1230
1636;2031;1230
1635;2035;1225
1636;2033;1221
1636;2034;1221
1636;2031;1213
1635;2031;1220
1636;2031;1224
1635;2031;1230
1636;2031;1232
1635;2029;1226
1635;2031;1227
1635;2032;1213
1634;2038;1225
1634;2035;1227
1636;2028;1217
1631;2033;1206
1637;2033;1204
1637;2031;1215
1633;2034;1220
1634;2033;1225
1634;2037;1231
1633;2033;1227
1637;2032;1218
1635;2029;1226
1633;2034;1236
1635;2033;1223
1634;2034;1218
1635;2029;1215
1637;2027;1209
1634;2033;1215
1635;2030;1221
1635;2034;1218
1633;2029;1221
1632;2035;1215
1637;2035;1210
1634;2036;1207
1634;2030;1218
1636;2034;1209
1633;2035;1205
1634;2031;1204
1635;2034;1207
1634;2037;1212
1635;2034;1216
1634;2033;1220
1635;2035;1221
1635;2032;1221
1633;2034;1219
1635;2033;1204
1634;2031;1213
1636;2031;1203
1634;2033;1204
1635;2034;1202
1635;2033;1204
1636;2036;1218
1634;2031;1209
1636;2035;1210
1635;2037;1215
1635;2035;1210
1636;2031;1218
1634;2037;1213
1635;2035;1204
1635;2035;1204
1634;2036;1206
1635;2031;1202
1635;2034;1210
1635;2031;1209
1635;2031;1231
1635;2031;1219
1633;2033;1223
1636;2031;1219
1635;2032;1212
1635;2032;1217
1634;2030;1215
1631;2033;1200
1634;2033;1203
1635;2031;1203
1635;2031;1203
1635;2034;1229
1634;2034;1221
1635;2037;1222
1634;2036;1227
1633;2037;1219
1635;2031;1214
1636;2033;1215
1633;2033;1208
1635;2035;1210
1637;2033;1207
1637;2035;1207
1637;2034;1215
1635;2035;1223
1637;2029;1230
1634;2031;1222
1631;2032;1229
1637;2033;1221
1633;2034;1215
1633;2038;1218
1634;2035;1207
1635;2032;1218
1632;2031;1202
1636;2033;1218
1637;2035;1229
1633;2033;1235
1634;2033;1227
1635;2033;1233
1633;2032;1222
1635;2036;1229
1632;2031;1223
1635;2033;1221
1635;2035;1214
1637;2031;1217
1634;2031;1209
1635;2031;1221
1635;2035;1219
1634;2031;1216
1631;2035;1231
1633;2034;1228
1634;2035;1223
1637;2032;1229
1637;2032;1233
1634;2038;1223
1633;2035;1213
1634;2036;1222
1636;2033;1217
1635;2031;1212
1633;2033;1215
1636;2034;1224
1634;2033;1234
1636;2036;1221
1636;2031;1223
1634;2031;1225
1639;2029;1235
1637;2038;1229
1633;2029;1224
1633;2030;1205
1634;2031;1214
1633;2030;1213
1634;2037;1209
1633;2031;1217
1634;2034;1223
1634;2035;1221
1635;2036;1234
1635;2037;1226
1635;2032;1228
1636;2034;1230
1637;2036;1224
1635;2030;1221
1633;2034;1215
1637;2031;1215
1637;2033;1209
1635;2031;1204
1635;2032;1205
1633;2031;1209
1635;2032;1226
1638;2036;1218
1634;2033;1223
1636;2033;1218
1633;2040;1227
1638;2034;1233
1635;2032;1226
1635;2033;1215
1633;2037;1218
1631;2048;1212
1634;2038;1220
1638;2034;1213
1632;2035;1231
1635;2034;1214
1637;2029;1221
1635;2030;1229
1635;2033;1233
1637;2033;1230
1634;2035;1225
1635;2031;1220
1634;2035;1217
1633;2033;1204
1634;2037;1223
1633;2033;1237
1640;2034;1229
1633;2034;1230
1637;2035;1233
1633;2034;1243
1634;2035;1215
1633;2037;1231
1633;2048;1225
1635;2036;1225
1634;2034;1218
1634;2034;1211
1637;2033;1217
1634;2034;1221
1636;2031;1233
1636;2033;1238
1633;2030;1236
1634;2048;1244
1636;2029;1244
1635;2031;1225
1634;2033;1236
1635;2037;1219
1635;2031;1223
1631;2040;1230
1633;2034;1226
1635;2035;1230
1634;2036;1239
1634;2035;1233
1634;2039;1229
1637;2035;1231
1635;2033;1253
1635;2033;1242
1635;2034;1227
1633;2031;1233
1633;2034;1228
1635;2029;1220
1633;2036;1224
1635;2029;1229
1632;2030;1230
1634;2035;1238
1635;2029;1245
1636;2036;1239
1633;2033;1245
1633;2038;1236
1635;2035;1227
1639;2034;1227
1631;2034;1220
1633;2033;1222
1634;2035;1223
1635;2034;1231
1635;2037;1239
1631;2034;1239
1633;2033;1250
1636;2033;1251
1634;2033;1236
1634;2034;1229
1633;2034;1234
1634;2030;1223
1633;2031;1223
1635;2033;1228
1634;2032;1223
1636;2039;1229
1631;2034;1232
1631;2035;1238
1636;2035;1242
1634;2039;1237
1632;2036;1223
1634;2035;1237
1634;2036;1229
1635;2035;1234
1633;2035;1217
1631;2033;1222
1635;2035;1225
1630;2031;1223
1637;2034;1236
1635;2029;1241
1634;2034;1236
1634;2036;1251
1634;2034;1237
1635;2034;1230
1636;2035;1243
1635;2034;1225
1634;2034;1228
1639;2035;1213
1636;2037;1225
1635;2048;1221
1635;2035;1238
1634;2031;1230
1636;2035;1239
1634;2048;1237
1635;2034;1238
1634;2035;1241
1633;2031;1231
1634;2033;1220
1636;2031;1223
1633;2035;1222
1634;2031;1215
1634;2031;1228
1636;2037;1227
1631;2048;1235
1636;2035;1235
1631;2032;1232
1635;2029;1234
1631;2037;1235
1632;2037;1231
1636;2039;1225
1635;2031;1225
1634;2035;1222
1635;2031;1226
1634;2035;1229
1634;2033;1231
1633;2029;1229
1634;2033;1224
1637;2033;1243
1638;2035;1241
1634;2032;1237
1637;2038;1240
1635;2031;1238
1631;2027;1236
1635;2031;1240
1635;2027;1221
1636;2037;1225
1633;2034;1225
1633;2034;1212
1637;2031;1220
1634;2039;1201
1633;2039;1211
1635;2032;1189
1636;2031;1207
1635;2031;1209
1635;2031;1212
1635;2030;1211
1635;2033;1210
1645;2029;1215
1635;2036;1215
1636;2031;1220
1635;2032;1215
1634;2027;1214
1634;2033;1225
1636;2033;1238
1633;2031;1220
1634;2031;1219
1634;2034;1224
1633;2036;1203
1634;2035;1224
1634;2036;1221
1634;2031;1215
1635;2033;1220
1635;2033;1221
1633;2034;1225
1633;2033;1226
1634;2034;1235
1637;2034;1223
1635;2033;1242
1631;2030;1239
1635;2031;1245
1634;2029;1219
1633;2023;1236
1633;2031;1227
1636;2033;1223
1635;2036;1214
1637;2035;1215
1633;2034;1216
1631;2034;1204
1634;2030;1206
1639;2037;1206
1634;2031;1201
1633;2035;1209
1635;2032;1216
1636;2037;1217
1637;2031;1217
1635;2030;1206
1635;2034;1213
1634;2027;1211
1633;2029;1218
1636;2029;1233
1635;2034;1223
1633;2032;1219
1635;2029;1212
1637;2036;1217
1633;2036;1211
1634;2033;1222
1634;2033;1227
1634;2031;1207
1635;2033;1228
1638;2036;1216
1635;2031;1227
1632;2031;1225
1635;2034;1230
1635;2031;1236
1635;2033;1236
1632;2033;1247
1635;2031;1229
1636;2032;1231
1634;2031;1227
1632;2031;1259
1635;2029;1229
1632;2031;1227
1635;2031;1231
1635;2030;1227
1634;2031;1219
1633;2034;1206
1634;2039;1207
1633;2030;1206
1635;2036;1206
1634;2034;1216
1634;2033;1212
1634;2037;1220
1635;2031;1216
1634;2037;1228
1635;2033;1229
1634;2034;1225
1631;2027;1222
1635;2029;1220
1633;2037;1213
1631;2032;1211
1633;2031;1202
1636;2034;1202
1634;2034;1206
1634;2026;1200
1632;2033;1204
1634;2031;1202
1633;2037;1214
1634;2033;1212
1631;2030;1225
1635;2032;1218
1636;2034;1225
1633;2029;1227
1633;2031;1225
1636;2034;1239
1634;2035;1235
1635;2028;1241
1633;2030;1237
1635;2030;1233
1633;2030;1231
1634;2034;1221
1635;2048;1219
1634;2031;1230
1634;2027;1215
1631;2031;1215
1634;2035;1215
1631;2036;1216
1635;2036;1241
1634;2031;1211
1636;2033;1231
1633;2035;1224
1635;2038;1234
1634;2034;1230
1635;2031;1218
1637;2035;1226
1633;2035;1222
1633;2037;1214
1631;2032;1214
1634;2028;1205
1635;2031;1222
1635;2033;1208
1635;2030;1197
1635;2036;1208
1635;2029;1207
1635;2033;1210
1634;2034;1221
1633;2034;1215
1634;2041;1230
1635;2035;1229
1634;2035;1217
1634;2034;1216
1635;2031;1215
1635;2037;1229
1633;2035;1228
1634;2034;1224
1633;2031;1214
1636;2036;1220
1633;2030;1215
1636;2031;1225
1636;2029;1217
1633;2030;1221
1631;2031;1229
1635;2028;1226
1634;2031;1239
1634;2031;1235
1633;2030;1234
1632;2036;1253
1637;2041;1235
1633;2038;1234
1636;2030;1228
1635;2035;1226
1634;2035;1220
1633;2034;1221
1634;2033;1226
1634;2032;1217
1635;2033;1226
1635;2034;1231
1636;2031;1218
1635;2030;1227
1632;2029;1229
1637;2031;1235
1636;2033;1230
1633;2033;1229
1634;2035;1217
1634;2029;1213
1635;2030;1212
1635;2039;1220
1634;2036;1216
1636;2031;1210
1632;2034;1202
1634;2035;1199
1631;2033;1205
1636;2039;1218
1626;2031;1204
1633;2034;1216
1634;2035;1218
1637;2032;1220
1635;2029;1216
1635;2027;1214
1636;2034;1214
1635;2033;1215
1632;2029;1204
1633;2034;1210
1634;2034;1200
1634;2026;1197
1633;2033;1208
1634;2036;1199
1633;2036;1207
1634;2026;1207
1634;2038;1227
1633;2027;1220
1636;2039;1230
1636;2035;1224
1634;2026;1218
1635;2037;1231
1635;2039;1233
1635;2030;1226
1634;2029;1216
1635;2031;1216
1633;2034;1209
1637;2030;1221
1635;2028;1227
1632;2031;1213
1633;2030;1224
1633;2031;1236
1634;2033;1235
1635;2037;1235
1635;2029;1231
1633;2035;1245
1635;2034;1249
1637;2034;1258
1635;2036;1242
1633;2038;1227
1635;2034;1231
1634;2034;1236
1634;2030;1224
1634;2034;1219
1634;2035;1220
1635;2018;1214
1634;2026;1207
1634;2048;1219
1635;2048;1211
1634;2025;1218
1636;2031;1223
1633;2031;1212
1633;2029;1214
1633;2037;1220
1634;2031;1219
1635;2035;1222
1635;2036;1218
1632;2032;1213
1635;2037;1219
1634;2031;1203
1633;2031;1207
1633;2037;1205
1634;2032;1208
1633;2029;1217
1635;2033;1210
1634;2024;1215
1633;2032;1213
1635;2035;1227
1636;2028;1221
1631;2030;1227
1635;2033;1230
1633;2028;1225
1636;2029;1216
1637;2037;1224
1635;2032;1227
1635;2031;1209
1635;2035;1229
1635;2034;1224
1635;2038;1231
1635;2036;1213
1633;2035;1221
1631;2036;1221
1633;2033;1225
1634;2028;1231
1631;2033;1229
1632;2036;1239
1635;2033;1236
1634;2031;1235
1633;2033;1230
1634;2031;1228
1634;2031;1227
1634;2037;1232
1635;2035;1220
1634;2033;1227
1634;2031;1233
1633;2031;1218
1633;2033;1231
1634;2048;1232
1626;2033;1235
1634;2041;1240
1636;2037;1236
1631;2034;1227
1634;2040;1217
1637;2034;1219
1632;2034;1223
1636;2031;1224
1633;2029;1220
1633;2029;1230
1636;2048;1255
1635;2035;1239
1634;2023;1228
1637;2033;1239
1637;2034;1231
1637;2028;1232
1634;2031;1230
1637;2024;1226
1635;2039;1214
1631;2030;1227
1634;2033;1231
1636;2038;1224
1633;2035;1238
1634;2037;1241
1635;2039;1244
1636;2031;1240
1635;2029;1234
1633;2037;1228
1634;2017;1223
1635;2031;1217
1635;2035;1214
1636;2033;1225
1637;2038;1225
1633;2031;1219
1633;2031;1230
1635;2039;1237
1635;2029;1233
1633;2019;1231
1636;2040;1213
1634;2048;1199
1635;2029;1226
1634;2027;1219
1633;2035;1225
1635;2048;1225
1634;2033;1222
1634;2023;1218
1631;2033;1231
1636;2048;1243
1634;2034;1229
1635;2031;1216
1636;2035;1213
1635;2031;1210
1635;2033;1212
1633;2029;1208
1635;2037;1209
1634;2035;1223
1633;2035;1224
1634;2037;1223
1633;2037;1237
1632;2029;1229
1635;2037;1225
1635;2035;1227
1636;2034;1206
1634;2033;1212
1635;2030;1212
1635;2039;1214
1633;2040;1219
1636;2038;1212
1634;2030;1216
1635;2037;1226
1633;2038;1223
1635;2025;1224
1637;2039;1223
1635;2029;1213
1635;2013;1205
1634;2033;1205
1633;2048;1213
1637;2048;1215
1635;2033;1211
1637;2031;1216
1637;2037;1222
1633;2039;1215
1635;2035;1225
1635;2033;1225
1636;2031;1229
1635;2034;1214
1630;2038;1215
1636;2033;1215
1637;2037;1197
1634;2034;1207
1635;2028;1198
1635;2031;1215
1637;2034;1212
1634;2036;1219
1635;2030;1215
1636;2031;1226
1635;2040;1221
1634;2030;1214
1633;2031;1199
1635;2037;1207
1636;2039;1210
1634;2037;1208
1636;2034;1211
1635;2039;1213
1636;2035;1227
1637;2037;1229
1632;2029;1224
1635;2048;1227
1635;2033;1227
1637;2033;1211
1635;2034;1216
1633;2033;1210
1635;2029;1215
1632;2027;1210
1634;2038;1205
1635;2038;1227
1636;2023;1220
1635;2040;1224
1636;2048;1227
1634;2031;1227
1637;2041;1225
1635;2011;1204
1637;2055;1192
1635;2037;1225
1636;2035;1225
1635;2033;1221
1631;2031;1212
1636;2028;1213
1634;2034;1223
1635;2037;1221
1636;2033;1226
1634;2029;1230
1631;2035;1230
1636;2037;1217
1635;2037;1210
1633;2029;1208
1635;2033;1208
1635;2035;1227
1635;2048;1207
1635;2039;1227
1637;2035;1229
1633;2033;1229
1634;2028;1230
1634;2031;1226
1635;2035;1228
1634;2041;1230
1635;2048;1215
1634;2033;1207
1637;2029;1211
1636;2036;1228
1633;2031;1211
1635;2027;1231
1631;2029;1221
1633;2035;1232
1634;2049;1230
1634;2041;1241
1633;2029;1220
1634;2029;1223
1634;2035;1219
1634;2031;1222
1637;2039;1218
1635;2033;1230
1635;2048;1206
1636;2036;1213
1634;2036;1231
1635;2041;1226
1635;2048;1227
1636;2023;1226
1634;2033;1233
1636;2018;1226
1633;2048;1227
1636;2048;1219
1635;2034;1219
1634;2033;1208
1633;2037;1219
1635;2031;1226
1635;2037;1221
1638;2035;1211
1635;2039;1243
1634;2020;1239
1634;2037;1236
1633;2041;1242
1634;2037;1229
1635;2034;1219
1633;2029;1219
1633;2025;1221
1635;2048;1234
1631;2040;1235
1635;2031;1244
1637;2029;1231
1634;2021;1230
1635;2033;1232
1632;2033;1228
1635;2040;1220
1634;2033;1231
1635;2027;1231
1634;2031;1219
1632;2039;1231
1633;2029;1239
1634;2029;1243
1634;2033;1235
1636;2038;1249
1631;2037;1238
1633;2029;1239
1635;2038;1227
1635;2025;1225
1631;2037;1229
1636;2039;1196
1634;2033;1237
1634;2031;1229
1633;2023;1233
1635;2033;1226
1632;2013;1227
1634;2048;1254
1635;2048;1253
1635;2030;1222
1638;2029;1227
1633;2036;1226
1634;2038;1230
1634;2031;1221
1634;2035;1226
1634;2034;1214
1633;2031;1213
1636;2034;1247
1633;2024;1252
1633;2022;1236
1636;2033;1233
1631;2034;1232
1629;2034;1220
1633;2031;1206
1633;2025;1226
1632;2027;1210
1634;2031;1219
1633;2031;1215
1633;2037;1223
1636;2033;1231
1633;2033;1254
1634;2038;1226
1633;2037;1210
1633;2033;1207
1631;2019;1211
1634;2037;1215
1634;2019;1218
1634;2036;1213
1635;2048;1215
1634;2023;1221
1630;2048;1224
1632;2041;1225
1635;2026;1219
1633;2017;1229
1634;2038;1220
1633;2034;1188
1636;2038;1207
1631;2031;1207
1633;2022;1197
1634;2037;1203
1634;2011;1210
1633;2035;1227
1633;2037;1217
1633;2027;1226
1634;2036;1211
1633;2027;1209
1633;2034;1225
1635;2048;1213
1633;2034;1204
1632;2023;1207
1635;2031;1211
1634;2031;1211
1633;2030;1211
1637;2034;1209
1632;2024;1235
1633;2035;1227
1634;2030;1227
1635;2029;1218
1631;2034;1213
1634;2024;1221
1633;2030;1209
1633;2018;1218
1635;2037;1221
1633;2034;1211
1633;2048;1221
1634;2035;1241
1634;2033;1236
1633;2048;1231
1627;2031;1225
1634;2028;1223
1633;2016;1221
1635;2048;1215
1631;2038;1223
1633;2022;1226
1632;2035;1237
1631;2029;1220
1634;2034;1239
1631;2038;1241
1632;2037;1233
1634;2020;1234
1633;2038;1231
1634;2038;1227
1633;2033;1219
1633;2036;1225
1631;2027;1224
1635;2029;1236
1633;2048;1243
1633;2024;1236
1631;2048;1236
1635;2031;1244
1633;2031;1238
1632;2031;1228
1634;2037;1211
1631;2031;1229
1635;2027;1227
1635;2032;1231
1634;2039;1235
1631;2031;1240
1635;2029;1232
1635;2027;1229
1631;2031;1245
1633;2027;1243
1633;2039;1224
1634;2028;1219
1634;2031;1229
1630;2029;1215
1633;2037;1223
1633;2030;1217
1633;2034;1233
1634;2033;1247
1634;2031;1220
1634;2034;1231
1633;2036;1235
1633;2025;1226
1632;2028;1220
1634;2035;1215
1631;2030;1215
1630;2036;1207
1634;2027;1219
1630;2027;1208
1632;2034;1223
1633;2035;1230
1631;2037;1225
1633;2035;1218
1631;2023;1209
1635;2033;1235
1634;2048;1224
1631;2037;1215
1634;2037;1207
1630;2003;1215
1635;2033;1215
1633;2036;1225
1631;2034;1229
1632;2033;1230
1634;2029;1234
1631;2026;1218
1634;2019;1212
1635;2048;1192
1633;2029;1231
1631;2028;1199
1630;2026;1213
1631;2048;1204
1631;2041;1204
1631;2030;1226
1633;2023;1231
1634;2015;1220
1634;2039;1223
1635;2039;1221
1630;2036;1225
1636;2031;1215
1634;2022;1221
1631;2036;1213
1634;2041;1207
1634;2031;1206
1632;2029;1215
1634;2029;1211
1634;2029;1196
1631;2035;1230
1634;2031;1232
1633;2027;1219
1633;2032;1210
1631;2048;1232
1632;2025;1217
1633;2030;1215
1631;2039;1213
1634;2037;1211
1631;2033;1205
1633;2030;1213
1632;2035;1217
1633;2033;1226
1632;2035;1220
1632;2035;1223
1634;2031;1211
1631;2030;1213
1635;2006;1213
1635;2054;1220
1633;2027;1214
1634;2041;1199
1631;2034;1207
1632;2033;1209
1639;2026;1214
1631;2032;1228
1633;2031;1215
1632;2027;1226
1634;2031;1205
1631;2040;1219
1631;2037;1219
1634;2036;1217
1634;2031;1214
1634;2039;1214
1631;2021;1204
1634;2033;1218
1633;2035;1227
1631;2020;1219
1630;2036;1232
1633;2026;1216
1631;2033;1216
1635;2048;1227
1634;2031;1195
1635;2030;1211
1632;2033;1206
1633;2029;1208
1629;2033;1231
1634;2036;1218
1632;2027;1229
1633;2042;1235
1634;2037;1225
1633;2029;1231
1631;2036;1228
1630;2023;1230
1632;2024;1212
1631;2036;1215
1631;2033;1211
1632;2031;1230
1635;2033;1247
1633;2029;1250
1632;2027;1241
1630;2027;1241
1632;2035;1238
1634;2033;1232
1631;2035;1213
1634;2033;1219
1633;2030;1228
1631;2032;1232
1635;2036;1227
1634;2036;1239
1633;2039;1253
1633;2026;1255
1633;2029;1231
1634;2038;1237
1632;2048;1249
1633;2027;1234
1631;2023;1231
1634;2018;1218
1633;2036;1235
1634;2038;1227
1639;2029;1223
1633;2035;1249
1634;2031;1234
1633;2033;1236
1631;2039;1228
1631;2037;1239
1631;2029;1236
1629;2018;1227
1632;2048;1219
1631;2034;1221
1633;2033;1223
1631;2031;1236
1629;2036;1240
1633;2031;1227
1634;2031;1238
1632;2031;1245
1633;2035;1222
1634;2033;1231
1631;2033;1223
1633;2031;1211
1633;2029;1223
1633;2036;1225
1630;2022;1216
1634;2036;1223
1634;2037;1227
1632;2032;1227
1631;2031;1228
1631;2035;1226
1631;2033;1217
1633;2033;1212
1633;2029;1221
1633;2034;1218
1635;2035;1221
1631;2029;1217
1631;2031;1231
1635;2015;1226
1633;2027;1230
1631;2029;1241
1631;2035;1229
1634;2034;1225
1631;2022;1201
1631;2034;1205
1632;2037;1214
1632;2020;1218
1629;2031;1208
1632;2037;1210
1630;2037;1211
1633;2031;1221
1631;2033;1225
1632;2037;1224
1633;2032;1230
1634;2035;1224
1634;2017;1213
1633;2036;1211
1633;2029;1222
1631;2037;1213
1631;2038;1212
1635;2029;1203
1631;2037;1214
1631;2030;1215
1631;2031;1223
1632;2033;1219
1631;2034;1225
1631;2033;1217
1632;2038;1217
1632;2030;1212
1628;2034;1196
1632;2035;1215
1631;2037;1201
1632;2041;1195
1634;2037;1223
1631;2022;1223
1625;2036;1216
1633;2031;1216
1634;2022;1219
1630;2037;1228
1631;2048;1214
1633;2028;1210
1630;2031;1214
1632;2033;1208
1632;2028;1208
1629;2031;1208
1630;2037;1203
1631;2029;1215
1634;2033;1215
1630;2027;1228
1632;2038;1226
1633;2036;1207
1631;2030;1217
1632;2034;1221
1631;2048;1202
1634;2037;1207
1633;2034;1209
1631;2028;1210
1631;2033;1211
1633;2035;1217
1633;2036;1230
1631;2030;1226
1631;2031;1218
1631;2030;1221
1631;2032;1219
1633;2033;1210
1631;2033;1202
1631;2029;1208
1632;2035;1215
1633;2033;1207
1633;2029;1207
1630;2033;1216
1631;2029;1223
1630;2039;1224
1631;2035;1220
1631;2037;1225
1629;2040;1208
1633;2028;1216
1631;2033;1209
1632;2029;1214
1632;2027;1209
1636;2035;1204
1631;2037;1214
1633;2033;1213
1631;2021;1217
1631;2048;1222
1632;2031;1215
1631;2031;1217
1633;2034;1222
1631;2037;1215
1629;2037;1216
1635;2034;1218
1631;2035;1203
1632;2037;1207
1633;2037;1213
1634;2034;1215
1629;2031;1217
1630;2031;1231
1635;2031;1223
1631;2035;1219
1634;2034;1223
1631;2031;1223
1632;2035;1204
1630;2035;1207
1633;2031;1213
1631;2032;1210
1631;2031;1199
1631;2036;1208
1631;2029;1215
1630;2034;1227
1630;2036;1219
1631;2032;1232
1633;2031;1215
1632;2035;1210
1629;2038;1221
1633;2037;1222
1631;2032;1215
1631;2033;1215
1630;2034;1214
1632;2035;1221
1631;2031;1239
1631;2035;1227
1631;2033;1228
1631;2033;1219
1631;2030;1227
1632;2031;1229
1629;2025;1208
1630;2036;1210
1632;2032;1211
1631;2033;1202
1631;2036;1215
1629;2039;1215
1632;2029;1215
1630;2032;1225
1633;2037;1222
1631;2034;1220
1631;2037;1220
1631;2036;1218
1631;2034;1214
1631;2035;1216
1631;2031;1217
1632;2033;1212
1631;2035;1208
1631;2033;1196
1632;2028;1224
1629;2035;1239
1631;2029;1226
1630;2031;1227
1632;2023;1224
1631;2048;1227
1633;2033;1218
1633;2048;1216
1629;2035;1221
1631;2032;1204
1633;2034;1210
1632;2034;1213
1631;2035;1224
1631;2033;1226
1630;2033;1228
1632;2036;1234
1632;2024;1223
1631;2035;1231
1631;2033;1223
1631;2033;1214
1639;2029;1213
1628;2028;1213
1631;2031;1210
1631;2034;1212
1631;2033;1208
1628;2035;1225
1633;2034;1218
1631;2031;1230
1631;2033;1219
1631;2037;1233
1630;2038;1226
1630;2035;1226
1631;2030;1218
1631;2033;1225
1632;2037;1212
1632;2037;1206
1631;2035;1217
1630;2031;1207
1631;2039;1219
1633;2033;1228
1631;2027;1231
1631;2034;1219
1630;2031;1216
1632;2033;1223
1632;2034;1220
1634;2035;1211
1631;2035;1219
1631;2034;1199
1632;2036;1205
1632;2034;1213
1633;2039;1215
1633;2035;1227
1631;2036;1214
1629;2031;1227
1629;2036;1221
1632;2037;1216
1630;2036;1222
1624;2031;1212
1630;2037;1202
1630;2025;1213
1631;2026;1204
1632;2031;1211
1629;2036;1210
1633;2033;1220
1629;2033;1221
1631;2033;1219
1629;2031;1216
1631;2033;1222
1630;2037;1220
1631;2031;1224
1635;2037;1217
1632;2033;1209
1631;2034;1217
1633;2034;1198
1631;2037;1216
1630;2034;1222
1631;2027;1226
1631;2034;1213
1628;2033;1221
1631;2030;1221
1630;2027;1235
1631;2027;1220
1630;2031;1219
1631;2037;1210
1631;2031;1208
1631;2031;1208
1631;2033;1217
1631;2034;1218
1631;2035;1222
1631;2036;1227
1631;2039;1219
1632;2032;1225
1631;2029;1221
1631;2031;1223
1631;2035;1230
1631;2031;1207
1628;2031;1217
1630;2031;1213
1631;2034;1203
1631;2027;1215
1631;2033;1229
1630;2034;1215
1630;2023;1219
1631;2038;1224
1631;2033;1227
1630;2031;1222
1631;2036;1215
1630;2031;1222
1631;2029;1214
1629;2036;1213
1631;2037;1210
1631;2035;1205
1631;2034;1220
1630;2031;1230
1631;2035;1221
1629;2032;1218
1633;2034;1226
1632;2027;1219
1631;2033;1213
1631;2031;1219
1632;2030;1211
1631;2033;1214
1631;2033;1208
1631;2031;1209
1628;2033;1219
1631;2034;1229
1630;2028;1228
1629;2040;1230
1631;2034;1228
1631;2036;1223
1629;2031;1219
1630;2034;1221
1630;2039;1213
1629;2025;1224
1634;2033;1211
1633;2039;1215
1637;2030;1221
1631;2029;1239
1632;2029;1223
1631;2026;1231
1628;2034;1229
1630;2035;1225
1631;2031;1226
1630;2034;1221
1630;2032;1210
1630;2033;1212
1625;2034;1223
1633;2037;1207
1624;2027;1218
1631;2035;1236
1630;2031;1230
1631;2029;1225
1631;2035;1235
1630;2037;1231
1631;2035;1217
1630;2029;1215
1629;2031;1227
1631;2031;1217
1630;2030;1214
1632;2028;1214
1632;2030;1215
1633;2030;1234
1630;2031;1228
1631;2033;1216
1628;2031;1230
1629;2034;1239
1630;2039;1225
1631;2039;1222
1631;2035;1215
1628;2033;1218
1634;2034;1207
1629;2029;1223
1630;2031;1217
1631;2031;1234
1629;2035;1227
1631;2034;1228
1631;2031;1234
1632;2029;1231
1631;2034;1240
1632;2033;1229
1629;2030;1222
1633;2034;1223
1631;2027;1221
1633;2029;1216
1630;2030;1223
1631;2031;1218
1631;2034;1239
1628;2035;1233
1630;2036;1227
1629;2032;1234
1630;2037;1231
1629;2032;1228
1630;2031;1229
1631;2034;1222
1631;2037;1224
1631;2026;1220
1629;2035;1211
1629;2031;1242
1631;2030;1231
1632;2029;1231
1632;2035;1236
1631;2034;1230
1631;2029;1238
1631;2037;1234
1635;2027;1230
1630;2037;1235
1630;2033;1225
1629;2034;1218
1631;2034;1213
1628;2035;1226
1632;2035;1233
1631;2034;1235
1632;2031;1237
1630;2031;1226
1629;2037;1247
1629;2037;1241
1630;2039;1221
1633;2028;1217
1631;2032;1221
1630;2031;1227
1632;2033;1223
1631;2026;1215
1629;2028;1237
1631;2027;1233
1630;2039;1227
1630;2036;1236
1629;2031;1232
1632;2037;1239
1629;2035;1233
1631;2037;1229
1631;2037;1234
1631;2035;1229
1630;2034;1221
1632;2035;1224
1629;2031;1225
1630;2029;1226
1631;2034;1226
1629;2031;1230
1631;2029;1236
1629;2030;1240
1629;2026;1234
1632;2029;1234
1631;2048;1234
1630;2038;1223
1630;2033;1219
1631;2031;1227
1629;2033;1238
1630;2031;1227
1627;2031;1238
1629;2032;1231
1629;2035;1242
1628;2027;1248
1631;2034;1232
1630;2036;1237
1623;2035;1241
1631;2033;1225
1630;2031;1225
1630;2031;1223
1631;2033;1230
1632;2029;1246
1633;2027;1245
1630;2040;1242
1628;2037;1241
1629;2028;1232
1629;2031;1223
1631;2035;1219
1631;2033;1227
1633;2036;1221
1631;2032;1236
1630;2031;1232
1626;2035;1234
1630;2035;1247
1629;2035;1240
1630;2034;1242
1630;2034;1239
1630;2034;1233
1631;2018;1226
1631;2030;1222
1629;2033;1219
1630;2029;1229
1627;2031;1229
1631;2029;1223
1629;2031;1228
1630;2030;1233
1630;2034;1227
1628;2031;1226
1631;2032;1229
1631;2031;1218
1631;2034;1218
1629;2034;1207
1631;2033;1216
1626;2031;1215
1630;2033;1221
1632;2036;1225
1629;2033;1232
1629;2028;1231
1627;2029;1223
1627;2033;1230
1629;2031;1224
1632;2029;1221
1630;2033;1206
1631;2034;1206
1629;2034;1215
1631;2032;1219
1633;2033;1224
1628;2031;1228
1629;2026;1231
1630;2040;1224
1631;2038;1222
1631;2033;1203
1632;2037;1221
1628;2033;1219
1631;2031;1212
1635;2030;1203
1630;2031;1215
1631;2039;1213
1632;2031;1216
1628;2034;1226
1631;2030;1217
1630;2032;1225
1630;2031;1223
1629;2029;1219
1629;2031;1217
1630;2031;1213
1633;2033;1217
1629;2031;1212
1630;2035;1219
1631;2033;1230
1632;2035;1232
1629;2031;1230
1630;2033;1235
1631;2037;1236
1630;2032;1229
1630;2034;1221
1631;2032;1219
1630;2034;1213
1634;2030;1217
1627;2034;1220
1631;2031;1236
1629;2028;1234
1633;2031;1242
1631;2034;1231
1633;2034;1236
1629;2035;1235
1630;2031;1224
1629;2033;1221
1632;2034;1226
1631;2034;1222
1631;2033;1217
1631;2033;1226
1631;2038;1241
1631;2030;1245
