1934;2030;1860
1933;2038;1842
1933;2035;1848
1933;2039;1862
1931;2037;1851
1932;2040;1826
1932;2037;1866
1932;2035;1844
1935;2033;1813
1931;2033;1840
1933;2035;1809
1935;2032;1902
1933;2036;1881
1933;2034;1887
1933;2035;1866
1934;2039;1867
1931;2038;1875
1929;2031;1879
1933;2028;1876
1933;2029;1853
1934;2039;1810
1932;2033;1808
1933;2030;1843
1933;2031;1938
1934;2034;1927
1933;2031;1919
1932;2035;1816
1931;2031;1900
1933;2039;1891
1933;2033;1843
1933;2031;1893
1931;2033;1937
1935;2037;1807
1930;2037;1854
1933;2033;1838
1931;2035;1831
1931;2035;2016
1933;2033;2019
1932;2033;1969
1934;2034;1997
1930;2027;1852
1934;2034;2027
1931;2032;1983
1932;2027;1873
1933;2033;1941
1930;2033;1958
1932;2033;1955
1931;2036;1862
1932;2035;1967
1930;2039;1957
1930;2033;1971
1931;2035;2033
1924;2031;1962
1933;2034;1910
1934;2029;1901
1930;2040;1860
1931;2037;1883
1934;2033;1861
1932;2037;1833
1931;2037;1843
1931;2036;1852
1940;2037;1869
1935;2035;1893
1930;2031;1912
1933;2035;1899
1931;2031;1896
1931;2034;1828
1938;2035;1874
1932;2034;1803
1933;2036;1914
1931;2036;1887
1931;2037;1854
1931;2035;1882
1933;2031;1869
1935;2039;1859
1933;2041;1860
1929;2048;1869
1931;2035;1960
1933;2029;1910
1933;2032;1856
1931;2030;1898
1931;2027;1973
1934;2030;1930
1933;2034;1901
1935;2033;1926
1933;2034;1818
1930;2034;1817
1931;2033;1813
1931;2035;1810
1933;2034;1823
1927;2037;1813
1933;2034;1824
1931;2033;1864
1934;2048;1839
1933;2033;2022
1933;2031;2021
1931;2031;1814
1932;2038;1839
1928;2029;1841
1933;2031;1833
1933;2034;1831
1934;2034;1814
1933;2032;1834
1937;2031;1845
1931;2036;1847
1930;2038;1859
1933;2034;1963
1933;2035;1944
1933;2032;1982
1933;2039;1877
1931;2036;1948
1932;2029;1959
1933;2035;1857
1933;2039;1845
1937;2036;1853
1931;2039;1947
1934;2036;1881
1932;2039;1835
1930;2037;1834
1933;2032;1875
1933;2028;1903
1932;2034;1834
1934;2031;1845
1935;2031;1922
1933;2035;1919
1929;2033;1969
1932;2031;1865
1935;2036;1883
1934;2031;1835
1933;2035;1841
1933;2040;1864
1931;2039;1846
1931;2035;1852
1931;2038;1847
1931;2038;1861
1931;2038;1839
1931;2033;1833
1931;2036;1865
1933;2031;1877
1931;2035;1860
1934;2029;1861
1932;2039;1803
1931;2031;1818
1933;2031;1802
1933;2035;1815
1933;2034;1812
1934;2029;1867
1935;2040;1823
1932;2035;1806
1930;2033;1823
1930;2031;1839
1932;2034;1858
1933;2033;1908
1931;2037;2027
1932;2030;1827
1933;2032;1892
1933;2033;1908
1930;2037;1873
1931;2034;1890
1933;2035;1879
1933;2036;1857
1932;2034;1859
1932;2037;1867
1933;2036;1856
1941;2034;1893
1933;2031;1861
1932;2033;1852
1933;2033;1799
1933;2033;1799
1933;2033;1813
1931;2034;1809
1933;2037;1805
1932;2026;1874
1933;2040;1852
1931;2031;1903
1933;2041;1866
1935;2035;1824
1932;2048;1854
1936;2032;1905
1933;2031;2010
1930;2035;1815
1931;2034;1807
1934;2034;1813
1932;2030;1956
1933;2028;1921
1933;2029;1892
1933;2030;1877
1931;2051;1866
1933;2034;1826
1931;2030;1889
1935;2034;1842
1931;2029;1890
1931;2037;1831
1932;2035;1825
1932;2038;1833
1933;2036;1954
1931;2033;1934
1932;2037;1910
1932;2033;1809
1932;2034;1821
1934;2031;1824
1934;2037;1905
1932;2032;1862
1934;2033;1989
1932;2035;1824
1934;2027;2019
1933;2037;1791
1933;2034;2025
1933;2034;1975
1932;2031;1821
1932;2035;1820
1931;2031;1822
1933;2033;1821
1931;2034;1830
1935;2035;1934
1935;2031;1841
1935;2030;2048
1933;2033;1880
1930;2037;1833
1933;2039;1823
1931;2037;2015
1933;2036;1982
1931;2030;1995
1933;2030;1961
1933;2029;1945
1933;2030;1850
1932;2031;1969
1935;2031;1923
1939;2034;1827
1931;2038;1864
1930;2038;1828
1932;2034;1839
1935;2034;1999
1931;2035;2025
1931;2039;1845
1933;2038;1853
1933;2034;1839
1933;2031;1971
1931;2032;1848
1932;2031;1843
1934;2030;2031
1931;2032;2029
1933;2031;1867
1935;2031;1855
1934;2031;1830
1932;2030;1829
1931;2038;1855
1933;2034;1837
1930;2035;1851
1937;2033;1845
1929;2034;2011
1932;2037;2018
1931;2031;1951
1932;2035;1869
1931;2039;1857
1933;2039;1846
1933;2031;1973
1933;2039;1935
1932;2039;1940
1930;2034;1981
1931;2033;2027
1931;2035;1834
1932;2036;1845
1927;2035;2017
1934;2029;1828
1932;2031;2000
1930;2029;1936
1933;2029;1941
1931;2037;1856
1933;2037;1911
1932;2037;1901
1930;2033;1952
1933;2034;1983
1933;2037;1862
1931;2037;1835
1933;2035;2014
1933;2041;2015
1931;2033;1991
1933;2033;1942
1935;2034;1886
1932;2033;1875
1932;2037;1858
1931;2036;1833
1933;2035;1826
1930;2026;1964
1931;2035;1856
1933;2037;1858
1930;2034;1856
1933;2035;1851
1930;2037;1850
1930;2031;1898
1932;2048;1850
1932;2031;1881
1934;2035;1912
1933;2039;1842
1931;2035;1875
1933;2034;1892
1932;2035;1923
1932;2034;1937
1933;2035;1943
1933;2033;1839
1932;2031;1843
1931;2048;1838
1930;2048;1887
1934;2034;1911
1933;2031;1829
1932;2039;1839
1933;2029;1837
1934;2048;1834
1931;2035;1856
1931;2041;1829
1933;2039;1839
1931;2037;1851
1931;2040;1861
1931;2037;1817
1931;2036;1881
1932;2034;1852
1933;2035;1859
1931;2037;1847
1933;2033;1802
1933;2033;1913
1933;2031;1870
1932;2033;1867
1931;2039;1845
1931;2034;1831
1933;2035;1819
1931;2029;1823
1932;2037;1825
1933;2031;1922
1933;2035;1843
1931;2035;1992
1932;2031;1829
1934;2034;1829
1933;2033;1815
1933;2035;1942
1932;2039;1899
1933;2031;1824
1931;2035;1830
1931;2033;1831
1935;2029;1845
1933;2031;1890
1933;2029;1996
1930;2033;1818
1931;2031;2017
1934;2027;2035
1932;2029;1979
1933;2029;1994
1933;2033;1832
1932;2039;1839
1931;2031;1855
1933;2032;1839
1932;2035;1827
1933;2031;1845
1929;2038;1825
1930;2048;1840
1932;2036;1839
1933;2034;1839
1933;2037;1850
1931;2034;1847
1931;2036;1844
1933;2036;1838
1933;2033;2017
1933;2033;1998
1933;2034;2006
1934;2033;2013
1930;2031;1846
1929;2038;1849
1932;2037;1825
1931;2034;1829
1933;2036;1838
1933;2035;1858
1931;2035;1989
1933;2038;1855
1933;2036;1845
1931;2033;1850
1930;2040;1834
1934;2037;1875
1933;2034;1901
1934;2033;1895
1932;2039;1835
1934;2038;1838
1935;2039;1834
1930;2035;1838
1931;2037;1857
1932;2036;1848
1931;2036;1849
1934;2035;1896
1929;2037;1926
1931;2036;1850
1931;2034;1873
1935;2037;1887
1935;2041;1856
1935;2033;1857
1934;2036;1857
1934;2039;1858
1933;2041;1851
1932;2033;1832
1932;2035;1879
1931;2033;1853
1929;2032;1840
1935;2039;1845
1930;2035;1905
1933;2032;1849
1933;2031;1852
1931;2037;1829
1931;2048;1805
1932;2036;1811
1932;2036;1803
1931;2035;1815
1933;2035;1817
1930;2035;1827
1931;2048;1817
1931;2034;1842
1931;2037;1821
1932;2035;1893
1931;2039;1846
1933;2031;1796
1935;2033;1817
1934;2033;1812
1949;2034;1874
1934;2027;1860
1933;2034;1872
1931;2037;1793
1932;2037;1812
1932;2032;1829
1931;2036;1818
1933;2035;1825
1934;2033;1868
1933;2031;1827
1931;2036;2025
1933;2034;1805
1935;2029;1825
1931;2037;1809
1935;2037;1900
1934;2038;1820
1931;2035;1953
1931;2034;1949
1933;2033;1940
1931;2030;1848
1933;2039;1805
1931;2034;1845
1930;2037;1981
1931;2034;2014
1933;2033;2037
1933;2034;1980
1931;2031;1953
1933;2036;1812
1932;2035;1986
1931;2036;1991
1934;2033;2015
1933;2031;1982
1930;2037;1827
1944;2037;2021
1933;2031;1839
1932;2036;1833
1935;2039;1833
1932;2037;1852
1933;2035;1845
1933;2033;2015
1933;2036;1995
1931;2037;2004
1933;2036;2019
1933;2031;2017
1938;2036;1882
1934;2035;1847
1931;2048;1842
1927;2037;1878
1934;2039;1846
1935;2036;1842
1933;2030;1852
1932;2035;1853
1932;2039;1849
1930;2039;1973
1933;2039;2001
1931;2035;1988
1931;2031;2006
1933;2035;1935
1932;2037;1935
1939;2037;1879
1931;2038;1893
1932;2037;1923
1933;2031;1943
1931;2039;1956
1932;2036;1850
1934;2038;1843
1932;2035;1839
1933;2036;1847
1932;2036;1839
1933;2033;1956
1927;2035;1853
1933;2032;1829
1933;2037;1854
1934;2037;1838
1933;2037;1824
1932;2034;1898
1931;2035;1910
1934;2037;1844
1934;2036;1838
1931;2036;1847
1933;2039;1843
1931;2034;1861
1930;2048;1845
1934;2036;1816
1930;2037;1811
1934;2033;1812
1941;2039;1815
1933;2037;1816
1935;2034;1819
1934;2036;1805
1928;2035;1817
1933;2039;1827
1931;2035;1855
1931;2037;1821
1932;2033;1832
1929;2035;1824
1931;2036;1934
1934;2036;1802
1932;2035;1822
1934;2037;1816
1931;2034;1866
1932;2037;1864
1933;2037;1897
1931;2033;1801
1932;2031;1905
1930;2038;1883
1933;2038;1818
1933;2033;2039
1935;2029;1811
1933;2033;1886
1933;2037;1804
1933;2033;1963
1932;2037;1815
1934;2037;1809
1934;2035;1960
1930;2033;1837
1932;2035;1823
1932;2034;1831
1933;2039;1836
1931;2036;2023
1933;2035;1825
1932;2037;1999
1934;2037;2011
1933;2032;1859
1934;2033;2007
1933;2037;1962
1932;2032;2019
1934;2037;2001
1935;2034;2019
1934;2031;2019
1931;2031;2026
1934;2037;1857
1933;2034;1823
1929;2036;1890
1932;2035;1985
1933;2037;1983
1932;2039;1851
1931;2036;1849
1931;2036;1841
1932;2033;1966
1931;2039;1991
1933;2041;1969
1932;2037;1974
1934;2036;1887
1931;2037;1963
1932;2038;1845
1933;2038;1835
1933;2035;1828
1929;2037;1883
1931;2037;1838
1929;2035;1833
1931;2037;1884
1932;2034;1870
1932;2038;1921
1932;2035;1909
1935;2034;1934
1931;2037;1855
1933;2035;1869
1931;2035;1983
1935;2033;1882
1933;2034;1851
1935;2031;1852
1934;2037;1837
1930;2048;1811
1935;2038;1851
1933;2048;1823
1932;2035;1843
1933;2036;1879
1933;2035;1826
1933;2035;2005
1932;2035;1889
1933;2033;1983
1935;2037;1886
1933;2029;1883
1933;2039;1805
1933;2039;1795
1933;2036;1819
1933;2035;1804
1932;2037;1833
1933;2039;1817
1934;2035;1815
1935;2031;1821
1933;2035;1989
1931;2039;1804
1935;2037;1822
1933;2031;1950
1933;2039;1810
1937;2036;1798
1933;2032;1804
1933;2037;1911
1932;2031;1811
1933;2033;1919
1933;2034;1915
1934;2036;1952
1935;2037;2021
1931;2037;1835
1935;2034;1810
1933;2037;1843
1931;2039;1827
1933;2038;1829
1935;2038;2013
1935;2034;1837
1933;2037;1820
1933;2033;1827
1933;2037;1805
1935;2036;1832
1933;2035;2048
1932;2037;1845
1931;2035;1970
1932;2035;1943
1934;2039;2015
1931;2036;2010
1933;2036;1846
1934;2038;1851
1932;2035;2018
1934;2037;1826
1933;2037;1839
1933;2034;1825
1935;2035;2025
1931;2036;1958
1933;2038;1928
1933;2036;2003
1933;2037;1971
1933;2036;2006
1931;2038;1848
1936;2038;1852
1934;2037;1825
1933;2033;2019
1932;2034;2027
1931;2032;1995
1933;2039;2024
1934;2035;1806
1933;2034;1836
1935;2039;1821
1932;2037;1822
1935;2048;1963
1931;2037;1969
1933;2035;1922
1934;2035;1943
1934;2037;1965
1933;2039;1963
1934;2036;1960
1933;2031;1853
1932;2035;1851
1933;2038;1824
1933;2036;1819
1934;2033;1839
1933;2036;1845
1931;2035;1826
1930;2036;1797
1933;2035;1847
1933;2035;1831
1935;2037;1833
1931;2035;1842
1932;2037;1875
1929;2033;1851
1935;2036;1838
1933;2033;1895
1936;2037;1866
1933;2031;1861
1933;2035;1859
1932;2036;1812
1934;2020;1901
1935;2034;1871
1933;2029;2017
1933;2034;1813
1933;2035;1841
1934;2034;1861
1933;2033;1855
1934;2033;1959
1934;2036;2004
1932;2041;1959
1933;2033;1919
1938;2031;1807
1935;2034;1805
1933;2035;1930
1933;2035;1800
1931;2034;1810
1931;2030;1887
1932;2035;1903
1932;2031;1830
1932;2029;1826
1933;2039;1819
1933;2031;2005
1935;2032;1996
1934;2034;1994
1935;2029;1852
1932;2033;1985
1933;2033;1966
1934;2036;1813
1933;2037;1812
1934;2034;1959
1930;2033;1823
1935;2034;1856
1933;2036;1947
1934;2037;1803
1934;2038;1847
1933;2035;2019
1935;2035;1849
1931;2039;1852
1934;2036;1852
1941;2034;1853
1933;2036;1831
1931;2032;1813
1933;2035;1835
1934;2039;1815
1933;2036;1903
1935;2029;1913
1935;2036;1952
1934;2031;1909
1933;2037;1828
1935;2035;1835
1933;2036;1817
1935;2039;1839
1932;2041;1970
1933;2037;1957
1935;2034;2010
1932;2036;1835
1932;2036;1831
1934;2038;1858
1939;2039;1838
1933;2039;1820
1935;2036;1845
1931;2037;1866
1933;2037;1878
1934;2037;1915
1933;2035;1934
1934;2029;1837
1931;2034;1827
1934;2036;1916
1933;2028;1910
1936;2037;1855
1933;2039;1881
1935;2032;1834
1931;2038;1832
1931;2038;1824
1933;2041;1831
1933;2036;1837
1929;2037;1891
1935;2031;1915
1933;2036;1892
1934;2038;1847
1935;2037;1849
1934;2031;1916
1934;2037;1837
1935;2033;1778
1931;2035;1818
1931;2035;1886
1935;2034;1855
1935;2037;1844
1933;2036;1835
1935;2036;1856
1935;2037;1865
1932;2037;1857
1931;2038;1871
1933;2031;1971
1931;2035;1796
1934;2048;1817
1933;2033;1813
1931;2033;1807
1935;2040;1811
1932;2036;2018
1929;2037;1805
1935;2028;1872
1935;2035;1819
1935;2037;1827
1935;2033;1943
1933;2031;1822
1934;2036;2033
1933;2033;2028
1934;2034;1956
1934;2033;1930
1935;2029;1836
1933;2034;1810
1935;2031;1926
1932;2034;1806
1934;2037;1803
1934;2029;1883
1933;2036;1925
1935;2036;1949
1933;2034;1816
1933;2033;2007
1933;2037;1821
1934;2031;1819
1931;2034;2031
1935;2037;2007
1932;2035;2022
1935;2037;1829
1933;2033;1846
1932;2033;1810
1932;2035;1992
1933;2032;1833
1934;2035;1852
1933;2037;2002
1932;2038;1818
1935;2036;1821
1933;2037;1975
1933;2035;1850
1933;2039;1831
1933;2033;1846
1933;2040;1857
1935;2030;2030
1935;2033;2039
1933;2031;1845
1937;2029;1821
1931;2033;1833
1934;2037;1821
1935;2037;1981
1933;2037;1949
1935;2033;1832
1933;2036;1835
1940;2040;1829
1932;2035;1970
1932;2035;1831
1934;2048;1997
1932;2038;1834
1935;2035;1843
1932;2034;1985
1933;2037;1924
1934;2032;1832
1934;2037;1914
1936;2033;1835
1931;2039;1872
1935;2033;1889
1933;2037;1828
1933;2035;1836
1933;2035;1981
1935;2039;1842
1933;2035;1829
1933;2036;1862
1934;2037;1822
1931;2039;1853
1931;2037;1826
1932;2035;1845
1935;2036;1846
1935;2041;1832
1934;2036;1956
1934;2037;1885
1931;2035;1839
1933;2036;1964
1934;2037;1849
1934;2034;1883
1931;2048;1903
1931;2036;1869
1935;2031;1894
1934;2036;1846
1935;2035;1879
1935;2031;1858
1933;2038;1855
1933;2034;1839
1931;2037;1829
1933;2038;1887
1933;2039;1850
1930;2034;1863
1932;2037;1895
1933;2035;1842
1933;2037;1807
1933;2035;1859
1932;2035;1887
1931;2037;1796
1931;2035;1815
1933;2039;1853
1933;2039;1835
1935;2039;1844
1933;2038;1812
1933;2029;1869
1932;2036;1859
1935;2036;1850
1935;2032;1905
1935;2033;1879
1931;2029;1802
1933;2035;1827
1933;2033;1979
1934;2031;1807
1931;2027;2017
1933;2035;1807
1935;2036;1892
1933;2035;1908
1931;2034;1804
1933;2035;1825
1933;2035;1841
1934;2035;1810
1933;2035;1975
1935;2035;1944
1935;2031;1917
1933;2029;1909
1934;2031;1906
1934;2033;1884
1933;2035;1883
1933;2031;1832
1932;2037;1803
1931;2038;1816
1933;2037;1846
1934;2034;2069
1935;2035;2021
1933;2040;2012
1934;2035;1988
1933;2033;1972
1932;2032;1961
1934;2038;1832
1933;2033;1915
1933;2032;1947
1934;2031;1937
1937;2033;1947
1935;2030;1823
1933;2020;2053
1934;2034;2023
1937;2035;1972
1933;2036;2031
1933;2030;1979
1933;2034;1824
1935;2031;1965
1932;2033;1954
1935;2039;1981
1935;2036;1985
1935;2035;1831
1931;2038;1815
1932;2034;1831
1933;2040;1833
1935;2048;2037
1932;2035;1818
1933;2037;1831
1933;2036;1834
1933;2034;1824
1941;2031;1968
1932;2031;1852
1934;2034;1977
1934;2033;1973
1935;2031;1993
1931;2031;1953
1935;2030;1977
1930;2048;1860
1933;2038;1990
1934;2033;1828
1934;2040;1833
1931;2036;2018
1932;2048;1953
1934;2037;1853
1934;2031;1867
1937;2033;1863
1935;2034;1852
1933;2039;1854
1934;2034;2005
1934;2027;2030
1935;2037;1829
1930;2034;1939
1934;2036;1812
1933;2037;1844
1933;2038;1855
1935;2036;1851
1933;2035;1847
1935;2015;1843
1931;2038;1836
1932;2041;1854
1933;2036;1840
1932;2048;1841
1928;2041;1853
1934;2036;1884
1933;2035;1897
1930;2035;1887
1933;2034;1936
1934;2037;1965
1930;2034;1839
1935;2034;1829
1933;2035;1853
1935;2048;1844
1932;2037;1833
1934;2039;1832
1935;2038;1837
1931;2033;1873
1933;2037;1873
1933;2039;1811
1934;2038;1849
1933;2034;1885
1931;2048;1842
1935;2034;1829
1931;2033;1842
1935;2037;1857
1931;2038;1845
1933;2048;1843
1931;2038;1839
1934;2034;1863
1935;2034;1887
1935;2035;1855
1935;2038;1831
1931;2037;1847
1933;2035;1830
1932;2034;1825
1933;2035;1901
1932;2031;1928
1932;2031;1914
1931;2048;1975
1934;2036;1967
1933;2048;1853
1933;2033;1888
1935;2033;1900
1934;2037;1804
1933;2034;1863
1934;2048;1855
1933;2033;1842
1937;2038;1845
1935;2048;1841
1937;2035;1841
1933;2038;1855
1933;2038;1841
1933;2035;1843
1933;2034;1851
1935;2034;1889
1930;2037;1807
1933;2031;1795
1932;2034;1855
1934;2031;1869
1935;2036;1866
1934;2037;1837
1934;2037;1829
1934;2037;1858
1932;2037;1864
1932;2039;1849
1935;2039;1835
1934;2033;1995
1936;2030;1923
1935;2031;1806
1933;2039;1801
1935;2031;1805
1935;2036;1904
1934;2030;1873
1934;2030;1887
1934;2030;1882
1933;2035;1874
1932;2034;1871
1932;2034;1833
1937;2034;1861
1934;2033;2011
1931;2032;1937
1933;2031;1961
1935;2031;1917
1932;2032;1960
1934;2035;1855
1932;2033;1821
1935;2037;1846
1934;2039;1824
1932;2036;1832
1933;2031;2059
1933;2038;2011
1933;2029;2029
1936;2034;2021
1933;2027;1995
1934;2032;1991
1932;2035;2025
1934;2030;2010
1933;2027;2017
1933;2029;2005
1935;2029;1990
1931;2033;2039
1935;2031;1818
1940;2037;1913
1935;2048;1856
1933;2031;1881
1933;2037;1843
1933;2039;1847
1933;2048;1968
1934;2036;1858
1934;2032;2011
1931;2034;2022
1933;2029;2031
1935;2031;2029
1933;2032;1843
1933;2037;1988
1931;2031;1820
1933;2038;1842
1934;2038;1830
1934;2038;1843
1935;2036;1855
1931;2036;1967
1933;2033;2019
1934;2034;1855
1931;2037;1853
1932;2041;1855
1934;2030;2005
1931;2037;1848
1933;2048;1871
1931;2048;1871
1933;2035;1901
1932;2031;1908
1935;2035;1947
1934;2034;1907
1934;2035;1871
1931;2034;1840
1935;2035;1839
1933;2034;1838
1933;2035;1940
1932;2034;1839
1933;2031;1858
1931;2036;1805
1933;2034;1841
1934;2036;1844
1934;2029;1895
1933;2039;1876
1935;2036;1920
1931;2048;1836
1934;2036;1835
1929;2038;1838
1935;2038;1838
1935;2030;1852
1933;2028;1869
1935;2039;1853
1933;2034;1822
1932;2029;1914
1935;2034;1823
1933;2033;1838
1934;2037;1832
1930;2035;1839
1934;2040;1844
1933;2038;1856
1933;2031;1886
1931;2037;1874
1933;2041;1844
1934;2048;1914
1933;2031;1829
1933;2033;1891
1932;2039;1866
1933;2041;1837
1932;2037;1815
1934;2033;1816
1934;2031;1816
1933;2034;1839
1935;2029;1860
1933;2030;1891
1933;2031;1865
1933;2033;1831
1934;2034;1825
1935;2025;1801
1934;2033;1820
1935;2033;1810
1934;2035;1905
1935;2032;1889
1933;2033;1870
1933;2039;1805
1933;2039;1847
1934;2037;1843
1931;2035;1821
1934;2036;1839
1933;2032;1830
1935;2029;1825
1934;2039;1809
1935;2037;1818
1935;2031;1950
1934;2033;1921
1934;2027;1909
1933;2025;1892
1935;2031;1905
1933;2033;1872
1934;2031;1882
1934;2035;1818
1933;2034;1926
1939;2048;1866
1933;2036;1794
1935;2034;1994
1933;2035;1948
1934;2029;1831
1937;2029;1827
1935;2035;1821
1935;2035;1814
1932;2033;1833
1931;2034;1811
1935;2034;1826
1933;2032;1845
1932;2035;1845
1932;2030;2048
1935;2031;2036
1932;2036;1825
1935;2035;2015
1933;2029;1842
1937;2028;1985
1933;2032;1959
1933;2034;1810
1935;2033;1914
1933;2031;1839
1935;2031;1824
1933;2031;2015
1931;2030;1860
1931;2036;1963
1933;2038;1810
1933;2037;2021
1931;2035;2011
1934;2026;1991
1934;2031;1998
1935;2031;1999
1933;2026;1967
1933;2031;2023
1933;2036;1983
1934;2031;2048
1934;2031;1911
1933;2031;2063
1929;2034;1973
1934;2036;2011
1934;2038;2007
1931;2035;2030
1932;2031;2025
1930;2048;1844
1935;2034;1858
1934;2033;1834
1933;2033;2048
1935;2027;1899
1935;2033;1873
1932;2038;1861
1935;2035;2008
1934;2031;1821
1935;2035;1972
1934;2036;1962
1932;2034;2007
1934;2037;1851
1932;2034;1845
1937;2039;1841
1935;2035;2020
1934;2032;2017
1934;2033;2036
1933;2037;1884
1933;2048;1837
1934;2038;1975
1931;2037;1854
1935;2036;1827
1935;2035;1840
1935;2037;1851
1933;2038;1855
1934;2037;1851
1933;2028;1841
1931;2029;1839
1934;2037;1841
1933;2037;1819
1933;2031;1898
1934;2029;1892
1931;2037;1905
1932;2037;1906
1931;2036;1952
1935;2039;1835
1934;2037;1855
1934;2039;1840
1935;2040;2035
1933;2037;1846
1934;2031;1847
1933;2034;1844
1935;2034;2006
1934;2029;1885
1935;2032;1867
1935;2034;1824
1934;2031;1821
1934;2031;1947
1932;2041;1843
1935;2035;1982
1933;2039;1869
1935;2037;1984
1934;2038;2003
1932;2031;1872
1934;2049;1851
1933;2037;1889
1935;2038;1917
1933;2036;1846
1931;2037;1835
1931;2035;1879
1933;2038;1844
1933;2038;1941
1934;2036;1937
1933;2039;1856
1935;2028;1844
1935;2038;1839
1935;2035;1838
1932;2039;1868
1935;2035;1873
1935;2037;1828
1932;2036;1839
1937;2033;1811
1931;2038;1825
1934;2033;1856
1933;2036;1839
1935;2034;1843
1935;2048;1834
1930;2039;1845
1933;2039;1850
1933;2041;1847
1934;2035;1849
1935;2035;1877
1932;2039;1831
1934;2036;1846
1935;2039;1855
1934;2033;1855
1934;2032;1860
1934;2035;1817
1933;2037;1825
1932;2029;1841
1934;2036;1839
1933;2031;1842
1935;2036;1843
1934;2029;1862
1934;2031;1855
1934;2036;1962
1933;2034;1799
1933;2037;1813
1935;2048;1819
1932;2037;1858
1935;2037;1894
1936;2039;1867
1935;2031;1868
1934;2032;1867
1935;2029;1859
1933;2034;1857
1934;2037;1929
1934;2032;1883
1935;2035;1855
1934;2034;1800
1935;2033;1906
1935;2030;1834
1931;2039;1929
1935;2035;1966
1932;2034;1925
1935;2036;1805
1935;2026;1809
1934;2039;1864
1936;2048;1911
1937;2039;1966
1931;2029;1909
1933;2032;1891
1935;2034;1897
1933;2033;1901
1938;2029;1904
1936;2037;1821
1935;2037;1901
1938;2027;1945
1933;2038;1837
1936;2035;1871
1933;2039;1849
1934;2048;1828
1931;2031;1853
1935;2033;1838
1932;2035;1823
1933;2031;1987
1934;2031;1912
1934;2038;1826
1938;2037;1929
1929;2034;1901
1934;2038;1873
1935;2038;1824
1934;2036;1867
1933;2035;1807
1933;2048;1840
1935;2035;1834
1933;2025;1864
1935;2041;1809
1938;2033;1790
1931;2031;1967
1933;2034;1957
1934;2035;1802
1935;2029;1886
1935;2035;1885
1933;2048;1869
1932;2034;1819
1935;2039;1831
1933;2037;1819
1935;2031;1910
1930;2037;1847
1934;2036;2007
1934;2037;1993
1933;2033;1995
1934;2030;1994
1934;2027;1933
1935;2035;1822
1934;2033;1873
1934;2036;1878
1933;2036;1799
1935;2038;1828
1936;2036;1841
1933;2029;1833
1934;2031;1835
1933;2029;1943
1923;2039;1831
1935;2027;1824
1934;2039;1809
1933;2037;1849
1934;2037;1806
1934;2037;1882
1935;2036;1820
1932;2036;1815
1932;2033;1842
1935;2036;1818
1935;2034;1843
1937;2037;1825
1936;2018;1825
1931;2034;1811
1934;2031;2048
1935;2035;1958
1935;2024;1920
1932;2037;1901
1937;2032;1811
1934;2035;1906
1937;2036;1928
1935;2031;1850
1933;2037;1986
1935;2048;1830
1936;2036;1883
1933;2048;2015
1933;2030;2048
1935;2027;2007
1935;2039;1823
1935;2029;1835
1935;2039;1989
1938;2037;1959
1935;2029;1943
1934;2022;1929
1933;2033;1917
1933;2037;2051
1933;2034;1870
1935;2035;2006
1935;1792;2003
1934;2034;1985
1933;2033;1947
1935;2021;1931
1935;2048;1907
1933;2037;1812
1929;2032;1834
1935;2038;1817
1933;2031;1843
1935;2034;1841
1931;2037;2040
1935;2037;1919
1935;2026;1841
1935;2033;2006
1934;2031;1997
1935;2031;1952
1932;2038;1815
1933;2034;1828
1935;2026;1824
1935;2034;1826
1933;2050;1814
1932;2048;1826
1932;2037;1849
1933;2035;1967
1935;2031;1841
1932;2030;1999
1934;2048;1831
1935;2048;1850
1934;2048;1883
1935;2031;1850
1938;2039;2020
1935;2031;2017
1934;2031;2034
1937;2035;2029
1934;2035;2040
1937;2037;1827
1933;2027;1869
1933;2035;1830
1933;2038;1942
1935;2035;1965
1935;2032;1990
1933;2034;2007
1933;2048;1954
1932;1792;1846
1933;2038;1863
1934;2033;1835
1926;2038;1875
1933;2048;1859
1933;2048;1996
1936;2038;1854
1931;2039;1868
1933;2038;1823
1935;2027;1829
1938;2026;1953
1935;2036;1839
1935;2048;1839
1933;2031;1976
1933;2036;1964
1935;2036;1989
1935;2039;1966
1935;2035;1866
1933;2029;1875
1933;2031;1823
1931;2026;1888
1931;2048;1874
1940;2038;1897
1935;2039;1833
1935;2039;1851
1933;2029;1935
1932;2048;1849
1935;2039;1850
1933;2039;1847
1933;2035;1977
1935;2029;1852
1935;2038;1842
1933;2027;1877
1932;2034;1850
1933;2036;1833
1929;2037;1878
1934;2048;1827
1932;2036;1875
1935;2033;1878
1933;2036;1889
1932;2039;1837
1934;2035;1883
1934;2039;1871
1935;2048;1834
1935;2035;1927
1935;2027;1890
1933;2030;1861
1932;2048;1841
1931;2037;1821
1934;2041;1818
1933;2035;1818
1934;2036;1857
1934;2030;1863
1936;2032;1881
1934;2025;1852
1934;2035;1861
1934;2035;1847
1933;2036;1829
1934;2035;1933
1935;2029;1889
1933;2041;1823
1934;2040;1815
1939;2036;1877
1934;2041;1868
1933;2039;1850
1932;2048;1834
1931;2048;1838
1935;2048;1844
1935;2034;1854
1933;2029;1869
1935;2048;1844
1935;2033;1877
1934;2031;1807
1934;2033;1822
1933;2034;1816
1931;2033;1821
1935;2034;1824
1932;2036;1853
1934;2036;1837
1933;2036;1833
1935;2028;1844
1936;2039;1901
1933;2035;1855
1935;2036;1947
1933;2039;1833
1933;2035;1835
1933;2031;1813
1933;2032;1816
1934;2035;1829
1935;2033;1834
1935;2031;1891
1935;2036;1853
1935;2032;1841
1934;2029;1873
1931;2039;1831
1934;2048;1841
1935;2030;1949
1935;2039;1811
1932;2033;1820
1934;2031;1800
1933;2048;1857
1932;2033;1863
1932;2036;1854
1933;2050;1813
1935;2048;1822
1934;2034;1859
1933;2038;1856
1937;2039;1805
1933;2036;1991
1935;2033;1828
1934;2034;1826
1936;2038;1819
1934;2022;1841
1933;2035;1914
1935;2026;1809
1935;2025;1826
1933;2039;1805
1934;2040;1814
1934;2033;1827
1935;2041;1839
1935;2037;1829
1935;2035;2007
1932;2029;1893
1934;2048;1823
1933;2035;1830
1935;2039;1927
1935;2031;1921
1935;2034;1819
1934;2031;1827
1936;2039;1833
1933;2032;1809
1933;2039;1822
1934;2034;1855
1933;2021;2048
1938;2036;1828
1934;2022;1814
1935;2040;1827
1934;2037;1817
1933;2022;1925
1935;2048;1819
1935;2039;1982
1933;2035;1963
1931;2037;1956
1933;2035;1951
1934;2033;1945
1935;2028;2010
1935;2033;1835
1933;2027;1828
1934;2040;1834
1927;2039;1843
1934;2027;1973
1936;2034;1819
1932;2031;2029
1938;2030;1837
1935;2036;1823
1935;2038;1823
1933;2029;2010
1933;2038;1832
1931;2037;1950
1933;2038;1972
1934;2039;1835
1935;2037;1861
1931;2039;1837
1934;2034;1858
1935;2048;2022
1934;2038;2048
1935;2038;2036
1934;2034;2032
1935;2048;2026
1933;2034;1861
1935;2029;1906
1938;2040;1915
1932;2031;1955
1932;2031;1983
1934;2033;2026
1935;2035;2014
1934;2038;2012
1933;2035;2017
1933;2027;1842
1935;2039;1833
1933;2037;1847
1934;2039;2023
1932;2048;1875
1937;2048;1828
1933;2035;1903
1938;2037;1835
1935;2029;1844
1933;2039;1853
1932;2036;1860
1935;2039;1852
1934;2030;1842
1934;2033;1841
1934;2031;1830
1933;2033;1836
1936;2048;1815
1935;2034;1839
1933;2030;1865
1933;2035;1948
1934;2036;1960
1939;2038;1834
1933;2040;1829
1935;2034;2003
1935;2048;2026
1933;2035;2015
1932;2037;2022
1934;2037;2036
1935;2033;2041
1935;2027;1869
1934;2028;1883
1933;2039;1839
1935;2048;1839
1934;2036;1843
1933;2031;2013
1935;2031;1853
1935;2031;1838
1935;2037;1842
1934;2033;1826
1932;2032;1833
1931;2035;1830
1932;2048;1838
1934;2035;1839
1935;2036;1883
1934;2048;1826
1934;2048;1841
1933;2037;1842
1934;2039;1850
1934;2039;2021
1933;2036;2027
1935;2037;1835
1935;2037;1834
1933;2034;1819
1933;2027;1978
1935;2025;1829
1934;2034;1829
1934;2039;1867
1934;2037;2006
1935;2031;2019
1935;2029;2027
1932;2030;1849
1936;2038;2036
1935;2040;1841
1933;2037;1823
1934;2039;1853
1933;2031;1824
1933;2035;1851
1933;2036;1859
1931;2035;1925
1933;2037;2023
1934;2039;1889
1933;2033;2033
1933;2027;2016
1933;2025;1850
1933;2025;1981
1934;2025;1988
1932;2029;1953
1934;2035;1830
1934;2031;1847
1935;2035;1838
1931;2038;1955
1934;2039;1857
1935;2035;1983
1935;2033;2031
1933;2048;2029
1934;2033;1868
1935;2035;2019
1935;2036;2015
1933;2032;2000
1934;2035;1968
1939;2029;1980
1935;2031;1835
1931;2034;2019
1933;2040;1823
1933;2031;2003
1933;2031;2035
1934;2027;2015
1935;2031;1869
1935;2029;2027
1933;2032;2007
1934;2034;1984
1933;2031;2048
1933;2034;1955
1935;2031;1850
1932;2037;1829
1931;2032;1857
1937;2039;1827
1934;2039;2015
1932;2030;1990
1931;2032;1848
1937;2034;1837
1935;2040;1839
1935;2031;2019
1935;2030;1992
1935;2032;1825
1934;2031;2007
1932;2033;2025
1933;2039;1836
1935;2039;1844
1931;2036;1837
1931;2037;1839
1932;2038;1957
1934;2039;1954
1933;2038;1851
1933;2033;1847
1933;2035;2017
1935;2033;2003
1933;2033;1975
1933;2031;1839
1933;2031;1845
1933;2039;1833
1933;2035;2048
1935;2035;1939
1933;2035;1961
1935;2031;1865
1933;2026;1843
1934;2039;1859
1935;2031;2021
1933;2027;2026
1934;2035;2027
1934;2031;1834
1932;2033;1849
1933;2040;1840
1933;2036;1925
1933;2040;1883
1931;2040;1841
1933;2039;1882
1935;2038;1930
1934;2035;1970
1933;2036;1849
1934;2035;1842
1932;2038;1853
1934;2035;1971
1935;2040;2009
1933;2033;1987
1932;2031;1997
1932;2035;1839
1931;2030;1835
1933;2038;1844
1931;2034;1823
1933;2037;1835
1933;2038;1839
1933;2048;1859
1931;2036;1846
1932;2039;1845
1932;2038;1835
1935;2040;1844
1934;2034;1896
1934;2031;1893
1931;2036;1875
1935;2038;1853
1934;2031;1864
1934;2031;1834
1934;2037;1844
1933;2036;1846
1935;2028;1934
1933;2035;1850
1934;2035;1921
1931;2037;1935
1930;2036;1918
1933;2033;1868
1933;2048;1828
1933;2048;1846
1933;2035;1841
1933;2048;1831
1929;2036;1839
1932;2035;1872
1933;2037;1875
1923;2034;1879
1934;2031;1853
1934;2032;1853
1933;2037;1839
1935;2037;1847
1934;2029;1956
1933;2034;1829
1935;2033;1863
1933;2034;1836
1931;2035;1800
1933;2035;1814
1934;2040;1837
1929;2038;1835
1934;2039;1827
1930;2039;1821
1931;2038;1839
1927;2033;1867
1934;2030;1855
1935;2035;1854
1934;2037;1839
1933;2038;2021
1933;2034;1810
1933;2035;1812
1933;2035;1811
1935;2034;1831
1932;2035;1837
1932;2031;1869
1933;2033;1851
1932;2036;1842
1933;2036;1859
1933;2030;1899
1933;2034;1837
1933;2034;1815
1935;2021;2002
1935;2033;1922
1931;2034;1924
1934;2035;1902
1931;2030;1893
1934;2035;1822
1934;2033;1915
1933;2035;1831
1934;2038;1835
1935;2033;1812
1935;2027;1949
1932;2035;2023
1932;2033;1814
1932;2035;1823
1934;2033;1834
1931;2027;1983
1931;2027;1942
1932;2033;2002
1932;2038;1986
1935;2031;1985
1931;2039;1837
1933;2036;1810
1933;2032;2026
1931;2039;1887
1933;2035;1863
1931;2033;1979
1931;2031;2002
1933;2039;2012
1933;2032;2037
1935;2031;1846
1935;2028;1846
1937;2048;1838
1934;2033;1836
1934;2029;2037
1933;2030;1801
1933;2034;1973
1931;2033;1878
1934;2039;1928
1933;2034;1946
1930;2034;1950
1932;2033;1946
1931;2048;1853
1935;2036;1849
1935;2041;1963
1932;2048;1847
1934;2038;1849
1935;2031;1854
1931;2048;1844
1933;2037;1810
1934;2034;1915
1932;2031;1848
1930;2030;1849
1933;2033;1887
1931;2034;1895
1933;2031;1839
1940;2025;1839
1933;2036;1840
1931;2035;1837
1930;2035;1842
1930;2037;1843
1931;2048;1827
1931;2014;1861
1934;2039;1913
1935;2035;1799
1934;2037;1830
1939;2036;1849
1933;2034;1853
1933;2041;1831
1934;2037;1829
1931;2031;1861
1935;2034;1873
1931;2034;1910
1942;2033;1834
1931;2036;1818
1935;2030;1873
1934;2035;1880
1934;2034;1849
1932;2027;1876
1931;2031;1822
1933;2039;1808
1932;2034;1855
1933;2037;1826
1931;2034;1817
1933;2039;1847
1934;2037;1890
1935;2034;1883
1936;2038;1939
1930;2030;1951
1932;2035;1815
1934;2034;1807
1934;2037;1810
1934;2024;1908
1935;2029;1892
