2049;2038;2048
2048;2039;2049
2048;2039;2048
2048;2039;2048
2048;2039;2048
2048;2039;2053
2048;2040;2051
2036;2040;2048
2038;2041;2053
2035;2048;2056
2033;2040;2062
2038;2039;2057
2040;2039;2049
2036;2040;2049
2040;2039;2051
2039;2039;2051
2048;2037;2048
2048;2041;2048
2048;2039;2051
2048;2041;2050
2051;2039;2048
2048;2040;2048
2050;2051;2053
2048;2037;2055
2048;2041;2054
2048;2041;2053
2048;2039;2056
2037;2038;2048
2039;2039;2048
2033;2040;2048
2034;2040;2048
2036;2039;2048
2039;2039;2048
2038;2040;2050
2041;2037;2051
2039;2039;2055
2041;2048;2050
2048;2039;2055
2048;2039;2054
2049;2041;2056
2051;2038;2048
2048;2040;2049
2051;2038;2048
2048;2038;2048
2048;2039;2048
2048;2039;2048
2041;2039;2048
2036;2048;2048
2048;2041;2055
2034;2041;2049
2034;2039;2048
2039;2040;2053
2036;2040;2053
2039;2040;2050
2048;2039;2050
2039;2039;2048
2040;2039;2048
2049;2039;2048
2048;2040;2048
2049;2039;2039
2050;2039;2039
2048;2038;2048
2049;2039;1794
2048;2039;2048
2048;2041;2039
2048;2037;2048
2048;2040;2049
2037;2039;2055
2039;2039;2048
2033;2039;2048
2036;2037;2048
2038;2039;2048
2035;2039;2038
2048;2039;2039
2039;2039;2035
2048;2039;2033
2039;2039;2039
2048;2039;2040
2048;2039;2048
2053;2039;2048
2051;2039;2048
2048;2038;2048
2049;2039;2048
2050;2039;2048
2048;2038;2039
2048;2038;2035
2048;2041;2039
2035;2038;2036
2048;2040;2031
2033;2040;2035
2035;2040;2048
2038;2038;2037
2036;2037;2048
2039;2039;2048
2048;2037;2039
2039;2039;2048
2048;2041;2048
2050;2040;2037
2048;2038;2038
2052;2039;2038
2050;2039;2035
2049;2039;2034
2050;2039;2038
2048;2038;2038
2048;2037;2037
2041;2041;2039
2048;2041;2038
2035;2039;2048
2039;2041;2048
2030;2038;2040
2037;2039;2048
2048;2040;2048
2037;2040;2048
2038;2039;2037
2039;2039;2039
2040;2039;2037
2038;2036;2037
2049;2039;2038
2048;2038;2048
2052;2041;2039
2049;2037;2048
2048;2039;2048
2048;2040;2048
2048;2039;2049
2048;2037;2052
2048;2041;2053
2048;2039;2048
2033;2039;2051
2039;2039;2048
2031;2040;2041
2038;2039;2048
2040;2048;2048
2035;2039;2048
2039;2041;2048
2048;2040;2040
2048;2037;2048
2039;2048;2048
2050;2037;2055
2048;2048;2053
2053;2041;2049
2048;2039;2058
2048;2039;2050
2048;2039;2050
2048;2039;2051
2048;2048;2048
2048;2040;2049
2048;2037;2041
2034;2039;2048
2039;2040;2050
2033;2041;2053
2037;2041;2052
2038;2048;2057
2037;2039;2055
2037;2041;2053
2040;2039;2050
2048;2039;2049
2048;2039;2051
2048;2038;2048
2048;2039;2048
2052;2039;2048
2049;2039;2048
2048;2039;2048
2048;2039;2052
2048;2040;2051
2048;2039;2055
2039;2039;2053
2048;2039;2050
2034;2039;2059
2038;2042;2050
2034;2039;2051
2038;2040;2048
2039;2041;2039
2034;2038;2049
2039;2039;2048
2040;2036;2048
2048;2039;2050
2040;2039;2053
2049;2039;2050
2048;2038;2056
2052;2041;2053
2048;2040;2054
2048;2039;2052
2048;2048;2051
2048;2039;2048
2048;2048;2048
2048;2039;2049
2048;2040;2039
2036;2039;2050
2039;2039;2048
2034;2039;2058
2034;2039;2050
2039;2039;2048
2037;2039;2056
2037;2040;2048
2041;2039;2054
2048;2048;2048
2048;2039;2048
2048;2038;2048
2048;2039;2048
2050;2038;2039
2050;2048;2048
2048;2039;2048
2048;2038;2049
2048;2038;2048
2048;2041;2048
2048;2039;2048
2039;2036;2048
2034;2041;2054
2039;2040;2055
2033;2039;2050
2037;2039;2048
2039;2039;2048
2036;2040;2048
2038;2037;2036
2048;2041;2035
2048;2038;2048
2048;2039;2039
2049;2039;2039
2048;2039;2040
2048;2039;2048
2049;2038;2048
2048;2039;2051
2048;2040;2048
2048;2048;2048
2048;2048;2048
2042;2039;2048
2039;2039;2048
2036;2039;2040
2039;2040;2035
2035;2039;2039
2037;2038;2038
2039;2040;2034
2038;2039;2042
2037;2038;2048
2048;2040;2039
2048;2039;2038
2048;2039;2048
2049;2039;2038
2048;2039;2048
2048;2039;2032
2048;2038;2038
2048;2039;2036
2048;2038;2037
2048;2039;2026
2048;2038;2037
2048;2039;2039
2038;2038;2048
2036;2038;2048
2037;2039;2048
2039;2040;2049
2035;2039;2037
2039;2040;2039
2037;2038;2038
2037;2038;2039
2048;2039;2035
2048;2038;2027
2048;2039;2031
2048;2039;2031
2048;2037;2036
2048;2037;2039
2048;2039;2039
2048;2038;2048
2041;2039;2048
2041;2039;2048
2048;2039;2050
2048;2039;2048
2038;2038;2049
2037;2039;2048
2041;2039;2032
2037;2040;2039
2035;2039;2032
2038;2039;2037
2038;2039;2041
2038;2039;2048
2037;2038;2048
2048;2039;2038
2048;2039;2048
2048;2037;2048
2048;2040;2050
2048;2040;2051
2048;2039;2054
2048;2048;2056
2048;2039;2052
2048;2038;2048
2048;2038;2053
2048;2039;2056
2035;2040;2050
2035;2034;2048
2039;2039;2048
2039;2039;2048
2034;2038;2048
2039;2038;2048
2035;2039;2048
2038;2038;2053
2039;2041;2054
2041;2039;2051
2048;2039;2048
2048;2039;2050
2048;2039;2048
2048;2038;2048
2048;2040;2048
2048;2039;2048
2048;2039;2048
2048;2039;2048
2048;2039;2050
2048;2039;2051
2041;2039;2060
2039;2040;2061
2035;2038;2059
2040;2040;2053
2035;2040;2050
2038;2048;2049
2036;2039;2048
2039;2048;2048
2048;2040;2048
2040;2039;2040
2048;2040;2038
2048;2039;2039
2048;2038;2048
2048;2039;2050
2048;2037;2048
2048;2039;2048
2048;2039;2048
2048;2039;2048
2048;2039;2050
2048;2040;2048
2048;2039;2051
2036;2048;2048
2039;2039;2037
2039;2039;2035
2035;2039;2038
2039;2039;2031
2039;2039;2039
2048;2039;2031
2048;2037;2036
2039;2038;2039
2048;2039;2037
2048;2038;2039
2048;2039;2048
2048;2039;2048
2049;2036;2048
2048;2039;2048
2048;2036;2036
2048;2048;2038
2048;2039;2037
2048;2040;2034
2040;2039;2038
2039;2038;2038
2038;2039;2035
2039;2039;2039
2036;2039;2048
2035;2039;2036
2037;2039;2039
2037;2041;2048
2040;2040;2048
2048;2039;2037
2048;2038;2048
2048;2040;2048
2048;2039;2048
2048;2039;2035
2049;2037;2037
2048;2039;2038
2048;2039;2048
2048;2039;2048
2048;2039;2048
2048;2040;2050
2048;2039;2051
2039;2039;2048
2039;2028;2050
2041;2038;2048
2037;2039;2050
2033;2041;2048
2039;2039;2048
2038;2039;2039
2038;2039;2036
2038;2039;2036
2048;2037;2037
2048;2038;2048
2048;2038;2051
2048;2039;2049
2049;2039;2051
2050;2039;2055
2048;2040;2053
2048;2038;2056
2048;2039;2055
2048;2039;2048
2040;2040;2048
2038;2039;2048
2037;2039;2049
2039;2039;2048
2037;2039;2048
2034;2039;2048
2036;2038;2048
2035;2038;2052
2036;2054;2055
2037;2039;2055
2039;2039;2055
2048;2038;2051
2040;2039;2053
2048;2039;2049
2048;2039;2053
2049;2039;2050
2048;2039;2048
2048;2048;2049
2048;2041;2048
2048;2039;2049
2048;2029;2050
2048;2048;2055
2038;2039;2053
2048;2039;2057
2037;2038;2054
2029;2041;2048
2037;2040;2048
2036;2037;2049
2037;2038;2048
2039;2048;2048
2038;2037;2048
2048;2039;2048
2048;2039;2052
2048;2038;2049
2048;2039;2052
2051;2037;2058
2048;2039;2053
2048;2038;2061
2048;2041;2049
2048;2039;2052
2048;2039;2050
2041;2040;2048
2039;2039;2048
2048;2039;2050
2038;2039;2048
2033;2039;2029
2038;2039;2048
2036;2038;2048
2039;2038;2053
2039;2037;2048
2048;2039;2052
2048;2048;2048
2048;2038;2055
2048;2039;2048
2048;2039;2049
2050;2048;2048
2050;2038;2050
2050;2039;2048
2048;2048;2048
2048;2040;2038
2048;2041;2038
2048;2038;2048
2038;2038;2050
2037;2039;2039
2038;2048;2040
2035;2038;2049
2037;2038;2048
2036;2039;2048
2039;2038;2048
2048;2039;2037
2048;2038;2037
2048;2039;2037
2048;2038;2035
2048;2039;2034
2050;2039;2036
2053;2048;2039
2048;2037;2036
2048;2036;2039
2048;2038;2039
2048;2038;2048
2048;2038;2041
2048;2037;2048
2036;2041;2048
2040;2038;2048
2035;2039;2039
2034;2039;2037
2039;2040;2032
2037;2039;2034
2048;2039;2034
2038;2039;2034
2048;2039;2036
2048;2040;2031
2049;2038;2048
2048;2038;2038
2049;2038;2048
2051;2040;2048
2050;2039;2048
2049;2039;2035
2048;2037;2036
2048;2039;2035
2048;2039;2038
2048;2040;2048
2034;2039;2031
2039;2039;2048
2036;2041;2037
2034;2039;2048
2039;2035;2048
2035;2039;2048
2039;2037;2048
2040;2039;2050
2038;2041;2049
2048;2038;2048
2048;2039;2048
2048;2039;2048
2053;2039;2039
2051;2040;2039
2048;2037;2034
2049;2039;2048
2048;2039;2040
2048;2040;2048
2048;2037;2048
2040;2048;2051
2034;2040;2049
2037;2040;2049
2035;2041;2048
2035;2039;2050
2038;2038;2050
2036;2039;2048
2035;2039;2048
2039;2039;2048
2041;2039;2048
2048;2039;2048
2048;2039;2049
2048;2039;2048
2048;2039;2055
2049;2039;2050
2048;2041;2052
2048;2039;2057
2048;2039;2055
2048;2040;2052
2048;2039;2052
2048;2037;2053
2035;2039;2048
2038;2039;2048
2034;2040;2048
2035;2041;2049
2037;2039;2048
2037;2041;2050
2038;2040;2050
2042;2039;2049
2048;2041;2054
2038;2039;2055
2048;2039;2050
2048;2042;2048
2051;2038;2048
2048;2039;2048
2048;2038;2048
2048;2039;2048
2048;2040;2049
2048;2040;2054
2048;2040;2053
2048;2039;2053
2033;2039;2055
2038;2039;2048
2034;2039;2058
2034;2039;2051
2038;2039;2050
2037;2035;2048
2039;2039;2048
2048;2039;2048
2038;2039;2049
2048;2039;2048
2048;2039;2050
2048;2038;2049
2048;2038;2048
2048;2039;2048
2048;2041;2052
2048;2039;2055
2048;2048;2051
2048;2040;2048
2048;2039;2051
2048;2038;2048
2032;2039;2048
2039;2039;2048
2034;2040;2049
2037;2039;2054
2038;2039;2053
2033;2040;2055
2039;2048;2055
2048;2032;2052
2048;2038;2054
2039;2040;2048
2048;2039;2048
2048;2041;2048
2051;2038;2048
2049;2038;2048
2048;2039;2048
2048;2039;2048
2048;2039;2052
2048;2040;2053
2040;2040;2055
2048;2039;2048
2035;2039;2049
2039;2039;2048
2031;2039;2048
2037;2039;2048
2038;2039;2048
2037;2037;2048
2035;2039;2048
2040;2039;2048
2048;2038;2048
2037;2040;2048
2048;2039;2049
2048;2041;2051
2050;2037;2040
2048;2039;2041
2048;2039;2038
2048;2040;2038
2048;2039;2048
2041;2037;2048
2048;2038;2048
2048;2037;2048
2035;2039;2050
2039;2039;2054
2033;2041;2051
2037;2048;2048
2048;2040;2048
2038;2048;2039
2048;2039;2037
2040;2039;2049
2041;2038;2041
2038;2037;2040
2049;2038;2048
2048;2040;2048
2052;2039;2048
2049;2039;2051
2048;2039;2049
2048;2039;2048
2050;2036;2050
2048;2040;2051
2041;2048;2048
2038;2038;2048
2033;2039;2048
2040;2041;2048
2036;2040;2039
2034;2039;2048
2040;2040;2048
2039;2041;2040
2039;2040;2049
2039;2039;2048
2048;2038;2048
2040;2040;2050
2048;2038;2048
2048;2039;2048
2052;2037;2048
2048;2039;2048
2048;2037;2048
2049;2038;2039
2049;2041;2041
2048;2039;2048
2041;2041;2048
2038;2039;2048
2034;2040;2055
2037;2038;2056
2035;2039;2055
2035;2041;2048
2037;2037;2053
2039;2039;2053
2039;2041;2048
2048;2038;2048
2048;2039;2048
2048;2040;2048
2049;2040;2035
2048;2039;2049
2049;2038;2048
2048;2039;2051
2048;2036;2055
2048;2039;2050
2048;2048;2055
2048;2039;2059
2048;2042;2054
2038;2048;2052
2033;2048;2048
2038;2041;2049
2035;2040;2050
2035;2039;2040
2040;2039;2041
2039;2037;2048
2038;2037;2048
2039;2040;2049
2048;2039;2048
2048;2039;2048
2049;2038;2048
2048;2038;2051
2048;2039;2048
2049;2038;2048
2048;2040;2048
2048;2048;2048
2048;2040;2048
2048;2039;2041
2048;2037;2048
2039;2040;2048
2036;2039;2048
2039;2037;2040
2037;2041;2050
2035;2038;2048
2048;2038;2048
2040;2038;2048
2037;2038;2048
2040;2039;2049
2048;2039;2039
2048;2039;2048
2050;2038;2038
2048;2040;2039
2048;2038;2048
2050;2039;2048
2048;2039;2048
2048;2038;2040
2048;2037;2049
2048;2048;2048
2048;2040;2048
2040;2048;2050
2036;2048;2048
2036;2048;2048
2034;2039;2048
2036;2039;2039
2048;2039;2037
2039;2039;2034
2037;2048;2037
2039;2040;2031
2039;2039;2036
2048;2039;2048
2048;2038;2036
2048;2039;2048
2048;2048;2048
2049;2039;2048
2048;2040;2048
2048;2039;2035
2048;2039;2029
2042;2041;2037
2048;2039;2038
2037;2038;2033
2036;2039;2039
2048;2039;2035
2038;2040;2041
2035;2038;2048
2039;2039;2028
2040;2039;2039
2038;2040;2048
2040;2037;2038
2048;2039;2039
2048;2039;2029
2048;2041;2035
2048;2039;2033
2048;2039;2037
2051;2039;2035
2048;2048;2048
2048;2038;2039
2048;2039;2037
2048;2038;2048
2048;2039;2048
2037;2039;2048
2035;2037;2035
2041;2037;2034
2041;2041;2038
2036;2048;2037
2039;2040;2029
2038;2038;2034
2037;2039;2041
2040;2035;2048
2040;2040;2039
2048;2040;2048
2048;2038;2048
2048;2039;2048
2048;2039;2048
2048;2039;2039
2048;2039;2038
2048;2040;2034
2048;2039;2035
2048;2041;2034
2062;2048;2048
2039;2038;2025
2037;2039;2040
2039;2037;2036
2039;2038;2048
2035;2040;2048
2037;2039;2048
2039;2037;2039
2039;2037;2035
2041;2040;2048
2040;2039;2035
2048;2048;2038
2048;2039;2033
2048;2039;2031
2048;2048;2038
2051;2039;2048
2048;2041;2048
2048;2041;2048
2048;2037;2048
2048;2041;2048
2041;2037;2037
2038;2048;2050
2039;2048;2051
2037;2037;2040
2039;2039;2036
2034;2048;2034
2039;2039;2031
2039;2041;2036
2039;2037;2048
2037;2039;2039
2041;2039;2048
2048;2040;2048
2048;2037;2039
2048;2041;2048
2048;2038;2051
2048;2039;2039
2048;2040;2052
2048;2040;2042
2048;2039;2048
2049;2039;2037
2048;2039;2040
2048;2039;2048
2037;2038;2048
2038;2039;2048
2039;2040;2053
2031;2042;2048
2034;2039;2048
2038;2036;2049
2037;2038;2049
2040;2040;2048
2048;2039;2048
2041;2039;2037
2048;2039;2048
2048;2038;2048
2048;2040;2039
2048;2039;2039
2049;2039;2048
2048;2048;2048
2048;2038;2052
2048;2048;2053
2048;2038;2057
2037;2039;2055
2037;2038;2052
2036;2039;2051
2037;2041;2053
2033;2038;2040
2035;2039;2038
2037;2048;2048
2035;2039;2037
2039;2036;2048
2048;2039;2040
2048;2048;2048
2048;2040;2053
2048;2040;2055
2048;2038;2058
2048;2039;2049
2050;2041;2056
2049;2040;2052
2050;2039;2053
2048;2041;2048
2048;2039;2048
2048;2048;2048
2037;2039;2053
2037;2048;2048
2036;2038;2053
2036;2039;2055
2033;2048;2052
2037;2038;2050
2039;2038;2053
2048;2039;2057
2040;2039;2049
2048;2038;2050
2048;2048;2048
2048;2039;2049
2048;2042;2048
2051;2039;2048
2057;2039;2048
2039;2039;2051
2048;2040;2049
2041;2039;2055
2048;2040;2055
2048;2037;2054
2038;2038;2061
2039;2038;2055
2041;2038;2048
2038;2039;2049
2031;2039;2048
2034;2041;2048
2048;2039;2041
2037;2039;2034
2048;2039;2051
2039;2040;2048
2040;2041;2053
2048;2039;2056
2048;2040;2050
2048;2038;2055
2049;2041;2032
2048;2041;2051
2048;2039;2048
2048;2039;2048
2048;2039;2040
2048;2037;2048
2039;2040;2048
2048;2038;2048
2048;2039;2051
2032;2039;2054
2035;2039;2055
2048;2039;2048
2031;2039;2050
2034;2048;2061
2048;2040;2048
2048;2048;2050
2041;2039;2048
2048;2038;2048
2048;2038;2048
2051;2038;2048
2054;2039;2048
2048;2038;2051
2051;2040;2048
2048;2039;2048
2048;2039;2051
2048;2040;2048
2039;2048;2058
2032;2039;2051
2048;2040;2049
2038;2037;2048
2034;2039;2048
2041;2048;2048
2031;2040;2039
2035;2038;2048
2040;2039;2037
2048;2039;2036
2048;2039;2048
2048;2039;2048
2048;2038;2051
2038;2039;2055
2051;2048;2048
2048;2041;2058
2049;2039;2048
2048;2041;2049
2048;2048;2048
2050;2041;2048
2038;2038;2048
2036;2039;2039
2048;2048;2035
2037;2039;2048
2034;2038;2039
2038;2048;2048
2035;2040;1792
2048;2040;2038
2038;2037;2050
2048;2039;2048
2048;2041;2048
2048;2037;2049
2048;2041;2048
2049;2040;2035
2051;2039;2041
2048;2040;2037
2048;2039;2034
2048;2039;2037
2048;2038;2035
2048;2038;2037
2048;2039;2041
2035;2041;2033
2048;2048;2048
2036;2041;2048
2028;2040;2048
2041;2040;2048
2039;2039;2038
2048;2040;2037
2038;2039;2035
2040;2048;2031
2048;2039;2033
2051;2038;2031
2040;2038;2035
2052;2039;2035
2053;2039;2038
2050;2039;2048
2048;2039;2048
2048;2039;2048
2048;2039;2048
2048;2040;2048
2048;2039;2048
2034;2039;2036
2048;2041;2035
2037;2039;2036
2035;2037;2038
2038;2048;2048
2036;2039;2030
2039;2039;2037
2048;2039;2037
2040;2041;1792
2048;2041;2048
2048;2038;2048
2048;2039;2048
2049;2039;2048
2051;2039;2038
2049;2039;2048
2050;2039;2049
2048;2039;2040
2041;2038;2048
2048;2041;2037
2048;2038;2048
2035;2039;2035
2040;2040;2048
2032;2039;2048
2037;2039;2048
2048;2039;2048
2034;2039;2048
2031;2041;2048
2039;2039;2049
2048;2048;2048
2048;2038;2048
2048;2038;2036
2039;2041;2038
2049;2039;2039
2050;2040;2034
2051;2039;2048
2049;2041;2048
2039;2039;2057
2048;2039;2053
2048;2039;2048
2048;2039;2049
2031;2040;2048
2037;2040;2048
2035;2048;2048
2034;2039;2048
2037;2039;2038
2039;2039;2041
2048;2041;2036
2048;2039;2048
2030;2039;2048
2036;2039;2054
2048;2039;2051
2050;2040;2048
2060;2039;2048
2048;2041;2048
2033;2039;2048
2051;2039;2048
2048;2039;2048
2041;2039;2048
2048;2039;2040
2048;2039;2048
2036;2039;2048
2031;2039;2048
2031;2041;2049
2037;2039;2053
2037;2039;2056
2037;2038;2053
2048;2040;2051
2048;2038;2053
2048;2039;2048
2048;2041;2048
2048;2040;2053
2038;2039;2048
2052;2039;2049
2048;2040;2048
2048;2040;2049
2048;2039;2050
2051;2040;2049
2036;2038;2055
2048;2039;2052
2048;2040;2053
2031;2040;2063
2037;2040;2048
2034;2040;2052
2039;2041;2048
2037;2038;2048
2037;2039;2048
2048;2038;2048
2041;2039;2055
2048;2037;2039
2039;2039;2055
2048;2039;2053
2048;2039;2057
2050;2039;2053
2048;2038;2050
2048;2040;2048
2049;2048;2048
2041;2039;2033
2048;2039;2048
2039;2039;2048
2048;2039;2039
2035;2039;2048
2035;2039;2048
2030;2039;2053
2036;2041;2055
2041;2039;2053
2036;2040;2054
2031;2041;2049
2035;2039;2053
2048;2037;2052
2057;2040;2049
2048;2040;2048
2048;2039;2048
2051;2038;2048
2048;2039;2040
2048;2039;2049
2048;2039;2048
2048;2039;2048
2040;2039;2055
2039;2039;2059
2040;2038;2061
2031;2048;2055
2048;2035;2048
2036;2040;2049
2034;2048;2051
2037;2039;2051
2036;2039;2049
2037;2039;2039
2048;2048;2039
2040;2037;2051
2048;2037;2048
2049;2037;2049
2048;2039;2048
2053;2037;2048
2048;2048;2058
2048;2037;2051
2048;2039;2050
2048;2040;2041
2039;2038;2048
2048;2048;2048
2041;2039;2039
2048;2039;2048
2034;2039;2048
2039;2039;2048
2038;2048;2052
2048;2040;2048
2039;2038;2049
2034;2048;2048
2041;2039;2054
2041;2048;2049
2048;2048;2056
2049;2040;2041
2048;2039;2036
2051;2039;2048
2048;2039;2039
2048;2039;2048
2052;2038;2048
2048;2039;2049
2048;2039;2048
2036;2039;2048
2048;2039;2053
2030;2038;2059
2031;2031;2038
2048;2040;2048
2048;2039;2048
2031;2037;2039
2039;2040;2048
2038;2040;2038
2048;2048;2048
2048;2039;2039
2048;2039;2048
2048;2039;2048
2048;2040;2051
2052;2037;2048
2048;2038;2052
2048;2039;2049
2048;2039;2040
2050;2039;2048
2048;2039;2048
2037;2038;2040
2040;2039;2048
2035;2040;2038
2039;2039;2038
2035;2039;2049
2034;2039;2049
2036;2039;2050
2048;2039;2050
2048;2041;2048
2048;2038;2048
2038;2039;2048
2048;2038;2048
2053;2037;2048
2048;2039;2037
2051;2039;2036
2048;2039;2037
2048;2038;2036
2048;2040;2048
2048;2039;2040
2048;2040;2048
2048;2048;2048
2037;2041;2048
2031;2039;2048
2053;2039;2038
2037;2048;2039
2033;2048;2048
2041;2039;2048
2040;2037;2030
2048;2039;2034
2048;2039;2032
2048;2039;2037
2048;2038;2038
2048;2038;2037
2048;2040;2036
2049;2048;2055
2049;2039;2048
2048;2039;2048
2048;2039;2036
2048;2040;2034
2048;2039;2039
2048;2041;2035
2037;2048;2035
2048;2039;2038
2040;2038;2028
2048;2041;2034
2039;2048;2035
2048;2038;2041
2036;2039;2038
2037;2040;2048
2036;2038;2037
2048;2038;2048
2050;2039;2048
2048;2039;2029
2048;2039;2037
2048;2041;2037
2048;2039;2031
2048;2039;2037
2050;2039;2036
2048;2039;2033
2048;2039;2048
2048;2040;2048
2035;2039;2048
2038;2040;2048
2037;2041;2039
2048;2039;2039
2035;2038;2050
2039;2037;2036
2034;2040;2033
2048;2039;2031
2049;2039;2030
2041;2039;2030
2040;2039;2036
2038;2037;2038
2051;2041;2038
2048;2039;2048
2053;2041;2048
2048;2039;2049
2048;2039;2048
2048;2039;2041
2048;2041;2037
2049;2040;2036
2036;2039;2034
2038;2039;2034
2037;2039;2038
2048;2040;2040
2034;2038;2039
2039;2041;2038
2034;2039;2039
2038;2039;2048
2048;2041;2048
2048;2048;2048
2048;2039;2037
2048;2039;2027
2048;2039;2031
2038;2039;2034
2050;2039;2037
2048;2040;2036
2048;2039;2048
2048;2039;2048
2048;2039;2039
2048;2039;2041
2048;2048;2051
2048;2039;2053
2038;2048;2039
2037;2041;2037
2033;2037;2048
2034;2041;2029
2039;2048;2031
2048;2040;2037
2039;2039;2034
2037;2039;2039
2048;2039;2038
2048;2040;2048
2048;2048;2048
2048;2040;2041
2048;2038;2040
2048;2048;2048
2048;2039;2039
2056;2039;2034
2048;2039;2048
2048;2040;2035
2038;2038;2037
2036;2040;2041
2048;2041;2048
2037;2041;2048
2036;2038;2041
2038;2039;2037
2039;2039;2048
2048;2038;2035
2048;2039;2039
2038;2039;2031
2048;2039;2034
2048;2038;2039
2041;2039;2024
2048;2038;2033
2048;2039;2040
2049;2039;2050
2048;2021;2054
2049;2040;2048
2050;2039;2041
2039;2039;2048
2048;2039;2048
2039;2039;2048
2035;2039;2036
2048;2039;2031
2048;2038;2026
2033;2040;2035
2039;2040;2030
2037;2040;2031
2041;2038;2048
2048;2048;2040
2042;2040;2048
2048;2041;2041
2048;2039;2048
2048;2037;2039
2048;2039;2031
2050;2038;2036
2048;2039;2029
2048;2039;2033
2050;2039;2038
2048;2037;2039
2048;2039;2048
2048;2039;2048
2039;2040;2048
2040;2048;2048
2039;2039;2048
2035;2039;2031
2039;2039;2031
2040;2039;2034
2035;2040;2030
2035;2039;2031
2048;2048;2030
2052;2038;2040
2053;2048;2048
2034;2041;2052
2048;2039;2048
2051;2040;2038
2048;2040;2048
2052;2039;2048
2039;2039;2048
2048;2040;2035
2048;2039;2038
2048;2039;2039
2048;2041;2031
2038;2036;2031
2031;2041;2030
2035;2048;2034
2036;2039;2041
2039;2039;2041
2038;2039;2048
2048;2039;2048
2048;2039;2051
2039;2038;2038
2048;2039;2048
2048;2039;2033
2060;2039;2037
2048;2039;2037
2040;2038;2037
2053;2039;2038
2048;2039;2040
2050;2040;2048
2048;2041;2049
2039;2048;2048
2037;2048;2048
2039;2039;2037
2038;2039;2041
2029;2041;2041
2036;2038;2040
2039;2040;2034
2038;2038;2031
2048;2048;2036
2039;2048;2036
2048;2039;2048
2048;2041;2048
2048;2039;2048
2049;2039;2048
2051;2048;2048
2054;2040;2058
2039;2038;2039
2048;2039;2051
2041;2041;2048
2050;2048;2040
2037;2039;2048
2029;2039;2031
2037;2039;2039
2030;2041;2053
2039;2040;2048
2039;2038;2032
2048;2038;2053
2034;2040;2041
2037;2039;2051
2039;2038;2048
2048;2040;2048
2039;2037;2048
2048;2039;2048
2048;2039;2048
2053;2036;2049
2048;2038;2048
2051;2039;2048
2048;2041;2048
2038;2038;2040
2048;2039;2055
2037;2039;2057
2039;2040;2050
2041;2041;2048
2035;2048;2049
2031;2039;2036
2048;2035;2039
2034;2039;2034
2048;2040;2052
2048;2039;2037
2039;2039;2036
2037;2039;2038
2048;2040;2048
2057;2041;2049
2051;2041;2050
2049;2039;2050
2049;2039;2050
2048;2039;2048
2048;2040;2039
2048;2039;2048
2048;2039;2048
2048;2048;2041
2034;2039;2039
2032;2048;2048
2033;2037;2056
2048;2048;2052
2034;2038;2048
2038;2040;2048
2048;2031;2055
2048;2039;2048
2039;2041;2040
2048;2039;2040
2048;2041;2040
2048;2039;2041
2048;2038;2038
2053;2039;2033
2050;2041;2048
2048;2040;2048
2048;2039;2048
2048;2038;2048
2042;2041;2054
2048;2048;2054
2028;2041;2048
2039;2041;2038
2036;2040;2038
2033;2039;2048
2033;2040;2041
2041;2039;2048
2033;2041;2040
2039;2039;2048
2048;2038;2048
2049;2048;2048
2039;2040;2050
2048;2039;2050
2048;2039;2049
2050;2039;2048
2048;2039;2052
2048;2039;2050
2048;2038;2048
2040;2039;2048
2048;2039;2039
2048;2040;2041
2029;2048;2049
2036;2039;2048
2037;2039;2050
2048;2041;2052
2048;2039;2053
2033;2040;2054
2048;2039;2048
2048;2040;2052
2033;2039;2051
2040;2040;2048
2049;2039;2048
2053;2039;2048
2048;2040;2048
2038;2039;2048
2048;2038;2048
2048;2038;2056
2048;2040;2052
2048;2041;2054
2048;2040;2040
2038;2039;2054
2038;2039;2048
2048;2038;2048
2038;2041;2039
2039;2048;2038
2031;2039;2039
2037;2041;2037
2041;2040;2049
2048;2038;2049
2034;2039;2050
2048;2039;2052
2054;2039;2048
2048;2039;2056
2048;2039;2051
2049;2039;2048
2048;2048;2048
2048;2041;2048
2052;2040;2037
2049;2039;2048
2040;2038;2048
2048;2039;2048
2034;2040;2050
2040;2039;2048
2035;2048;2048
2038;2048;2054
2038;2048;2050
2039;2039;2059
2048;2040;2048
2034;2041;2049
2040;2039;2039
2048;2037;2048
2049;2039;2038
2058;2039;2048
2053;2038;2048
2059;2039;2048
2055;2039;2048
2048;2048;2048
2041;2039;2055
2048;2039;2051
2048;2039;2048
2048;2039;2050
2030;2040;2039
2037;2041;2039
2032;2041;2052
2037;2040;2053
2037;2040;2048
2035;2039;2049
2048;2040;2048
2039;2039;2048
2039;2041;2054
2039;2039;2057
2055;2037;2053
2037;2039;2048
2052;2039;2048
2048;2039;2037
2048;2039;2048
2048;2038;2048
2048;2039;2048
2048;2039;2054
2038;2036;2048
2048;2036;2048
2036;2040;2061
2037;2041;2048
2031;2041;2061
2029;2048;2048
2035;2039;2048
2039;2039;2048
2048;2039;2048
2048;2039;2040
2035;2040;2039
2050;2039;2050
2049;2040;2048
2048;2039;2048
2048;2039;2050
2048;2039;2056
2036;2039;2055
2048;2039;2053
2048;2039;2049
2048;2039;2048
2049;2041;2048
2048;2038;2048
2031;2039;2049
2036;2039;2048
2026;2040;2052
2048;2038;2048
2036;2038;2049
2057;2041;2054
2036;2039;2050
2041;2039;2051
2048;2039;2050
2037;2039;2059
2048;2041;2048
2049;2038;2049
2055;2038;2048
2050;2039;2041
2048;2039;2048
2048;2039;2048
2048;2048;2048
2048;2038;2048
2048;2039;2058
2048;2039;2051
2031;2039;2051
2037;2038;2061
2031;2038;2054
2035;2040;2049
2048;2039;2048
2041;2041;2056
2048;2037;2036
2048;2037;2048
2048;2038;2039
2048;2039;2048
2048;2048;2048
2048;2039;2053
2051;2037;2053
2050;2039;2058
2048;2041;2052
2048;2039;2048
2048;2039;2048
2039;2040;2050
2038;2039;2056
2038;2048;2050
2035;2048;2048
2039;2039;2039
2048;2039;2048
2034;2039;2048
2040;2039;2055
2034;2041;2051
2037;2039;2050
2048;2041;2053
2041;2039;2048
2048;2039;2050
2050;2038;2048
2048;2039;2039
2051;2039;2048
2053;2037;2048
2048;2039;2048
2050;2039;2049
2048;2039;2048
2048;2039;2051
2049;2039;2049
2038;2039;2049
2035;2048;2053
2038;2031;2048
2037;2039;2053
2034;2038;2048
2037;2041;2034
2035;2039;2048
2038;2039;2049
2038;2040;2040
2048;2039;2033
2048;2038;2037
2048;2039;2036
2048;2039;2048
2049;2039;2048
2053;2039;2048
2037;2040;2054
2048;2039;2048
2049;2037;2051
2048;2039;2052
2048;2038;2048
2035;2048;2048
2035;2041;2048
2037;2037;2035
2048;2039;2048
2048;2038;2038
2038;2034;2039
2037;2039;2040
2035;2040;2039
2037;2041;2048
2048;2039;2035
2048;2039;2049
2053;2039;2048
2048;2039;2048
2048;2034;2031
2048;2039;2048
2048;2039;2038
2039;2039;2034
2052;2039;2038
2048;2040;2035
2048;2039;2039
2034;2041;2048
2031;2038;2048
2039;2041;2048
2039;2039;2048
2037;2040;2040
2039;2038;2039
2035;2039;2037
2040;2037;2038
2048;2039;2029
2041;2039;2033
2048;2038;2028
2048;2039;2037
2048;2041;2038
2051;2038;2050
2048;2039;2065
2040;2039;2048
2052;2039;2039
2051;2038;2048
2037;2041;2048
2048;2039;2039
2037;2038;2048
2035;2039;2038
2048;2039;2037
2039;2040;2037
2031;2038;2037
2048;2039;2048
2038;2037;2051
2037;2037;2051
2034;2038;2048
2048;2039;2048
2052;2037;2035
2048;2037;2035
2048;2039;2037
2048;2039;2035
2052;2039;2038
2048;2039;2035
2048;2041;2038
2049;2048;2041
2049;2039;2050
2039;2039;2055
2048;2039;2055
2040;2039;2052
2039;2039;2040
2038;2039;2048
2036;2038;2037
2036;2039;2033
2048;2038;2040
2048;2038;2038
2048;2037;2034
2048;2039;2049
2049;2041;2038
2048;2039;2049
2048;2038;2049
2048;2039;2048
2050;2037;2048
2048;2040;2048
2048;2041;2037
2049;2039;2039
2048;2037;2040
2048;2041;2048
2039;2039;2048
2035;2039;2061
2048;2040;2049
2037;2037;2055
2037;2039;2049
2048;2048;2048
2031;2038;2048
2048;2037;2048
2048;2039;2048
2034;2038;2042
2049;2039;2040
2048;2037;2048
2039;2038;2038
2048;2039;2048
2055;2039;2041
2048;2039;2054
2048;2039;2056
2049;2040;2049
2055;2037;2048
2037;2038;2051
2037;2038;2048
2039;2039;2050
2041;2037;2037
2037;2039;2054
2039;2038;2035
2035;2038;2039
2048;2039;2048
2037;2039;2051
2048;2038;2049
2041;2039;2053
2038;2038;2056
2048;2038;2048
2048;2041;2050
2048;2039;2048
2053;2037;2048
2048;2039;2049
2048;2038;2048
2049;2039;2051
2050;2039;2054
2048;2039;2048
2036;2041;2058
2048;2048;2059
2033;2039;2055
2039;2039;2048
2037;2040;2048
2039;2040;2048
2038;2040;2048
2039;2038;2048
2037;2039;2048
2039;2039;2048
2048;2039;2039
2048;2041;2048
2048;2039;2051
2048;2039;2061
2049;2039;2053
2048;2038;2058
2040;2038;2051
2048;2039;2055
2048;2038;2048
2048;2039;2048
2040;2040;2048
2039;2039;2050
2035;2039;2054
2048;2038;2051
2037;2048;2052
2035;2039;2053
2040;2040;2050
2039;2039;2052
2034;2040;2048
2038;2039;2051
2048;2039;2039
2048;2039;2048
2048;2037;2049
2048;2039;2048
2049;2039;2050
2048;2039;2055
2048;2039;2057
2048;2039;2054
2048;2039;2055
2048;2041;2059
2039;2039;2051
2048;2041;2058
2039;2039;2048
2037;2039;2048
2034;2040;2048
2038;2039;2048
2039;2038;2048
2041;2038;2054
2039;2039;2048
2039;2039;2052
2038;2039;2053
2048;2039;2054
2048;2039;2055
2048;2040;2053
2050;2039;2048
2049;2039;2051
2048;2040;2048
2048;2039;2050
2048;2039;2048
2048;2039;2048
2048;2036;2055
2036;2039;2051
2049;2040;2053
2040;2040;2051
2034;2039;2054
2030;2038;2052
2048;2039;2048
2037;2039;2048
2039;2039;2037
2039;2040;2048
2038;2039;2048
2048;2048;2048
2048;2038;2053
2048;2038;2048
2051;2037;2059
2048;2031;2056
2048;2039;2055
2048;2048;2062
2048;2041;2049
2039;2039;2039
2048;2039;2048
2048;2039;2050
2040;2048;2048
2037;2040;2049
2035;2041;2049
2031;2039;2048
2039;2039;2048
2033;2039;2051
2037;2039;2053
2037;2039;2048
2048;2041;2048
2048;2039;2048
2048;2040;2041
2048;2041;2039
2049;2039;2048
2048;2040;2041
2048;2038;2048
2048;2038;2048
2048;2040;2049
2048;2040;2050
2048;2040;2055
2039;2040;2055
2048;2039;2048
2035;2039;2039
2037;2048;2048
2031;2039;2033
2037;2039;2037
2034;2039;2048
2048;2038;2048
2037;2039;2048
2039;2039;2048
2048;2041;2048
2048;2048;2041
2048;2039;2048
2048;2048;2048
2052;2041;2048
2050;2039;2037
2042;2039;2039
2048;2035;2048
2048;2039;2048
2048;2040;2041
2035;2038;2048
2039;2040;2048
2041;2039;2048
2033;2037;2048
2034;2048;2048
2041;2040;2048
2048;2041;2048
2037;2048;2039
2040;2041;2034
2040;2039;2039
2048;2039;2048
2048;2040;2039
2033;2040;2048
2048;2039;2049
2054;2041;2048
2050;2039;2051
2050;2039;2053
2050;2039;2049
2048;2040;2048
2048;2039;2039
2048;2040;2048
2048;2040;2036
2039;2048;2034
2030;2039;2036
2036;2039;2048
2048;2039;2048
2034;2039;2036
2038;2039;2048
2039;2048;2048
2039;2040;2049
2048;2038;2039
2050;2040;2033
2048;2039;2035
2048;2038;2037
2051;2037;2039
2048;2039;2048
2050;2040;2048
2048;2039;2048
2048;2037;2050
2048;2041;2048
2039;2039;2040
2034;2038;2048
2039;2041;2048
2034;2048;2048
2033;2039;2033
2036;2040;2048
2038;2039;2034
2037;2040;2035
2051;2040;2036
2039;2037;2041
2041;2039;2048
2052;2038;2053
2040;2039;2048
2048;2041;2048
2050;2038;2049
2048;2040;2036
2048;2037;2048
2048;2039;2048
2048;2039;2034
2048;2038;2048
2039;2039;2048
2039;2039;2039
2037;2040;2041
2034;2039;2048
2034;2048;2055
2031;2039;2048
2038;2040;2049
2039;1792;2048
2041;2038;2048
2048;2048;2037
2039;2038;2035
2039;2039;2034
2048;2040;2038
2051;2039;2048
2051;2037;2035
2050;2039;2048
2051;2041;2048
2048;2041;2050
2048;2040;2050
2048;2039;2052
2048;2048;2048
2031;2037;2038
2048;2038;2039
2030;2048;2048
2033;2048;2048
2035;2039;2048
2035;2037;2037
2048;2037;2031
2048;2039;2048
2048;2039;2050
2041;2039;2049
2051;2039;2048
2048;2040;2048
2053;2038;2048
2048;2039;2036
2048;2039;2034
2050;2039;2048
2048;2038;2037
2048;2039;2034
2048;2039;2048
2048;2037;2048
2034;2039;2037
2051;2040;2040
2031;2048;2048
2031;2039;2055
2037;2040;2049
2036;2039;2048
2038;2040;2048
2041;2048;2297
2048;2040;2048
2040;2039;2035
2048;2038;2037
2048;2041;2048
2050;2037;2039
2049;2038;2038
2048;2039;2048
2049;2038;2048
2048;2038;2051
2048;2037;2048
2041;2040;2041
2048;2039;2039
2031;2039;2048
2039;2041;2039
2034;2039;2037
2035;2041;2042
2040;2048;2048
2031;2048;2037
2039;2039;2048
2048;2038;2048
2048;2037;2048
2039;2040;2048
2048;2048;2039
2048;2037;2048
2051;2048;2048
2048;2039;2048
2048;2039;2040
2048;2039;2036
2049;2048;2048
2051;2039;2041
2039;2039;2048
2048;2041;2048
2031;2039;2050
2048;2039;2048
2036;2030;2048
2034;2039;2048
2038;2039;2048
2034;2039;2048
2037;2038;2041
2049;2039;2036
2048;2038;2036
2048;2038;2038
2048;2040;1792
2048;2038;2048
2048;2039;2052
2048;2038;2055
2048;2037;2048
2048;2039;2037
2052;2037;2041
2034;2041;2048
2037;2036;2039
2041;2040;2039
2040;2038;2039
2037;2039;2040
2031;2040;2048
2036;2038;2039
2039;2037;2065
2036;2048;2050
2039;2039;2041
2040;2036;2048
2048;2038;2048
2038;2039;2048
2049;2039;2037
2048;2039;2037
2053;2041;2034
2048;2039;2033
2048;2038;2040
2048;2039;2048
2048;2031;2048
2048;2038;2048
2048;2039;2048
2040;2039;2048
2039;2039;2048
2037;2039;2048
2031;2040;2039
2034;2039;2035
2037;2041;2037
2036;2039;2037
2048;2042;2039
2039;2039;2039
2048;2039;2036
2048;2039;2048
2053;2040;2039
2048;2039;2040
2048;2039;2034
2048;2039;2039
2048;2040;2037
2051;2041;2033
2050;2039;2033
2048;2040;2037
2048;2039;2041
2048;2039;2035
2033;2040;2048
2035;2039;2037
2037;2039;2039
2048;2040;2048
2037;2039;2037
2038;2038;2038
2040;2048;2035
2048;2037;2040
2048;2038;2035
2048;2039;2048
2048;2038;2029
2048;2039;2048
2048;2038;2034
2048;2039;2048
2048;2039;2048
2048;2041;2048
2049;2039;2048
2040;2039;2037
2048;2048;2039
2048;2039;2032
2035;2040;2034
2048;2039;2036
2035;2039;2035
2037;2039;2036
2041;2048;2035
2035;2048;2048
2038;2048;2048
2048;2038;2037
2048;2039;2037
2039;2038;2041
2048;2039;2034
2048;2040;2039
2054;2039;2031
2052;2039;2031
2048;2037;2034
2039;2039;2037
2048;2039;2035
2048;2039;2048
2048;2039;2048
2048;2040;2048
2030;2041;2048
2039;2039;2048
2034;2039;2048
2035;2040;2036
2048;2038;2034
2036;2039;2031
2037;2037;2038
2041;2040;2037
2048;2039;2035
2048;2048;2036
2048;2039;2048
2048;2038;2041
2048;2038;2039
2048;2048;2048
2048;2039;2052
2048;2041;2039
2048;2038;2039
2050;2039;2039
2048;2039;2033
2034;2039;2048
2035;2037;2048
2048;2037;2048
2033;2041;2048
2033;2037;2048
2038;2039;2038
2039;2039;2048
2038;2038;2041
2048;2039;2048
2048;2038;2033
2048;2048;2048
2049;2038;2041
2041;2038;2033
2048;2040;2048
2054;2037;2038
2048;2028;2048
2048;2039;2050
2048;2038;2050
2049;2040;2050
2039;2039;2051
2048;2039;2054
2041;2039;2048
2031;2039;2048
2036;2048;2039
2037;2037;2048
2039;2037;2048
2039;2039;2048
2038;2041;2048
2041;2038;2048
2048;2039;2050
2048;2041;2052
2048;2039;2048
2048;2039;2048
2049;2037;2048
2041;2037;2049
2048;2039;2051
2050;2039;2049
2049;2040;2048
2038;2038;2053
2041;2048;2057
2048;2038;2052
2038;2037;2057
2038;2039;2049
2034;2039;2048
2037;2038;2049
2039;2038;2036
2038;2039;2037
2037;2039;2037
2048;2039;2048
2048;2039;2048
2048;2040;2048
2048;2039;2051
2048;2039;2055
2048;2038;2049
2048;2039;2054
2048;2037;2056
2049;2039;2048
2048;2039;2048
2048;2039;2048
2048;2040;2048
2035;2039;2048
2038;2038;2048
2039;2038;2050
2035;2039;2048
2035;2039;2057
2037;2040;2048
2040;2036;2050
2036;2038;2049
2037;2037;2048
2048;2048;2048
2051;2048;2039
2048;2034;2037
2048;2038;2039
2035;2037;2041
2048;2039;2051
2048;2039;2055
2049;2041;2053
2048;2039;2048
2048;2039;2050
2038;2039;2054
2039;2040;2052
2035;2039;2048
2048;2037;2048
2048;2038;2048
2032;2041;2040
2035;2048;2039
2039;2039;2040
2038;2040;2050
2040;2038;2040
2041;2040;2048
2048;2038;2048
2048;2039;2048
2048;2039;2051
2048;2039;2050
2048;2038;2048
2048;2040;2051
2048;2040;2052
2048;2039;2048
2057;2039;2041
2048;2048;2049
2048;2039;2048
2034;2039;2048
2035;2038;2055
2038;2037;2054
2034;2040;2054
2037;2048;2048
2039;2041;2053
2036;2040;2048
2041;2039;2048
2048;2041;2048
