2048;2037;2048
2048;2038;2048
2048;2038;2050
2048;2038;2048
2048;2038;2038
2040;2039;2048
2038;2038;2048
2048;2038;2037
2040;2039;2033
2036;2039;2031
2038;2038;2029
2039;2037;2038
2040;2038;2035
2040;2038;2037
2039;2038;2035
2048;2039;2039
2048;2036;2048
2048;2038;2048
2048;2037;2037
2050;2037;2031
2048;2037;2048
2048;2039;2039
2048;2038;2031
2048;2039;2035
2048;2037;2031
2040;2039;2048
2039;2037;2048
2039;2038;2039
2039;2037;2048
2036;2039;2048
2037;2039;2030
2038;2039;2048
2037;2038;2048
2048;2037;2033
2048;2039;2031
2048;2039;2028
2048;2039;2031
2048;2038;2029
2048;2039;2037
2052;2037;2037
2048;2038;2049
2048;2048;2048
2048;2041;2048
2048;2038;2048
2048;2041;2049
2041;2039;2053
2039;2038;2048
2039;2039;2048
2039;2041;2048
2037;2041;2030
2035;2039;2028
2039;2039;2034
2048;2038;2035
2048;2048;2048
2041;2039;2039
2048;2039;2048
2048;2039;2048
2048;2038;2055
2048;2039;2051
2048;2039;2062
2050;2039;2053
2048;2039;2054
2048;2039;2048
2048;2039;2054
2048;2037;2049
2048;2039;2050
2038;2039;2050
2040;2036;2048
2039;2039;2051
2035;2039;2051
2034;2040;2048
2039;2038;2056
2039;2038;2050
2037;2038;2049
2048;2038;2051
2048;2039;2048
2048;2039;2052
2048;2039;2049
2048;2038;2049
2048;2038;2040
2050;2038;2049
2048;2037;2049
2048;2038;2048
2048;2039;2051
2048;2037;2061
2048;2038;2059
2039;2039;2065
2038;2039;2052
2038;2038;2054
2035;2048;2056
2034;2038;2048
2039;2039;2048
2039;2038;2034
2039;2039;2048
2039;2037;2037
2048;2034;2037
2048;2037;2048
2048;2038;2048
2048;2038;2048
2048;2037;2051
2051;2038;2050
2048;2040;2055
2048;2039;2048
2048;2037;2053
2048;2038;2049
2048;2048;2049
2039;2038;2048
2039;2038;2036
2039;2037;2040
2034;2041;2039
2033;2036;2039
2038;2036;2052
2039;2038;2039
2039;2036;2048
2039;2039;2052
2048;2037;2048
2048;2038;2048
2048;2039;2048
2048;2037;2048
2050;2039;2038
2050;2038;2048
2048;2041;2048
2048;2037;2048
2048;2038;2055
2048;2038;2048
2048;2037;2053
2039;2037;2053
2038;2038;2058
2039;2038;2053
2035;2037;2048
2033;2039;2048
2036;2038;2048
2039;2039;2039
2048;2037;2038
2038;2039;2040
2038;2037;2048
2048;2037;2038
2048;2036;2049
2048;2039;2052
2048;2039;2060
2054;2038;2048
2048;2037;2055
2049;2038;2048
2048;2037;2048
2048;2038;2048
2048;2039;2038
2041;2039;2050
2038;2037;2039
2039;2038;2048
2036;2038;2039
2029;2039;2057
2036;2039;2049
2036;2039;2050
2039;2038;2054
2048;2039;2053
2037;2039;2048
2048;2036;2048
2048;2039;2048
2049;2038;2039
2048;2038;2041
2052;2037;2048
2048;2038;2048
2050;2039;2039
2048;2038;2055
2048;2039;2056
2048;2039;2048
2040;2039;2055
2035;2036;2048
2042;2039;2039
2035;2039;2048
2031;2039;2049
2037;2036;2048
2038;2037;2037
2048;2038;2035
2039;2038;2048
2038;2039;2039
2048;2039;2053
2048;2038;2060
2048;2039;2054
2049;2037;2048
2051;2040;2048
2048;2037;2039
2048;2039;2048
2048;2037;2048
2048;2038;2048
2048;2037;2048
2039;2038;2050
2036;2039;2048
2037;2037;2053
2031;2038;2052
2031;2038;2063
2039;2037;2048
2037;2039;2049
2038;2037;2049
2048;2038;2048
2040;2037;2048
2041;2037;2048
2048;2037;2048
2048;2039;2048
2048;2037;2058
2052;2037;2050
2048;2038;2056
2048;2040;2054
2048;2048;2058
2048;2039;2056
2048;2040;2048
2048;2039;2049
2037;2038;2048
2039;2039;2048
2032;2039;2048
2034;2048;2050
2035;2038;2048
2035;2038;2055
2039;2037;2053
2048;2039;2054
2039;2039;2056
2048;2038;2048
2048;2036;2050
2048;2039;2049
2048;2031;2048
2052;2037;2039
2048;2037;2048
2048;2038;2048
2048;2038;2048
2048;2039;2048
2048;2039;2041
2048;2037;2053
2035;2039;2049
2039;2039;2035
2034;2039;2049
2034;2038;2048
2038;2037;2048
2037;2039;2039
2040;2037;2036
2042;2037;2033
2037;2038;2036
2048;2037;2035
2048;2039;2036
2048;2039;2033
2053;2037;2048
2051;2038;2048
2048;2039;2037
2048;2038;2048
2048;2037;2048
2048;2041;2048
2048;2038;2039
2048;2040;2038
2036;2037;2039
2041;2038;2030
2034;2037;2031
2034;2037;2039
2039;2037;2031
2036;2038;2031
2048;2038;2027
2048;2037;2039
2048;2039;2035
2048;2039;2048
2055;2039;2036
2048;2039;2041
2052;2039;2048
2050;2037;2038
2050;2039;2031
2051;2037;2034
2048;2037;2034
2048;2039;2037
2048;2037;2041
2048;2037;2036
2033;2038;2048
2041;2037;2036
2034;2039;2039
2034;2038;2049
2039;2037;2051
2035;2037;2048
2041;2037;2037
2048;2038;2039
2048;2037;2034
2048;2037;2033
2048;2048;2039
2048;2038;2039
2051;2037;2035
2049;2038;2031
2048;2039;2048
2048;2039;2041
2048;2039;2048
2048;2048;2058
2048;2037;2048
2048;2039;2049
2034;2037;2048
2038;2038;2035
2034;2039;2032
2037;2040;2048
2040;2037;2037
2037;2038;2048
2038;2039;2039
2048;2039;2049
2048;2039;2048
2042;2037;2053
2049;2037;2050
2048;2039;2048
2051;2037;2048
2048;2037;2039
2048;2039;2031
2049;2037;2048
2048;2039;2038
2048;2038;2041
2048;2038;2048
2048;2037;2048
2031;2038;2048
2038;2038;2048
2031;2040;2055
2034;2037;2049
2039;2038;2054
2031;2038;2048
2038;2039;2037
2048;2048;2048
2048;2037;2048
2041;2038;2048
2048;2039;2036
2048;2039;2048
2052;2039;2049
2048;2035;2048
2048;2038;2048
2048;2039;2048
2048;2038;2056
2048;2039;2058
2041;2039;2048
2048;2031;2048
2031;2039;2048
2038;2039;2041
2034;2037;2048
2036;2039;2048
2040;2036;2048
2037;2039;2050
2039;2037;2051
2048;2037;2049
2040;2039;2054
2048;2037;2052
2049;2039;2039
2048;2039;2037
2051;2039;2037
2048;2039;2048
2048;2037;2050
2062;2038;2037
2048;2039;2048
2048;2039;2048
2048;2037;2048
2041;2039;2049
2033;2048;2060
2037;2037;2055
2030;2039;2063
2036;2039;2048
2048;2041;2051
2035;2039;2059
2039;2037;2048
2048;2037;2048
2040;2036;2048
2039;2039;2048
2050;2038;2034
2048;2031;2048
2048;2038;2048
2048;2039;2057
2048;2037;2057
2048;2038;2055
2048;2039;2055
2041;2039;2070
2039;2039;2060
2038;2038;2057
2033;2039;2052
2036;2039;2054
2035;2039;2048
2033;2037;2048
2048;2039;2038
2037;2037;2049
2038;2039;2053
2048;2039;2061
2048;2038;2051
2048;2037;2053
2048;2039;2059
2048;2037;2054
2052;2037;2040
2049;2031;2048
2048;2039;2048
2048;2038;2048
2048;2039;2049
2048;2037;2048
2048;2041;2053
2037;2037;2051
2033;2035;2069
2036;2038;2061
2031;2038;2063
2034;2035;2048
2048;2041;2049
2037;2038;2053
2039;2037;2048
2048;2037;2048
2048;2038;2048
2048;2039;2051
2049;2037;2034
2048;2039;2051
2049;2038;2048
2048;2036;2049
2048;2037;2054
2048;2039;2058
2048;2038;2057
2048;2039;2058
2039;2039;2051
2041;2039;2048
2033;2039;2051
2039;2038;2039
2033;2039;2052
2038;2037;2041
2039;2038;2039
2037;2037;2054
2037;2036;2048
2048;2036;2049
2048;2037;2048
2048;2038;2051
2048;2036;2049
2048;2038;2050
2050;2039;2048
2048;2037;2048
2048;2038;2053
2048;2038;2041
2048;2048;2048
2048;2039;2048
2039;2039;2048
2039;2037;2048
2034;2038;2055
2038;2037;2048
2035;2039;2060
2035;2037;2050
2048;2039;2035
2039;2039;2048
2041;2037;2048
2048;2039;2039
2048;2039;2039
2048;2037;2040
2048;2037;2026
2048;2037;2038
2048;2037;2029
2050;2039;2048
2048;2039;2051
2048;2039;2048
2048;2039;2048
2048;2039;2053
2048;2040;2051
2036;2036;2051
2037;2037;2048
2040;2039;2041
2037;2038;2048
2037;2036;2027
2041;2040;2033
2040;2036;2037
2041;2037;2048
2041;2037;2039
2048;2039;2048
2054;2039;2048
2048;2038;2033
2048;2039;2048
2048;2038;2048
2048;2037;2034
2048;2038;2048
2048;2037;2037
2049;2039;2029
2048;2037;2039
2048;2040;2048
2037;2039;2048
2037;2037;2051
2040;2039;2039
2038;2037;2048
2038;2038;2039
2040;2039;2039
2039;2037;2048
2048;2037;2048
2048;2038;2034
2048;2038;2033
2048;2038;2034
2048;2038;2028
2048;2036;2051
2048;2039;2048
2048;2039;2038
2048;2048;2057
2048;2036;2048
2048;2038;2053
2048;2038;2048
2048;2038;2048
2037;2038;2048
2039;2039;2048
2040;2038;2033
2036;2039;2048
2034;2040;2040
2039;2037;2048
2041;2038;2048
2037;2038;2053
2041;2039;2048
2048;2039;2048
2048;2039;2039
2048;2037;2048
2048;2037;2038
2048;2038;2037
2048;2034;2048
2048;2038;2048
2048;2038;2048
2048;2037;2048
2048;2038;2053
2048;2039;2048
2037;2037;2050
2037;2037;2048
2037;2037;2052
2037;2038;2049
2037;2039;2048
2041;2038;2048
2040;2036;2033
2039;2035;2037
2040;2048;2029
2048;2040;2034
2049;2039;2035
2048;2037;2031
2048;2048;2036
2048;2039;2035
2048;2037;2039
2048;2037;2049
2048;2041;2053
2048;2038;2048
2048;2038;2039
2048;2040;2048
2037;2038;2040
2039;2036;2035
2039;2039;2029
2048;2039;2031
2036;2039;2030
2037;2048;2031
2048;2039;2037
2041;2038;2040
2041;2038;2030
2048;2038;2039
2048;2039;2039
2049;2037;2036
2048;2038;2036
2048;2036;2031
2050;2038;2036
2050;2037;2038
2048;2038;2035
2048;2038;2036
2048;2038;2039
2048;2038;2040
2048;2040;2049
2041;2039;2048
2039;2039;2038
2038;2038;2048
2037;2039;2048
2038;2038;2028
2039;2036;2031
2038;2039;2029
2032;2039;2027
2048;2037;2027
2048;2039;2023
2048;2038;2034
2048;2040;2037
2048;2039;2039
2050;2039;2038
2048;2039;2048
2048;2037;2039
2048;2040;2048
2048;2039;2038
2048;2039;2031
2041;2039;2039
2040;2039;2033
2039;2038;2031
2048;2038;2041
2041;2038;2040
2037;2040;2048
2039;2039;2038
2039;2037;2037
2048;2038;2048
2048;2039;2040
2048;2038;2031
2048;2039;2031
2048;2039;2033
2048;2037;2036
2049;2038;2029
2051;2038;2031
2048;2040;2048
2048;2038;2048
2048;2039;2048
2048;2038;2048
2048;2039;2049
2038;2033;2048
2039;2039;2048
2048;2038;2038
2035;2039;2031
2033;2037;2037
2039;2037;2029
2038;2035;2037
2048;2037;2026
2039;2039;2035
2048;2039;2037
2048;2037;2035
2048;2037;2048
2049;2041;2048
2048;2038;2048
2051;2038;2048
2048;2037;2034
2048;2039;2048
2048;2038;2037
2048;2039;2048
2048;2037;2048
2048;2041;2048
2037;2039;2036
2037;2039;2039
2035;2038;2048
2035;2038;2048
2048;2038;2050
2036;2038;2048
2038;2036;2048
2048;2038;2050
2040;2038;2048
2048;2038;2049
2048;2039;2050
2048;2037;2037
2048;2038;2048
2051;2038;2048
2048;2037;2048
2048;2037;2048
2048;2037;2048
2048;2039;2053
2048;2038;2055
2037;2039;2048
2037;2038;2049
2039;2038;2052
2035;2038;2048
2034;2038;2037
2039;2038;2033
2038;2040;2033
2039;2039;2037
2039;2037;2048
2048;2039;2039
2048;2037;2048
2048;2039;2048
2048;2041;2051
2048;2038;2058
2054;2037;2053
2048;2039;2061
2048;2039;2055
2048;2037;2039
2048;2039;2048
2048;2038;2048
2039;2037;2049
2037;2037;2048
2038;2038;2048
2036;2038;2053
2031;2038;2054
2037;2039;2052
2038;2036;2049
2038;2036;2051
2039;2038;2052
2042;2038;2048
2048;2038;2048
2048;2036;2048
2048;2037;2050
2048;2038;2039
2051;2037;2041
2048;2038;2050
2048;2039;2049
2048;2037;2048
2048;2037;2054
2048;2037;2059
2038;2038;2059
2036;2039;2048
2039;2038;2048
2031;2037;2048
2031;2037;2057
2036;2039;2048
2036;2037;2039
2038;2039;2041
2039;2038;2049
2039;2038;2053
2048;2038;2049
2048;2034;2061
2048;2038;2059
2048;2034;2061
2053;2036;2054
2048;2039;2050
2048;2039;2051
2048;2041;2048
2048;2037;2048
2048;2039;2048
2048;2038;2053
2037;2038;2048
2039;2039;2048
2035;2037;2052
2034;2038;2057
2036;2038;2051
2036;2037;2053
2039;2037;2061
2048;2038;2052
2039;2039;2050
2048;2037;2048
2048;2039;2048
2048;2039;2049
2048;2037;2048
2049;2037;2048
2048;2037;2048
2048;2038;2049
2048;2036;2051
2048;2039;2059
2048;2038;2061
2039;2037;2056
2037;2037;2051
2040;2039;2051
2034;2037;2048
2031;2037;2054
2034;2037;2048
2037;2039;2048
2039;2040;2048
2040;2037;2048
2048;2039;2050
2048;2037;2049
2048;2036;2054
2042;2038;2052
2048;2038;2052
2050;2037;2048
2048;2037;2048
2048;2037;2049
2048;2039;2048
2048;2037;2039
2048;2039;2041
2041;2039;2049
2035;2036;2048
2039;2038;2053
2035;2038;2060
2033;2039;2057
2036;2038;2054
2037;2039;2056
2040;2038;2049
2039;2038;2048
2041;2037;2048
2048;2037;2048
2049;2037;2039
2048;2036;2048
2048;2039;2048
2051;2039;2053
2048;2039;2050
2048;2039;2055
2048;2039;2055
2048;2039;2048
2048;2031;2052
2041;2038;2050
2030;2038;2049
2048;2039;2048
2035;2037;2041
2034;2038;2048
2038;2037;2040
2038;2037;2048
2039;2038;2050
2048;2037;2053
2048;2037;2059
2039;2038;2048
2048;2039;2054
2048;2038;2053
2048;2040;2050
2051;2037;2048
2048;2039;2048
2049;2038;2050
2048;2038;2048
2040;2038;2048
2048;2039;2048
2048;2039;2048
2035;2039;2050
2037;2037;2050
2035;2039;2052
2034;2038;2062
2036;2037;2048
2036;2037;2048
2048;2037;2048
2048;2037;2048
2048;2036;2048
2037;2035;2048
2048;2039;2048
2048;2039;2054
2050;2037;2054
2049;2037;2036
2048;2040;2054
2048;2036;2055
2048;2038;2061
2039;2039;2059
2040;2038;2048
2048;2039;2050
2036;2037;2048
2039;2039;2038
2033;2038;2039
2037;2037;2048
2037;2038;2053
2041;2037;2048
2039;2039;2048
2040;2039;2056
2041;2039;2052
2048;2038;2048
2048;2039;2050
2048;2038;2048
2048;2039;2039
2049;2037;2041
2048;2037;2048
2048;2037;2048
2048;2039;2048
2041;2036;2048
2048;2038;2048
2048;2039;2050
2035;2041;2052
2033;2038;2053
2031;2039;2048
2038;2038;2054
2038;2039;2048
2038;2038;2048
2037;2039;2048
2048;2039;2038
2048;2039;2039
2048;2037;2048
2048;2039;2034
2048;2037;2040
2051;2038;2056
2048;2039;2056
2048;2039;2048
2048;2037;2055
2048;2035;2051
2048;2040;2048
2048;2035;2048
2048;2037;2034
2035;2039;2048
2039;2038;2048
2032;2038;2048
2038;2037;2048
2036;2038;2050
2035;2039;2057
2040;2038;2052
2048;2041;2052
2048;2039;2048
2040;2037;2049
2048;2039;2041
2048;2031;2049
2053;2037;2048
2048;2036;2049
2048;2038;2049
2050;2037;2048
2048;2039;2051
2039;2039;2054
2038;2038;2059
2048;2041;2048
2032;2037;2062
2048;2039;2048
2034;2037;2048
2037;2039;2048
2037;2037;2036
2037;2039;2048
2039;2039;2041
2042;2036;2039
2041;2035;2048
2048;2037;2048
2048;2039;2048
2039;2039;2050
2053;2039;2050
2048;2036;2048
2048;2038;2049
2048;2038;2048
2041;2038;2048
2048;2038;2048
2048;2037;2048
2048;2038;2035
2033;2036;2048
2039;2039;2048
2032;2039;2056
2038;2038;2053
2040;2048;2055
2036;2035;2051
2039;2034;2048
2039;2039;2048
2048;2037;2041
2048;2037;2048
2048;2037;2035
2048;2036;2036
2053;2037;2033
2048;2024;2048
2048;2037;2048
2048;2038;2053
2048;2039;2051
2048;2038;2051
2040;2039;2051
2048;2037;2038
2031;2039;2049
2037;2039;2039
2034;2037;2048
2036;2038;2052
2039;2037;2048
2040;2039;2048
2036;2037;2049
2048;2039;2049
2035;2037;2049
2041;2038;2057
2052;2038;2039
2048;2036;2051
2050;2037;2038
2048;2035;2039
2048;2039;2048
2049;2038;2042
2048;2037;2048
2039;2048;2048
2040;2037;2048
2048;2040;2048
2035;2037;2059
2039;2039;2061
2035;2039;2066
2035;2039;2048
2048;2038;2039
2039;2048;2057
2041;2048;2034
2039;2039;2048
2039;2039;2035
2048;2038;2048
2050;2038;2048
2048;2038;2049
2051;2036;2048
2049;2038;2056
2041;2037;2059
2048;2038;2054
2048;2039;2051
2048;2039;2053
2048;2039;2051
2048;2040;2048
2033;2039;2048
2039;2035;2048
2035;2039;2050
2037;2037;2050
2041;2037;2055
2035;2039;2051
2038;2036;2052
2048;2039;2061
2048;2038;2041
2048;2039;2048
2048;2037;2048
2048;2039;2049
2050;2037;2035
2048;2038;2037
2048;2039;2048
2048;2039;2049
2048;2039;2051
2048;2048;2062
2040;2038;2054
2039;2038;2048
2034;2037;2056
2037;2039;2051
2035;2038;2048
2039;2037;2048
2041;2039;2038
2037;2038;2048
2041;2038;2031
2048;2037;2048
2048;2039;2037
2048;2037;2048
2050;2038;2038
2048;2038;2048
2048;2036;2038
2048;2038;2048
2048;2038;2057
2048;2038;2048
2054;2039;2049
2048;2038;2048
2048;2039;2039
2035;2030;2035
2034;2048;2048
2040;2039;2041
2036;2037;2048
2048;2037;2037
2039;2039;2031
2036;2037;2048
2039;2037;2035
2048;2036;2049
2048;2039;2035
2051;2038;2048
2048;2037;2031
2048;2030;2040
2050;2038;2025
2048;2039;2035
2048;2038;2037
2048;2037;2030
2048;2039;2035
2048;2039;2037
2048;2039;2037
2039;2041;2049
2034;2037;2048
2048;2037;2048
2035;2039;2048
2036;2039;2048
2041;2037;2031
2048;2037;2029
2048;2039;2025
2048;2041;2025
2048;2039;2022
2048;2039;2029
2050;2039;2048
2048;2039;2037
2048;2039;2038
2048;2037;2048
2048;2039;2048
2048;2039;2039
2048;2039;2040
2048;2037;2036
2048;2038;2048
2040;2039;2036
2040;2039;2035
2048;2039;2033
2037;2040;2037
2035;2039;2031
2035;2038;2037
2039;2038;2034
2048;2039;2035
2048;2038;2048
2050;2037;2039
2048;2035;2035
2048;2036;2048
2048;2040;2038
2048;2039;2031
2048;2036;2034
2048;2039;2034
2048;2040;2030
2048;2038;2034
2048;2037;2048
2038;2037;2037
2039;2037;2052
2037;2038;2048
2037;2037;2037
2035;2037;2048
2037;2038;2048
2041;2039;2031
2048;2039;2048
2038;2036;2048
2048;2037;2039
2048;2037;2048
2050;2038;2036
2048;2037;2039
2048;2038;2041
2048;2037;2048
2048;2039;2048
2048;2038;2054
2048;2037;2048
2048;2039;2057
2048;2038;2048
2048;2039;2055
2037;2037;2059
2034;2037;2054
2039;2037;2041
2039;2039;2039
2038;2035;2039
2048;2039;2027
2036;2038;2038
2038;2038;2049
2040;2038;2048
2037;2038;2039
2048;2038;2050
2048;2038;2051
2048;2038;2054
2048;2038;2048
2048;2037;2048
2048;2037;2037
2048;2038;2035
2050;2039;2049
2048;2037;2048
2048;2039;2048
2048;2040;2054
2038;2037;2052
2038;2038;2049
2037;2040;2053
2037;2038;2048
2036;2037;2049
2037;2040;2048
2039;2038;2040
2039;2037;2048
2048;2039;2048
2048;2037;2039
2048;2037;2039
2048;2037;2048
2048;2040;2048
2048;2039;2048
2048;2035;2053
2048;2038;2057
2048;2039;2055
2039;2034;2054
2048;2037;2051
2035;2039;2050
2039;2038;2053
2038;2037;2048
2048;2040;2048
2031;2038;2048
2034;2038;2038
2048;2038;2050
2038;2038;2041
2041;2038;2051
2039;2040;2059
2048;2038;2048
2048;2037;2059
2048;2038;2055
2048;2039;2056
2051;2038;2050
2049;2037;2050
2039;2040;2049
2048;2039;2056
2048;2038;2048
2048;2035;2048
2040;2039;2048
2036;2037;2052
2039;2037;2048
2039;2039;2051
2036;2038;2049
2039;2039;2057
2034;2039;2055
2039;2035;2048
2035;2037;2049
2036;2036;2055
2048;2041;2039
2049;2039;2048
2048;2038;2048
2048;2037;2031
2048;2030;2035
2049;2040;2037
2048;2036;2048
2050;2039;2048
2048;2037;2029
2052;2037;2036
2048;2037;2049
2037;2041;2053
2038;2039;2048
2039;2037;2048
2034;2039;2039
2039;2037;2037
2048;2039;2038
2035;2048;2026
2048;2039;2026
2037;2037;2027
2048;2037;2024
2048;2037;2030
2048;2038;2035
2048;2039;2048
2049;2039;2048
2048;2039;2036
2048;2037;2048
2049;2038;2049
2051;2038;2040
2039;2039;2048
2048;2038;2041
2048;2037;2039
2039;2039;2025
2040;2035;2032
2040;2037;2029
2031;2040;2038
2048;2037;2034
2037;2037;2034
2049;2039;2034
2048;2039;2038
2048;2038;2048
2048;2039;2039
2050;2040;2048
2048;2037;2048
2048;2035;2048
2049;2039;2039
2048;2037;2050
2053;2038;2048
2048;2038;2036
2048;2041;2039
2048;2039;2048
2038;2038;2048
2038;2038;2048
2048;2040;2048
2039;2039;2055
2035;2038;2048
2036;2038;2039
2039;2031;2050
2037;2038;2054
2039;2037;2048
2039;2037;2048
2048;2039;2036
2048;2039;2037
2048;2038;2048
2048;2048;2048
2053;2037;2055
2048;2037;2051
2048;2038;2051
2048;2037;2058
2048;2039;2065
2048;2040;2048
2034;2037;2056
2048;2037;2054
2048;2041;2055
2030;2039;2039
2030;2037;2039
2048;2039;2039
2029;2036;2048
2039;2037;2048
2036;2038;2049
2048;2038;2052
2048;2038;2057
2048;2037;2055
2048;2037;2051
2048;2039;2056
2050;2037;2040
2048;2038;2048
2051;2037;2038
2048;2041;2048
2048;2036;2048
2048;2039;2049
2048;2036;2051
2033;2038;2050
2041;2039;2048
2034;2039;2058
2037;2039;2053
2048;2037;2039
2026;2039;2039
2038;2039;2038
2038;2036;2034
2048;2039;2048
2048;2037;2049
2048;2038;2048
2035;2039;2038
2049;2039;2057
2053;2037;2050
2040;2038;2056
2049;2037;2060
2050;2038;2053
2039;2038;2048
2048;2038;2048
2039;2038;2048
2039;2038;2048
2049;2039;2048
2030;2037;2039
2027;2039;2051
2037;2037;2048
2048;2038;2053
2048;2037;2048
2031;2039;2057
2039;2039;2056
2048;2038;2050
2050;2036;2048
2039;2037;2036
2051;2037;2048
2050;2037;2048
2048;2037;2052
2048;2041;2048
2040;2039;2038
2038;2039;2048
2048;2040;2048
2041;2048;2055
2034;2048;2058
2048;2039;2056
2034;2041;2048
2031;2038;2049
2037;2040;2048
2048;2039;2055
2037;2038;2031
2048;2039;2050
2039;2037;2037
2051;2039;2053
2054;2038;2038
2036;2037;2050
2048;2040;2060
2048;2037;2053
2052;2040;2048
2053;2037;2058
2048;2038;2048
2039;2040;2056
2048;2038;2055
2048;2037;2052
2037;2038;2048
2037;2040;2048
2031;2039;2048
2036;2037;2050
2029;2038;2053
2030;2037;2048
2039;2039;2059
2048;2039;2049
2039;2038;2056
2053;2039;2058
2048;2037;2051
2048;2039;2048
2048;2037;2065
2049;2037;2033
2048;2037;2048
2048;2040;2053
2048;2037;2048
2053;2039;2056
2038;2039;2051
2039;2039;2059
2032;2037;2053
2035;2038;2050
2036;2040;2051
2031;2040;2058
2048;2038;2048
2040;2040;2048
2048;2038;2049
2039;2039;2048
2048;2037;2048
2048;2038;2052
2048;2037;2053
2038;2037;2050
2050;2037;2062
2048;2037;2051
2048;2037;2057
2048;2038;2057
2039;2040;2052
2048;2039;2048
2048;2039;2053
2049;2039;2058
2035;2039;2038
2031;2038;2048
2034;2038;2051
2039;2038;2049
2034;2037;2052
2031;2037;2052
2037;2039;2048
2048;2039;2057
2053;2039;2053
2048;2039;2050
2050;2038;2048
2051;2039;2049
2038;2036;1794
2048;2039;2031
2048;2037;2048
2048;2039;2028
2048;2029;2048
2048;2037;2048
2048;2039;2054
2048;2039;2048
2037;2039;2048
2038;2039;2049
2026;2038;2050
2037;2039;2048
2039;2039;2048
2048;2036;2048
2037;2038;2024
2039;2037;2039
2048;2038;2037
2041;2037;2031
2050;2038;2041
2049;2039;2037
2058;2037;2033
2048;2038;2031
2050;2038;2048
2048;2037;2048
2048;2039;2048
2048;2038;2052
2048;2037;2040
2048;2036;2041
2031;2039;2039
2048;2039;2025
2037;2039;2033
2039;2037;2034
2037;2037;2034
2039;2037;2053
2039;2035;2048
2048;2037;2041
2040;2038;2038
2048;2039;2039
2050;2039;2037
2048;2038;2041
2053;2037;2035
2049;2037;2034
2048;2037;2031
2048;2035;2035
2048;2037;2033
2050;2038;2031
2048;2037;2027
2048;2039;2048
2036;2038;2051
2037;2039;2032
2034;2037;2068
2036;2037;2048
2037;2037;2037
2037;2039;2048
2048;2038;2031
2049;2048;2033
2065;2038;2041
2035;2037;2048
2061;2036;2030
2038;2031;2036
2053;2036;2031
2048;2037;2048
2048;2039;2037
2048;2039;2039
2048;2039;2048
2037;2038;2038
2048;2038;2048
2051;2038;2049
2031;2037;2037
2033;2039;2033
2036;2036;2048
2038;2039;2031
2039;2038;2033
2055;2037;2035
2027;2038;2037
2051;2038;2051
2048;2039;2048
2039;2039;2048
2048;2036;2035
2048;2040;2036
2061;2039;2025
2054;2038;2033
2038;2038;2037
2041;2039;2037
2049;2039;2038
2051;2038;2048
2040;2038;2048
2048;2039;2038
2025;2037;2054
2039;2037;2048
2034;2039;2048
2049;2041;2038
2049;2038;2032
2027;2039;2037
2035;2037;2031
2048;2039;2035
2054;2038;2034
2049;2037;2041
2038;2039;2031
2050;2036;2048
2048;2037;2039
2048;2038;2048
2048;2039;2038
2048;2038;2034
2048;2036;2048
2039;2039;2048
2039;2037;2034
2051;2037;2035
2039;2039;2035
2048;2039;2031
2038;2038;2048
2038;2038;2038
2048;2038;2038
2048;2039;2048
2048;2037;2048
2048;2038;2034
2048;2038;2026
2052;2038;2049
2053;2037;2014
2050;2037;2031
2048;2037;2023
2048;2038;2039
2048;2037;2048
2049;2039;2049
2049;2037;2031
2048;2039;2035
2039;2037;2048
2038;2048;2034
2036;2041;2048
2041;2037;2033
2040;2038;2048
2048;2037;2020
2037;2037;2048
2037;2038;2031
2048;2037;2026
2035;2039;2029
2037;2039;2048
2056;2037;2048
2056;2039;2033
2048;2039;2036
2048;2039;2041
2048;2037;2040
2048;2038;2039
2041;2038;2034
2048;2039;2037
2048;2038;2036
2040;2037;2048
2048;2048;2048
2027;2039;2048
2048;2038;2041
2035;2037;2048
2048;2039;2022
2036;2037;2036
2040;2039;2048
2048;2038;2048
2048;2039;2053
2048;2037;2048
2036;2037;2039
2048;2039;2019
2051;2037;2030
2039;2038;2031
2048;2040;2024
2039;2039;2036
2039;2038;2048
2048;2038;2048
2071;2039;2052
2048;2039;2053
2027;2038;2048
2030;2048;2051
2048;2039;2035
2036;2039;2049
2041;2039;2025
2039;2037;2023
2038;2039;2048
2048;2039;2036
2039;2038;2039
2054;2037;2037
2038;2039;2048
2053;2037;2053
2035;2037;2048
2054;2040;2039
2051;2039;2039
2053;2039;2039
2048;2029;2024
2048;2039;2029
2039;2040;2048
2052;2039;2037
2039;2039;2034
2026;2038;2040
2039;2038;2039
2035;2036;2048
2031;2048;2038
2048;2039;2048
2051;2037;2048
2034;2039;2021
2035;2038;2029
2051;2038;2018
2059;2039;2028
2048;2036;2035
2048;2038;2029
2058;2039;2041
2066;2037;2035
2051;2040;2048
2026;2037;2048
2049;2039;2048
2048;2039;2040
2048;2037;2039
2031;2038;2034
2039;2040;2036
2037;2038;2035
2048;2048;2036
2048;2039;2039
2048;2039;2033
2030;2040;2041
2048;2039;2048
2050;2039;2048
2048;2037;2048
2055;2039;2033
2056;2037;2036
2048;2037;2035
2048;2038;2029
2050;2040;2048
2048;2040;2031
2048;2037;2035
2048;2037;2033
2048;2038;2048
2048;2038;2053
2048;2037;2054
2038;2039;2050
2034;2038;2031
2031;2037;2048
2038;2038;2038
2039;2037;2029
2048;2037;2026
2048;2040;2031
2038;2039;2031
2037;2041;2031
2048;2038;2020
2051;2039;2048
2056;2039;2048
2048;2038;2038
2040;2037;2037
2048;2039;2048
2048;2040;2048
2048;2037;2035
2048;2039;2030
2048;2048;2048
2048;2038;2039
2031;2038;2031
2031;2037;2048
2039;2038;2039
2037;2037;2048
2048;2039;2036
2048;2038;2038
2039;2039;2048
2036;2037;2029
2039;2037;2031
2053;2037;2033
2065;2035;2031
2049;2034;2026
2035;2036;2024
2053;2039;2048
2048;2037;2048
2050;2040;2039
2039;2035;2054
2048;2037;2065
2035;2039;2027
2030;2038;2048
2051;2041;2064
2050;2039;2031
2048;2039;2037
2025;2039;2048
2031;2037;2031
2048;2037;2039
2036;2039;2049
2048;2048;2052
2039;2037;2048
2048;2039;2048
2048;2037;2039
2048;2039;2048
2051;2038;2025
2048;2039;2048
2053;2038;2048
2048;2037;2027
2029;2038;2048
2048;2040;2048
2039;2037;2050
2050;2038;2063
2053;2039;2050
2029;2038;2053
2031;2039;2051
2039;2040;2048
2048;2037;2037
2035;2039;2048
2036;2037;2033
2048;2039;2048
2041;2039;2040
2042;2039;2049
2048;2037;2048
2038;2037;2039
2054;2039;2055
2048;2041;2048
2048;2039;2049
2039;2038;2054
2067;2035;2068
2036;2038;2037
2038;2037;2048
2048;2039;2057
2025;2037;2039
2050;2039;2039
2049;2039;2055
2048;2035;2055
2028;2039;2053
2035;2039;2052
2037;2037;2048
2048;2036;2048
2048;2039;2048
2039;2037;2050
2048;2039;2040
2041;2040;2050
2055;2038;2051
2053;2037;2048
2037;2036;2041
2038;2035;2055
2041;2037;2058
2054;2036;2066
2048;2038;2058
2035;2038;2055
2039;2038;2049
2036;2039;2048
2034;2038;2036
2048;2048;2064
2037;2037;2039
2039;2038;2025
2037;2038;2038
2048;2039;2037
2048;2039;2050
2038;2038;2049
2051;2039;2049
2048;2041;2048
2048;2038;2051
2037;2038;2048
2049;2039;2048
2048;2038;2048
2048;2038;2034
2048;2038;2050
2051;2037;2048
2035;2038;2050
2041;2039;2056
2035;2037;2050
2040;2039;2052
2033;2039;2051
2048;2038;2056
2039;2036;2048
2040;2039;2048
2039;2039;2054
2048;2039;2048
2037;2038;2034
2048;2038;2035
2048;2038;2048
2048;2039;2056
2048;2039;2052
2050;2040;2052
2049;2039;2053
2050;2040;2061
2048;2038;2050
2048;2040;2052
2039;2039;2054
2039;2037;2048
2041;2038;2053
2037;2041;2031
2039;2039;2052
2031;2038;2050
2038;2038;2048
2034;2039;2056
2039;2039;2055
2048;2037;2060
2033;2039;2048
2049;2039;2051
2048;2039;2053
2048;2038;2048
2050;2037;2051
2048;2038;2048
2048;2037;2048
2048;2038;2049
2051;2039;2058
2048;2039;2056
2050;2038;2073
2035;2038;2055
2034;2037;2048
2036;2039;2053
2036;2039;2048
2029;2039;2048
2033;2039;2058
2050;2037;2048
2036;2040;2034
2049;2038;2048
2037;2038;2052
2037;2039;2051
2048;2037;2048
2048;2039;2058
2050;2037;2053
2048;2037;2058
2053;2039;2052
2049;2039;2057
2053;2037;2048
2039;2039;2055
2039;2037;2053
2040;2037;2048
2040;2039;2048
2039;2041;2052
2035;2039;2051
2029;2038;2056
2048;2038;2058
2048;2041;2048
2031;2037;2054
2048;2037;2063
2037;2038;2048
2048;2037;2056
2053;2038;2069
2036;2039;2035
2055;2038;2048
2053;2039;2048
2027;2038;2055
2048;2040;2053
2050;2038;2056
2048;2039;2055
2048;2038;2049
2037;2039;2054
2034;2041;2039
2039;2037;2048
2031;2037;2041
2031;2039;2050
2048;2039;2041
2048;2039;2048
2035;2038;2053
2037;2037;2050
2031;2038;2053
2048;2294;2054
2048;2038;2059
2035;2037;2050
2049;2035;2048
2058;2039;2037
2057;2039;2048
2036;2038;2048
2048;2039;2041
2048;2040;2048
2048;2038;2048
2039;2038;2055
2036;2039;2050
2040;2039;2053
2036;2039;2052
2033;2039;2048
2037;2037;2048
2035;2037;2037
2039;2039;2039
2048;2038;2048
2039;2037;2041
2039;2038;2048
2048;2036;2055
2049;2037;2048
2048;2039;2059
2050;2039;2048
2053;2039;2049
2048;2048;2049
2048;2039;2048
2048;2038;2049
2048;2039;2050
2039;2037;2053
2037;2037;2048
2037;2037;2048
2037;2039;2039
2035;2039;2049
2037;2039;2053
2036;2048;2059
2048;2038;2048
2037;2038;2048
2037;2039;2049
2037;2039;2040
2053;2038;2295
2040;2037;2039
2048;2031;2048
2055;2038;2031
2051;2039;2048
2048;2039;2048
2048;2038;2050
2048;2038;2058
2048;2039;2050
2041;2040;2054
2037;2039;2048
2048;2039;2035
2033;2038;2050
2035;2039;2053
2048;2036;2048
2036;2039;2031
2048;2038;2048
2048;2037;2048
2037;2039;2050
2048;2040;2048
2050;2037;2053
2048;2039;2049
2048;2038;2048
2050;2037;2034
2048;2048;2034
2052;2039;2049
2050;2039;2048
2051;2041;2051
2038;2038;2041
2038;2039;2048
2035;2037;2049
2048;2039;2048
2030;2039;2057
2039;2040;2060
2031;2038;2048
2033;2038;2048
2040;2039;2048
2053;2038;2054
2048;2036;2030
2039;2039;2036
2049;2038;2035
2051;2036;2048
2048;2039;2049
2041;2038;2294
2048;2037;2049
2048;2038;2050
2036;2039;2051
2050;2038;2048
2052;2038;2048
2051;2037;2041
2021;2038;2048
2048;2037;2036
2036;2037;2028
2039;2039;2048
2039;2039;2051
2035;2038;2039
2048;2040;2051
2040;2036;2037
2048;2039;2039
2048;2037;2039
2051;2037;2035
2048;2039;2034
2052;2036;2039
2049;2039;2030
2052;2037;2038
2048;2037;2035
2050;2039;2048
2048;2039;2048
2048;2037;2039
2048;2037;2048
2034;2039;2049
2048;2038;2034
2029;2039;2036
2037;2038;2035
2048;2039;2030
2048;2037;2029
2031;2038;2029
2048;2037;2039
2051;2039;2048
2055;2038;2049
2048;2037;2035
2048;2039;2048
2048;2035;2048
2052;2048;2037
2048;2038;2031
2049;2039;2028
2037;2038;2030
2053;2036;2031
2041;2037;2039
2048;2039;2036
2048;2041;2048
2040;2038;2040
2032;2039;2048
2035;2036;2048
2038;2037;2049
2039;2037;2034
2038;2039;2033
2048;2037;2036
2048;2038;2040
2039;2038;2048
2050;2036;2033
2048;2040;2036
2051;2038;2048
2048;2038;2049
2048;2039;2048
2048;2040;2038
2049;2038;2053
2050;2039;2053
2048;2039;2048
2048;2039;2035
2035;2037;2048
2038;2039;2035
2034;2037;2048
2035;2039;2058
2039;2038;2058
2037;2037;2051
2048;2039;2048
2048;2037;2048
2048;2038;2051
2048;2038;2048
2048;2039;2037
2049;2037;2048
2048;2037;2048
2048;2038;2048
2057;2038;2054
2057;2040;2048
2036;2037;2063
2048;2039;2053
2048;2039;2059
2039;2038;2048
2027;2041;2056
2041;2039;2049
2029;2038;2053
2027;2038;2049
2031;2038;2051
2048;2037;2048
2039;2039;2049
2033;2036;2050
2048;2036;2059
2037;2038;2057
2051;2039;2048
2049;2036;2054
2048;2038;2048
2048;2035;2048
2048;2038;2048
2049;2038;2048
2048;2037;2051
2048;2048;2053
2048;2038;2053
2048;2039;2051
2038;2040;2062
2040;2039;2048
2029;2039;2048
2037;2039;2038
2048;2038;2048
2048;2048;2041
2039;2035;2039
2041;2048;2037
2050;2038;2053
2034;2039;2048
2048;2040;2048
2048;2039;2049
2050;2037;2052
2048;2037;2048
2050;2037;2040
2055;2036;2031
2048;2040;2039
2048;2038;2048
2040;2039;2048
2048;2039;2037
2034;2038;2048
2039;2039;2048
2031;2037;2049
2036;2039;2048
2050;2039;2048
2040;2037;2048
2033;2039;2035
2049;2039;2034
2048;2038;2026
2048;2039;2048
2048;2037;2033
2053;2037;2038
2048;2037;2037
2048;2036;2048
2048;2039;2048
2048;2038;2048
2048;2037;2053
2034;2039;2049
2040;2039;2048
2048;2041;2035
2048;2038;2048
2048;2037;2031
2031;2037;2048
2048;2038;2039
2038;2039;2034
2038;2038;2048
2048;2039;2048
2056;2037;2048
2048;2040;2048
2039;2037;2054
2049;2037;2037
2037;2039;2026
2048;2038;2031
2053;2037;2039
2052;2038;2048
2039;2039;2052
2048;2040;2051
2048;2039;2041
2037;2037;2036
2048;2039;2054
2052;2038;2060
2031;2039;2050
2034;2039;2048
2039;2039;2049
2035;2038;2036
2038;2039;2049
2048;2048;2048
2048;2037;2031
2039;2039;2039
2039;2039;2048
2048;2035;2048
2048;2039;2048
2055;2036;2048
2057;2038;2048
2035;2039;2056
2041;2037;2053
2053;2037;2055
2049;2040;2048
2040;2039;2048
2035;2037;2048
2033;2037;2048
2048;2041;2039
2039;2039;2048
2035;2039;2048
2048;2028;2040
2040;2039;2049
2040;2040;2048
2048;2039;2048
2048;2037;2040
2048;2037;2040
2049;2038;2036
2048;2037;2035
2051;2035;2031
2048;2039;2038
2039;2033;2048
2048;2037;2048
2048;2037;2049
2048;2038;2060
2036;2039;2048
2038;2048;2048
2036;2038;2048
2035;2039;2033
2033;2039;2049
2040;2038;2036
2041;2038;2031
2039;2038;2036
2037;2037;2037
2041;2037;2038
2048;2039;2039
2048;2037;2051
2049;2037;2048
2048;2037;2037
2048;2039;2031
2048;2038;2037
2048;2038;2035
2048;2038;2034
2048;2035;2027
2048;2039;2048
2048;2041;2048
2048;2039;2048
2037;2039;2048
2039;2039;2049
2037;2039;2057
2035;2039;2034
2039;2037;2031
2048;2038;2036
2039;2039;2027
2048;2037;2048
2048;2039;2030
2048;2039;2031
2048;2039;2035
2048;2038;2039
2048;2038;2037
2048;2038;2041
2041;2039;2061
2048;2039;2033
2049;2038;2039
2056;2038;2050
2037;2039;2042
2037;2038;2050
2038;2039;2048
2040;2039;2034
2034;2039;2048
2033;2038;2031
2050;2037;2037
2050;2038;2039
2024;2037;2048
2039;2039;2048
2048;2038;2048
2048;2039;2039
2048;2036;2048
2038;2037;2048
2048;2036;2048
2048;2039;2048
2048;2037;2048
2048;2037;2048
2049;2038;2048
2040;2038;2040
2039;2038;2048
2048;2038;2054
2039;2039;2048
2048;2039;2055
2031;2041;2049
2037;2038;2048
2037;2039;2048
2041;2039;2048
2037;2040;2048
2041;2037;2041
2039;2038;2041
2048;2039;2037
2048;2037;2049
2048;2038;2048
2039;2038;2051
2048;2036;2053
2048;2039;2059
2048;2039;2051
2048;2038;2055
2048;2040;2056
2048;2038;2053
2037;2039;2057
2038;2039;2054
2034;2041;2048
2031;2038;2048
2039;2039;2050
2038;2039;2048
2049;2038;2048
2038;2039;2049
2035;2037;2049
2034;2038;2056
2049;2037;2048
2048;2037;2049
2048;2039;2062
2048;2037;2048
2052;2037;2048
2048;2048;2057
2039;2039;2048
2049;2038;2051
2055;2037;2048
2036;2039;2053
2036;2038;2056
2039;2037;2062
2035;2037;2053
2033;2037;2063
2034;2036;2055
2037;2039;2048
2039;2035;2048
2048;2039;2048
2039;2039;2048
2038;2038;2048
2048;2038;2048
2048;2037;2050
2051;2037;2051
2048;2037;2048
2048;2040;2056
2048;2039;2059
2041;2039;2054
2048;2041;2061
2048;2048;2051
2048;2039;2053
2048;2039;2049
2037;2037;2048
2038;2039;2050
2034;2039;2049
2036;2039;2048
2039;2039;2059
2038;2037;2048
2038;2039;2037
2048;2039;2053
2048;2038;2053
2048;2037;2058
2048;2037;2048
2048;2037;2050
2048;2038;2048
2049;2039;2049
2050;2039;2048
2048;2039;2052
2048;2039;2048
2048;2038;2048
2048;2038;2057
2048;2039;2058
2037;2039;2073
2037;2039;2055
2048;2039;2054
2039;2039;2051
2026;2039;2048
2038;2039;2039
2039;2039;2048
2048;2039;2041
2037;2036;2048
2048;2039;2039
2048;2037;2049
2048;2038;2055
2035;2039;2055
2048;2038;2056
2052;2036;2063
2048;2039;2052
2038;2038;2048
2048;2037;2050
2048;2039;2048
2038;2037;2053
2048;2039;2051
2040;2037;2053
2037;2048;2051
2035;2038;2053
2034;2039;2056
2035;2037;2055
2039;2036;2054
2039;2038;2054
2037;2038;2056
2048;2038;2048
2048;2039;2039
2048;2039;2048
2048;2039;2048
2048;2038;2052
2051;2039;2055
2048;2038;2048
2048;2037;2061
2048;2039;2053
2048;2038;2056
2048;2039;2063
2039;2039;2065
2048;2048;2051
2035;2039;2048
2036;2038;2048
2036;2038;2048
2036;2036;2048
2034;2039;2051
2035;2048;2041
2048;2038;2054
2048;2037;2048
2051;2038;2049
2048;2038;2055
2048;2037;2049
2048;2037;2054
2050;2037;2049
2048;2038;2048
2048;2038;2048
2048;2038;2055
2048;2038;2049
2048;2038;2048
2039;2038;2048
2038;2039;2051
2039;2041;2053
2033;2037;2055
2031;2037;2051
2033;2037;2053
2039;2039;2048
2038;2037;2048
2039;2037;2049
2037;2038;2039
2048;2039;2039
2048;2038;2037
2048;2039;2048
2048;2037;2048
2048;2039;2048
2048;2037;2053
2049;2038;2059
2048;2037;2049
2048;2037;2052
2048;2037;2048
2034;2040;2054
2034;2038;2048
2048;2039;2050
2048;2038;2048
2030;2037;2038
2032;2038;2048
2040;2038;2048
2039;2040;2050
2041;2039;2055
2041;2039;2059
2048;2038;2048
2048;2039;2055
2048;2036;2039
2048;2037;2048
2052;2038;2048
2049;2038;2039
2050;2038;2036
2048;2037;2039
2038;2037;2041
2048;2038;2048
2048;2039;2048
2037;2037;2049
2039;2038;2055
2035;2038;2051
2032;2038;2057
2039;2039;2048
2037;2038;2048
2039;2037;2048
2048;2039;2037
2040;2037;2037
2048;2040;2038
2048;2036;2048
2048;2037;2055
2048;2036;2050
2050;2039;2039
2048;2038;2048
2049;2040;2048
2048;2039;2052
2048;2037;2049
2048;2039;2048
2040;2038;2048
2035;2037;2039
2048;2037;2040
2036;2037;2048
2037;2037;2050
2037;2037;2054
2039;2038;2048
2038;2039;2048
2039;2036;2050
2037;2036;2052
2048;2039;2048
2048;2039;2048
2048;2039;2294
2050;2037;2039
2052;2038;2038
2048;2038;2035
2048;2038;2048
2048;2039;2054
2048;2037;2049
2048;2037;2048
2048;2039;2051
2036;2037;2048
2038;2038;2051
2038;2038;2048
2034;2048;2049
2038;2037;2048
2034;2039;2048
2048;2038;2039
2048;2039;2048
2037;2038;2048
2039;2037;2048
2049;2037;2048
2049;2039;2048
2048;2039;2049
2053;2039;2040
2048;2038;2048
2049;2039;2048
2048;2037;2048
2048;2039;2040
2048;2038;2034
2041;2038;2038
2039;2039;2034
2039;2039;2035
2035;2039;2031
2035;2039;2039
2037;2038;2040
2037;2038;2048
2039;2038;2048
2048;2039;2048
