1917;2037;1811
1918;2037;1803
1919;2033;1881
1915;2033;1901
1916;2036;1942
1919;2035;1943
1919;2034;1812
1916;2035;1823
1918;2036;1841
1919;2039;1814
1919;2038;1980
1917;2038;1828
1917;2037;1843
1915;2036;1875
1918;2048;1802
1916;2031;1885
1919;2035;1916
1919;2030;1902
1917;2035;1810
1919;2033;1818
1918;2035;1813
1919;2035;1819
1918;2033;1969
1919;2032;1917
1916;2035;1890
1917;2035;1827
1918;2035;1837
1919;2038;1802
1917;2039;1805
1917;2037;1826
1915;2037;1908
1917;2039;1908
1918;2038;1831
1918;2039;1818
1918;2034;1820
1917;2038;1811
1920;2039;1809
1915;2038;1856
1915;2033;1867
1916;2038;1794
1917;2035;1817
1919;2035;1807
1918;2035;1821
1917;2038;1935
1918;2035;1953
1917;2035;1914
1916;2033;1989
1917;2035;1819
1919;2034;1897
1917;2037;1915
1915;2030;1799
1917;2036;1793
1919;2038;1805
1917;2038;1821
1918;2035;1811
1915;2037;1956
1919;2037;1979
1918;2034;1984
1915;2032;1974
1917;2036;1799
1917;2036;1825
1918;2035;1853
1917;2034;1828
1917;2036;1804
1918;2034;1811
1919;2034;1822
1918;2035;1823
1917;2036;1963
1917;2034;1989
1917;2034;1989
1915;2038;2025
1917;2037;1802
1919;2029;1805
1917;2033;1903
1917;2035;1830
1918;2033;1869
1919;2033;1974
1919;2030;1949
1919;2031;1807
1918;2037;1990
1916;2033;1999
1920;2031;1991
1919;2034;1998
1917;2033;1995
1919;2035;1807
1916;2034;1830
1915;2033;1917
1918;2032;1842
1918;2036;1797
1917;2039;1797
1926;2035;1992
1919;2048;1979
1919;2031;1815
1919;2033;1828
1917;2036;1813
1917;2035;1808
1918;2039;1808
1919;2037;1869
1917;2037;1819
1919;2034;1798
1917;2036;1806
1919;2038;1807
1917;2037;1813
1918;2038;1807
1919;2034;1819
1915;2037;1979
1918;2034;1795
1919;2034;1817
1916;2038;1792
1917;2031;1823
1919;2034;1843
1917;2039;1988
1917;2039;1819
1918;2035;1808
1917;2025;1801
1919;2039;1802
1913;2034;1977
1918;2029;1849
1920;2031;1793
1918;2034;1805
1917;2033;1787
1917;2048;1980
1917;2039;1964
1916;2032;1817
1919;2031;1943
1917;2037;1985
1922;2033;1996
1917;2030;1954
1915;2031;1837
1918;2033;1950
1919;2033;1974
1911;2031;1965
1918;2033;1922
1923;2033;1899
1917;2031;1830
1917;2034;1856
1919;2033;1993
1918;2041;1801
1918;2035;1799
1918;2033;1778
1917;2033;1790
1919;2033;1949
1916;2033;1921
1917;2032;1908
1919;2031;1925
1919;2033;1871
1917;2031;1794
1918;2031;1915
1918;2035;1876
1919;2033;1797
1923;2039;1790
1916;2037;1801
1919;2037;1789
1918;2032;1914
1919;2034;1884
1918;2034;1870
1917;2033;1868
1919;2031;1912
1919;2031;1811
1919;2035;1910
1918;2034;1809
1919;2029;1955
1917;2034;1761
1918;2031;1786
1918;2031;1786
1917;2034;1871
1917;2033;1854
1918;2034;1903
1917;2038;1834
1919;2037;1851
1917;2036;1821
1915;2036;1831
1917;2038;1835
1917;2035;1805
1917;2035;1869
1918;2035;1811
1915;2036;1821
1917;2035;1854
1918;2035;1771
1919;2037;1790
1918;2030;1788
1919;2032;1787
1918;2033;1813
1919;2029;1858
1917;2032;1829
1919;2032;1913
1916;2031;2015
1918;2031;1952
1917;2033;1899
1919;2035;1867
1921;2033;1786
1920;2033;1794
1917;2038;1782
1917;2036;1795
1918;2037;1794
1915;2031;1804
1917;2033;1892
1918;2033;1843
1919;2037;1818
1919;2037;1803
1916;2033;1775
1918;2035;1804
1919;2035;1968
1915;2031;1985
1919;2029;1951
1919;2031;1940
1919;2031;1957
1916;2035;1821
1918;2033;1788
1919;2033;1825
1917;2031;1860
1915;2035;1825
1918;2033;1997
1919;2029;1975
1917;2033;1815
1919;2021;1830
1917;2033;1815
1916;2039;1807
1917;2037;1811
1919;2036;1811
1917;2029;2015
1919;2031;1797
1917;2031;1810
1919;2032;1849
1917;2036;1835
1917;2033;1833
1917;2034;1903
1915;2034;1811
1919;2031;1805
1921;2039;1836
1918;2038;1817
1919;2039;1838
1917;2036;1815
1919;2034;1847
1918;2035;1934
1918;2035;1818
1917;2034;1913
1919;2029;1863
1919;2035;1822
1918;2031;1819
1918;2033;1816
1918;2034;1806
1916;2034;1816
1914;2036;1807
1916;2037;1810
1918;2037;1853
1917;2034;1839
1918;2031;1824
1918;2048;1838
1918;2034;1783
1922;2035;1793
1915;2034;1870
1919;2033;1842
1921;2035;1854
1915;2037;1825
1916;2037;1813
1917;2036;1827
1921;2039;1801
1919;2036;1790
1917;2031;1803
1917;2031;1825
1921;2032;1811
1919;2033;1882
1919;2034;1787
1916;2034;1776
1917;2035;1791
1919;2036;1775
1919;2039;1796
1919;2036;1842
1917;2035;1849
1916;2040;1786
1917;2033;1805
1915;2033;1904
1918;2034;1842
1918;2033;1861
1919;2034;1821
1917;2034;1998
1918;2029;1800
1919;2036;1807
1919;2035;1800
1919;2033;1796
1918;2031;1800
1919;2035;1905
1917;2034;1910
1919;2031;1944
1918;2034;1950
1917;2031;1935
1917;2030;1855
1918;2034;1841
1919;2035;1959
1917;2031;1983
1919;2031;1993
1917;2031;2011
1921;2034;1964
1917;2035;1820
1924;2035;1832
1919;2036;1807
1918;2031;1906
1917;2034;1802
1919;2034;1838
1922;2034;1841
1918;2037;1937
1918;2039;1786
1919;2039;1819
1917;2036;1812
1917;2035;1973
1919;2037;1803
1917;2037;1985
1917;2035;1978
1917;2034;2026
1915;2033;1982
1918;2035;1848
1919;2037;1865
1919;2036;1873
1918;2038;1957
1918;2034;1977
1918;2033;1987
1919;2035;1995
1918;2031;1910
1919;2029;1807
1919;2032;1817
1918;2034;1915
1919;2034;1793
1917;2036;1828
1919;2033;1847
1922;2034;1806
1919;2031;1787
1916;2038;1797
1917;2034;1790
1919;2035;1791
1915;2039;1803
1916;2037;1933
1919;2035;1899
1919;2033;1901
1917;2035;1895
1917;2038;1801
1919;2033;1962
1919;2032;1805
1916;2035;1989
1919;2030;1889
1919;2034;1764
1919;2035;1783
1919;2039;1771
1919;2035;1874
1919;2035;1851
1916;2035;1779
1918;2037;1797
1918;2036;1787
1909;2037;1831
1918;2034;1811
1919;2033;1853
1917;2033;1783
1919;2034;1885
1918;2037;1836
1917;2027;1839
1919;2034;1830
1918;2037;1785
1919;2036;1806
1915;2031;1818
1919;2036;1831
1918;2031;1825
1921;2048;1807
1919;2036;1866
1919;2034;1836
1917;2033;1810
1918;2034;1783
1921;2033;1771
1909;2037;1821
1919;2031;1807
1919;2033;1820
1919;2038;1822
1919;2037;1814
1917;2037;1818
1919;2036;1878
1918;2038;1819
1919;2033;1818
1918;2035;1831
1918;2037;1821
1922;2038;1807
1918;2038;1799
1915;2037;1807
1916;2035;1871
1919;2029;1911
1917;2034;1908
1918;2031;1959
1919;2033;1956
1918;2036;1889
1921;2040;1883
1919;2033;1858
1918;2035;1839
1917;2036;1876
1917;2035;1928
1919;2034;1985
1919;2035;1823
1919;2038;1820
1921;2036;1823
1917;2031;1816
1918;2037;1817
1917;2035;1791
1917;2030;1800
1919;2033;1870
1917;2037;1802
1918;2034;1970
1918;2035;1828
1919;2036;1961
1918;2031;1803
1917;2035;1814
1919;2035;1801
1917;2033;1797
1917;2034;1792
1917;2035;1815
1917;2033;1789
1917;2032;1959
1918;2031;1855
1918;2035;1794
1919;2033;1973
1919;2029;1957
1918;2030;1830
1919;2031;1810
1918;2036;1803
1919;2034;1794
1921;2033;1786
1918;2034;1796
1919;2034;1962
1918;2037;1839
1919;2033;1985
1919;2033;1970
1920;2035;1843
1917;2033;1779
1918;2036;1985
1919;2034;1927
1921;2031;1923
1919;2035;1903
1917;2033;1882
1916;2031;1874
1921;2034;1859
1917;2033;1799
1919;2030;1806
1919;2031;1813
1917;2034;1926
1919;2033;1907
1919;2035;1865
1919;2037;1799
1920;2040;1775
1917;2033;1785
1918;2036;1771
1917;2035;1792
1919;2035;1786
1915;2048;1782
1918;2034;1839
1921;2034;1960
1917;2037;1782
1912;2035;1861
1919;2036;1860
1918;2037;1781
1918;2037;1787
1919;2037;1778
1919;2037;1807
1919;2034;1784
1921;2035;1820
1917;2036;1852
1917;2036;1803
1918;2034;1810
1919;2032;1848
1919;2037;1791
1919;2033;1781
1919;2035;1872
1914;2035;1864
1919;2039;1813
1918;2037;1819
1917;2048;1819
1918;2041;1808
1917;2039;1813
1918;2041;1803
1918;2038;1810
1917;2034;1831
1919;2035;1778
1919;2038;1774
1922;2033;1795
1918;2034;1825
1921;2034;1829
1919;2037;1798
1916;2036;1835
1911;2035;1847
1920;2031;1839
1918;2036;1843
1917;2038;1803
1917;2037;1834
1918;2038;1835
1918;2036;1802
1918;2034;1795
1919;2037;1793
1919;2039;1792
1918;2032;1816
1917;2037;1835
1919;2037;1859
1919;2035;1859
1919;2036;1827
1918;2036;1826
1917;2037;1813
1917;2036;1817
1918;2035;1821
1919;2033;1799
1917;2036;1775
1919;2035;1807
1915;2032;1820
1918;2031;1870
1918;2034;1850
1919;2036;1887
1918;2033;1823
1917;2035;1816
1917;2034;1901
1919;2031;1859
1920;2034;1854
1918;2037;1807
1917;2039;1789
1918;2048;1802
1917;2048;1839
1917;2034;1847
1915;2036;1889
1917;2037;1897
1917;2035;1901
1919;2034;1821
1918;2036;1851
1915;2033;1853
1919;2032;1826
1918;2032;1817
1919;2039;1792
1918;2039;1793
1917;2035;1807
1916;2037;1838
1915;2033;1863
1917;2036;1902
1917;2034;1927
1917;2036;1831
1916;2035;1813
1915;2033;1875
1919;2039;1864
1919;2035;1852
1916;2038;1806
1921;2034;1819
1918;2034;1816
1919;2035;1806
1916;2035;1847
1922;2035;1890
1919;2033;1895
1919;2033;1857
1917;2038;1888
1918;2034;1855
1916;2033;1870
1919;2035;1873
1919;2037;1840
1915;2039;1788
1920;2036;1815
1919;2040;1805
1918;2041;1807
1917;2037;1811
1916;2041;1829
1927;2036;1887
1917;2037;1910
1916;2035;1885
1917;2034;1900
1919;2035;1846
1917;2023;1828
1919;2035;1829
1919;2035;1787
1918;2041;1825
1918;2037;1804
1919;2038;1819
1915;2035;1817
1918;2035;1821
1917;2037;1913
1919;2036;1965
1919;2034;1938
1918;2034;1904
1922;2033;1834
1919;2036;1819
1917;2039;1829
1919;2023;1838
1918;2035;1811
1917;2039;1809
1921;2035;1959
1919;2034;1986
1921;2035;1805
1917;2029;1813
1918;2035;1817
1918;2048;1816
1920;2031;1859
1918;2031;1836
1917;2033;1853
1919;2039;1809
1918;2039;1809
1920;2037;1873
1917;2033;1906
1919;2034;1935
1924;2035;1815
1917;2032;1812
1918;2038;1819
1919;2037;1834
1919;2035;1963
1919;2035;1865
1919;2035;1842
1922;2034;1802
1919;2037;1807
1917;2037;1808
1917;2037;1802
1918;2033;1906
1918;2036;1818
1918;2039;1901
1917;2038;1897
1917;2035;1924
1918;2037;1817
1917;2048;1822
1916;2031;1841
1921;2035;1858
1916;2038;1809
1919;2039;1772
1917;2035;1788
1919;2035;1816
1919;2035;1801
1920;2037;1830
1918;2035;1818
1919;2036;1836
1919;2039;1823
1922;2038;1846
1921;2031;1851
1922;2035;1787
1917;2029;1792
1918;2033;1830
1919;2034;1867
1919;2031;1875
1918;2033;1878
1919;2033;1780
1917;2035;1791
1918;2035;1795
1917;2032;1799
1918;2034;1903
1917;2036;1913
1919;2031;1854
1919;2048;1852
1921;2037;1805
1919;2034;1813
1919;2037;1785
1918;2034;1815
1922;2035;1990
1917;2032;1976
1917;2032;2005
1919;2034;1970
1918;2035;1947
1917;2037;1812
1915;2034;1838
1909;2035;1857
1919;2032;1838
1917;2035;1817
1917;2040;1821
1919;2035;1883
1921;2033;1895
1919;2033;1805
1919;2039;1822
1918;2034;1818
1917;2034;1827
1915;2037;1809
1917;2037;1835
1918;2033;1841
1919;2035;1814
1919;2036;1829
1918;2033;1783
1919;2034;1776
1922;2033;1919
1918;2038;1781
1917;2038;1767
1917;2034;1848
1920;2037;1814
1918;2038;1831
1917;2034;1807
1921;2035;1799
1919;2031;1811
1918;2031;2035
1917;2034;1901
1917;2033;1925
1921;2031;1920
1917;2033;1805
1918;2031;1794
1913;2038;1835
1919;2035;1797
1918;2037;1798
1918;2036;1787
1920;2035;1834
1916;2031;1847
1918;2037;1823
1918;2037;1913
1917;2037;1820
1913;2039;1803
1918;2035;1967
1920;2034;1977
1919;2034;1993
1921;2035;1984
1917;2035;1991
1921;2030;1988
1917;2035;1807
1919;2034;1939
1916;2034;1847
1917;2036;1807
1916;2033;1855
1919;2034;1917
1919;2035;1892
1918;2035;1812
1919;2036;1821
1918;2041;1832
1919;2040;1821
1917;2035;1828
1918;2039;1814
1919;2039;1891
1917;2034;1881
1921;2039;1853
1918;2033;1835
1918;2036;1811
1918;2036;1811
1917;2037;1795
1918;2038;1799
1919;2034;1791
1917;2029;1840
1919;2036;1811
1915;2034;1874
1918;2033;1862
1918;2036;1835
1917;2034;1822
1919;2033;1941
1919;2033;1802
1919;2034;1775
1917;2034;1874
1919;2033;1861
1916;2033;1860
1917;2035;1843
1918;2036;1827
1919;2035;1800
1917;2034;1881
1917;2033;1822
1918;2031;1867
1919;2035;1778
1921;2031;1951
1920;2035;1928
1917;2033;1893
1916;2033;1792
1919;2035;1793
1919;2033;1775
1917;2031;1793
1918;2038;1780
1918;2036;1882
1918;2036;1780
1918;2034;1849
1919;2035;1836
1918;2034;1963
1918;2033;1966
1917;2034;1806
1916;2035;1901
1919;2034;1786
1918;2037;1799
1921;2035;1786
1919;2034;1783
1921;2035;1788
1916;2034;1877
1920;2035;1864
1920;2025;1867
1918;2033;1833
1916;2034;1837
1917;2036;1775
1919;2031;1787
1919;2034;1812
1920;2036;1781
1919;2038;1791
1918;2036;1801
1919;2033;1788
1920;2036;1869
1922;2035;1887
1919;2031;1813
1917;2035;1839
1919;2036;1807
1919;2031;1997
1919;2033;1777
1921;2031;1783
1921;2033;1801
1919;2037;1787
1918;2034;1782
1919;2030;1791
1921;2048;1784
1916;2036;1885
1919;2035;1842
1918;2035;1810
1923;2031;1809
1919;2035;1838
1919;2038;1781
1917;2035;1908
1918;2039;1868
1919;2031;1892
1918;2034;1836
1917;2034;1786
1919;2034;1818
1921;2034;1837
1922;2033;1827
1918;2037;1816
1921;2034;1831
1919;2031;1806
1921;2033;1882
1918;2033;1901
1915;2034;1792
1919;2030;1843
1919;2038;1849
1918;2033;1876
1917;2038;1807
1917;2035;1802
1918;2037;1797
1917;2037;1846
1919;2034;1819
1922;2039;1850
1919;2032;1827
1917;2034;1787
1919;2034;1859
1919;2035;1785
1917;2035;1783
1920;2034;1797
1919;2036;1806
1919;2033;1834
1921;2036;1817
1918;2037;1829
1917;2035;1833
1921;2035;1822
1919;2031;1853
1918;2031;1833
1918;2037;1799
1920;2038;1792
1919;2033;1791
1917;2039;1791
1921;2037;1829
1922;2048;1855
1919;2039;1816
1917;2036;1817
1917;2038;1832
1917;2037;1821
1917;2036;1836
1919;2028;1882
1918;2039;1813
1919;2035;1786
1918;2033;1792
1915;2034;1839
1919;2033;1836
1919;2035;1863
1918;2031;1815
1918;2035;1813
1920;2039;1819
1918;2031;1916
1918;2039;1823
1919;2031;1850
1919;2041;1846
1922;2031;1787
1919;2037;1810
1918;2035;1806
1918;2038;1813
1914;2037;1811
1917;2038;1863
1919;2034;1816
1918;2037;1819
1919;2034;1815
1918;2035;1833
1918;2033;1835
1918;2035;1818
1920;2037;1835
1918;2048;1815
1919;2039;1800
1916;2038;1807
1917;2033;1897
1919;2034;1927
1919;2034;1821
1919;2033;1826
1919;2039;1819
1917;2034;1841
1918;2035;1891
1918;2033;1863
1918;2033;1858
1921;2033;1833
1921;2038;1831
1919;2031;1871
1919;2033;1930
1921;2033;1954
1911;2034;1809
1919;2034;1828
1919;2036;1819
1919;2034;1811
1916;2034;1822
1918;2029;1841
1919;2036;1832
1918;2035;1828
1919;2035;1849
1919;2035;1957
1919;2035;1941
1919;2035;1991
1917;2034;1829
1922;2029;1819
1919;2037;1833
1927;2037;1806
1919;2035;1812
1919;2033;2013
1919;2035;1946
1919;2033;1832
1918;2035;1823
1919;2036;1903
1918;2034;1962
1919;2036;1826
1921;2038;1940
1919;2037;1958
1918;2034;1995
1921;2034;2003
1921;2031;1999
1921;2035;1995
1919;2029;1842
1918;2033;1855
1919;2033;1842
1918;2036;1803
1919;2036;1813
1921;2035;1821
1917;2034;1820
1919;2037;1971
1919;2039;1983
1920;2031;1981
1919;2031;1987
1919;2037;1812
1920;2035;1815
1919;2033;1926
1919;2033;1838
1919;2039;1818
1918;2039;1829
1915;2035;1822
1918;2033;1816
1917;2033;1821
1917;2031;1830
1921;2036;1813
1919;2034;1992
1919;2033;1959
1919;2034;1981
1922;2033;1835
1915;2030;1839
1919;2035;1784
1918;2036;1809
1921;2031;1977
1921;2038;1989
1919;2031;1815
1921;2029;1819
1921;2035;1821
1919;2034;1807
1918;2035;1810
1918;2059;1817
1918;2029;1812
1917;2035;1863
1919;2037;1994
1923;2035;1845
1920;2034;1855
1918;2036;1819
1918;2037;1827
1919;2038;1981
1918;2035;1974
1920;2030;1960
1919;2030;1939
1919;2033;1943
1919;2027;1847
1918;2033;1994
1919;2032;1837
1919;2037;1806
1917;2031;1930
1918;2033;1977
1919;2035;1965
1919;2031;1819
1921;2031;1811
1920;2032;1811
1919;2030;1793
1919;2034;1812
1917;2033;1806
1916;2034;1796
1919;2037;1988
1917;2033;1854
1918;2039;1826
1917;2034;1791
1918;2035;1787
1921;2035;1986
1919;2032;1919
1920;2029;1931
1919;2030;1908
1921;2031;1895
1927;2033;1865
1918;2034;1799
1918;2034;1986
1913;2034;1809
1922;2036;1829
1919;2034;1786
1919;2035;1806
1920;2037;1986
1918;2034;1964
1919;2035;1903
1919;2039;1791
1921;2034;1793
1921;2036;1788
1919;2036;1795
1920;2035;1771
1919;2030;1815
1920;2034;1805
1919;2033;1985
1918;2034;1791
1919;2031;1788
1917;2031;1967
1918;2035;1947
1919;2031;1878
1917;2031;1877
1921;2032;1868
1919;2030;1859
1919;2034;1973
1922;2034;1857
1920;2036;1794
1919;2031;1810
1921;2040;1802
1921;2035;1791
1921;2036;1942
1921;2033;1899
1918;2033;1883
1923;2029;1858
1921;2031;1836
1921;2031;1892
1919;2031;1804
1919;2034;1885
1919;2032;1809
1920;2033;1962
1917;2036;1789
1917;2037;1781
1919;2037;1931
1918;2033;1903
1921;2039;1861
1919;2033;1866
1918;2035;1853
1922;2034;1852
1919;2030;1788
1919;2038;1813
1917;2037;1841
1919;2031;1917
1919;2035;1816
1917;2033;1797
1919;2033;2033
1923;2034;1903
1921;2031;1873
1919;2031;1877
1923;2034;1782
1918;2034;1781
1919;2031;1781
1919;2034;1892
1920;2033;1975
1918;2035;1819
1920;2034;1916
1919;2018;1981
1921;2039;1795
1922;2034;1890
1919;2048;1925
1921;2036;1886
1920;2031;1865
1918;2038;1829
1920;2033;1851
1919;2031;1795
1919;2036;1783
1919;2028;1916
1918;2035;1845
1921;2032;1877
1916;2031;1911
1918;2034;1933
1919;2037;1907
1919;2029;1887
1918;2034;1854
1919;2035;1837
1919;2036;1821
1921;2037;1789
1919;2039;1798
1919;2034;1832
1919;2035;1828
1921;2031;1920
1920;2034;1843
1921;2034;1787
1919;2033;1781
1921;2033;1769
1919;2034;1786
1919;2037;1783
1917;2033;1783
1916;2037;1802
1919;2035;1829
1919;2034;1822
1919;2031;1897
1920;2035;1797
1919;2036;1845
1919;2036;1791
1919;2033;1935
1919;2039;1789
1921;2038;1783
1917;2032;1792
1920;2037;1815
1920;2033;1827
1919;2037;1837
1920;2037;1827
1919;2037;1851
1919;2037;1834
1919;2037;1835
1919;2038;1831
1919;2037;1805
1920;2037;1794
1921;2037;1813
1918;2037;1813
1919;2034;1818
1917;2033;1825
1913;2037;1889
1918;2037;1881
1919;2033;1909
1919;2034;1900
1919;2031;1838
1919;2036;1847
1923;2038;1824
1919;2036;1822
1919;2037;1811
1917;2034;1805
1919;2037;1822
1919;2036;1814
1919;2036;1903
1921;2036;1940
1920;2037;1939
1919;2033;1967
1917;2037;1967
1919;2035;1879
1921;2036;1979
1928;2039;1812
1905;2031;1825
1921;2033;1911
1918;2038;1950
1920;2037;1951
1919;2035;1995
1919;2036;1818
1918;2031;1821
1918;2037;1823
1921;2038;1835
1919;2035;1824
1916;2031;1813
1919;2035;1827
1918;2037;1894
1919;2036;1811
1913;2036;1803
1918;2037;1819
1916;2039;1836
1918;2036;1956
1919;2036;1969
1918;2034;1967
1917;2031;1975
1919;2032;1998
1918;2040;1861
1915;2037;1867
1919;2036;1802
1919;2035;1914
1917;2037;1813
1918;2034;1921
1918;2033;1978
1921;2033;1818
1919;2041;1971
1921;2037;1988
1917;2035;1993
1921;2038;2013
1922;2033;1967
1919;2034;1817
1920;2034;1839
1922;2048;1877
1919;2036;1841
1919;2037;1815
1919;2036;1808
1917;2035;1817
1917;2035;1881
1919;2036;1817
1919;2035;1820
1916;2035;1815
1918;2035;1822
1916;2048;1823
1918;2035;1840
1919;2037;1851
1918;2031;1844
1917;2037;1801
1920;2035;1815
1919;2034;1815
1919;2032;1799
1918;2038;1787
1921;2033;1800
1914;2035;1801
1919;2033;1815
1919;2034;1819
1919;2037;1909
1918;2033;1897
1921;2029;1906
1919;2042;1781
1917;2034;1881
1920;2034;1864
1921;2030;1791
1919;2030;1795
1919;2036;1797
1920;2033;1786
1921;2035;1792
1919;2034;1779
1918;2029;1800
1919;2033;1832
1919;2036;1787
1919;2033;1968
1918;2036;1839
1921;2034;1791
1917;2037;1954
1918;2035;1982
1918;2035;1995
1919;2035;1986
1919;2033;2005
1921;2037;1989
1918;2034;1950
1919;2034;1815
1919;2035;1851
1918;2035;1855
1919;2031;1853
1919;2037;1829
1919;2037;1808
1919;2037;1840
1919;2033;1867
1917;2031;1909
1919;2033;1906
1920;2037;1908
1918;2032;1845
1922;2034;1835
1919;2030;1902
1917;2031;1842
1918;2033;1809
1918;2038;1805
1918;2034;1865
1919;2037;1777
1921;2030;1803
1919;2033;1790
1921;2037;1787
1920;2036;1797
1920;2036;1795
1920;2037;1867
1919;2037;1830
1923;2035;1792
1919;2037;2018
1921;2031;1844
1919;2035;1789
1919;2035;1963
1919;2035;1967
1919;2033;1952
1918;2033;1834
1917;2033;1790
1919;2033;1803
1919;2033;1983
1919;2031;1813
1919;2031;1887
1919;2035;1851
1919;2035;1914
1918;2036;1819
1919;2039;1897
1919;2036;1928
1918;2031;1941
1922;2034;1930
1919;2032;1983
1919;2037;1998
1919;2029;1974
1918;2030;1821
1919;2031;1827
1917;2033;1852
1919;2034;1847
1918;2029;1857
1917;2035;1802
1918;2037;1861
1919;2031;1882
1919;2035;1818
1920;2034;1824
1918;2034;1813
1918;2037;1825
1919;2037;1868
1919;2033;1828
1918;2033;1859
1920;2034;1851
1919;2033;1824
1919;2033;1822
1919;2035;1791
1920;2039;1775
1919;2034;1813
1917;2032;1801
1919;2035;1839
1921;2030;1825
1919;2037;1834
1924;2035;1822
1918;2038;1837
1918;2036;1795
1918;2031;1843
1919;2035;1831
1920;2033;1919
1920;2039;1923
1919;2031;1903
1919;2027;1877
1919;2031;1883
1921;2031;1873
1919;2030;1788
1920;2031;1791
1921;2031;1817
1919;2033;1806
1919;2034;1794
1919;2031;1982
1920;2036;1797
1922;2036;1997
1919;2034;1982
1917;2031;1977
1916;2031;1972
1921;2027;1924
1918;2048;1802
1918;2031;1997
1918;2031;1997
1918;2032;1926
1918;2032;1846
1919;2038;1813
1919;2034;1864
1917;2037;1823
1918;2034;1875
1919;2027;1912
1920;2035;1942
1920;2036;1819
1919;2035;1820
1919;2035;1915
1919;2033;1935
1921;2033;1877
1921;2037;1835
1919;2036;1869
1917;2031;1840
1919;2032;1860
1917;2031;1874
1919;2031;1822
1919;2033;1817
1922;2037;1809
1921;2036;1804
1919;2031;1807
1919;2032;1831
1921;2034;1834
1920;2032;1813
1921;2033;1828
1921;2035;1815
1917;2035;1907
1919;2032;1893
1919;2027;1897
1921;2031;1892
1918;2030;1858
1921;2027;1847
1921;2037;1835
1919;2037;1787
1919;2029;1805
1921;2036;1811
1919;2033;1956
1919;2037;1835
1919;2034;1915
1918;2033;1893
1919;2034;1807
1919;2031;1807
1919;2029;1802
1919;2035;1801
1921;2035;1807
1919;2035;1994
1921;2031;1983
1921;2029;1991
1921;2029;1967
1923;2031;1949
1917;2036;1859
1919;2037;1923
1917;2033;1843
1923;2035;1812
1919;2035;1804
1919;2037;1815
1918;2039;1822
1919;2035;1928
1923;2037;1917
1924;2036;1947
1918;2035;1915
1919;2035;1947
1921;2035;1876
1918;2031;1856
1919;2037;1812
1920;2031;1859
1919;2048;1800
1920;2032;1803
1914;2031;1819
1921;2031;1811
1921;2034;1814
1919;2030;1821
1921;2033;1817
1918;2035;1826
1921;2036;1826
1919;2035;1831
1919;2037;1818
1919;2032;1830
1919;2029;1801
1921;2027;1940
1921;2031;1762
1919;2030;1796
1922;2035;1875
1919;2033;1851
1921;2038;1789
1921;2029;1790
1919;2032;1784
1917;2034;1799
1919;2027;1858
1922;2030;1847
1921;2037;1806
1919;2035;1813
1922;2033;1803
1921;2031;1796
1916;2033;1990
1921;2036;1953
1920;2030;1966
1920;2031;1935
1919;2031;1962
1919;2034;1809
1922;2030;1827
1919;2028;1876
1919;2035;1834
1919;2035;1797
1919;2039;1807
1919;2033;1811
1921;2035;1893
1917;2034;1941
1921;2037;1821
1919;2035;1825
1916;2037;1827
1919;2035;1829
1920;2031;1816
1919;2048;1844
1919;2033;1851
1919;2037;1867
1918;2040;1811
1918;2035;1817
1919;2035;1803
1919;2033;1800
1918;2033;1807
1922;2033;1797
1919;2031;1806
1920;2032;1827
1922;2035;1798
1919;2031;1841
1918;2030;1836
1924;2030;1909
1919;2033;1763
1922;2034;1786
1930;2029;1872
1919;2031;1787
1923;2031;1790
1917;2033;1779
1921;2035;1790
1919;2036;1794
1919;2034;1793
1919;2031;1846
1921;2034;1819
1918;2032;1788
1921;2031;1983
1921;2039;1805
1920;2036;1809
1919;2037;1987
1923;2033;1967
1919;2029;1966
1919;2029;1946
1917;2036;2005
1919;2029;1957
1919;2028;1829
1919;2036;1928
1919;2031;1858
1921;2037;1810
1920;2031;1929
1921;2036;1971
1918;2034;1815
1919;2034;1812
1919;2038;1818
1921;2037;1842
1919;2037;1836
1915;2036;1813
1922;2038;1817
1917;2034;1894
1920;2031;1821
1919;2034;1840
1919;2031;1844
1919;2038;1836
1921;2031;1800
1921;2039;1818
1919;2031;1840
1919;2036;1885
1916;2032;1889
1919;2033;1845
1922;2038;1906
1919;2035;1827
1919;2034;1853
1919;2033;1862
1922;2037;1821
1919;2036;1800
1922;2036;1793
1921;2033;1837
1919;2034;1847
1921;2033;1838
1921;2037;1819
1917;2033;1815
1919;2035;1819
1920;2034;1820
1920;2035;1782
1921;2033;1805
1922;2033;1847
1921;2029;1980
1921;2033;1770
1924;2030;1775
1922;2033;1790
1920;2035;1792
1919;2034;1788
1919;2032;1795
1923;2038;1798
1923;2033;1865
1922;2027;1845
1918;2036;1811
1920;2031;1805
1919;2033;1828
1922;2030;1789
1921;2036;1573
1919;2036;1779
1919;2035;1782
1923;2031;1799
1919;2031;1775
1921;2034;1815
1919;2035;1803
1919;2030;1823
1921;2035;1853
1921;2037;1856
1918;2036;1863
1920;2031;1817
1921;2037;1823
1922;2031;1856
1919;2038;1826
1921;2030;1860
1921;2031;1825
1920;2037;1821
1919;2026;1844
1920;2037;1812
1920;2034;1851
1920;2038;1837
1919;2034;1848
1921;2034;1813
1923;2033;1838
1919;2031;1915
1921;2031;1829
1920;2037;1822
1919;2034;1816
1918;2028;1861
1921;2033;1875
1925;2036;1811
1919;2034;1835
1919;2037;1824
1922;2031;1829
1917;2037;1869
1921;2030;1854
1922;2032;1793
1920;2037;1793
1918;2033;1786
1923;2037;1805
1919;2033;1809
1920;2033;1891
1922;2029;1963
1918;2032;1812
1919;2030;1826
1919;2037;1961
1924;2034;1839
1921;2028;1857
1919;2039;1863
1924;2037;1807
1921;2032;1810
1922;2033;1810
1919;2039;1819
1921;2038;1819
1919;2038;1824
1919;2037;1953
1922;2034;1995
1919;2036;1834
1921;2035;1807
1922;2035;1883
1921;2031;1826
1922;2040;1830
1921;2028;1805
1921;2035;1802
1922;2037;1813
1919;2038;1804
1919;2033;1804
1919;2039;1994
1920;2037;1963
1922;2035;1983
1923;2037;1819
1921;2019;1989
1921;2050;1827
1921;2035;1847
1919;2034;1903
1920;2037;1803
1921;2034;1801
1919;2031;1817
1920;2037;1803
1922;2035;1966
1921;2037;1952
1922;2030;1914
1923;2029;1948
1920;2038;1810
1919;2037;1787
1923;2034;1837
1919;2034;1858
1918;2033;1993
1922;2029;1815
1919;2037;1802
1921;2035;1799
1921;2039;1788
1919;2037;1922
1922;2037;1913
1920;2027;1951
1922;2039;1787
1919;2038;1801
1923;2033;1821
1924;2029;1818
1920;2033;1810
1921;2035;1989
1919;2031;1934
1924;2033;1908
1921;2020;1896
1919;2028;1795
1919;2038;1791
1922;2039;1795
1921;2031;1808
1919;2033;1945
1919;2034;1908
1919;2035;1870
1920;2031;1839
1919;2048;1803
1920;2035;1815
1922;2036;1803
1918;2036;1823
1919;2037;1927
1921;2031;1917
1921;2034;1994
1919;2039;2010
1923;2031;1994
1921;2039;1820
1921;2031;1917
1922;2035;1837
1921;2039;1852
1918;2031;1836
1919;2041;1874
1920;2031;1835
1921;2031;1799
1917;2039;1813
1920;2048;1812
1919;2037;1820
1919;2041;1827
1919;2039;1817
1920;2036;1865
1921;2035;1812
1919;2037;1931
1921;2034;1898
1917;2036;1848
1919;2033;1839
1919;2048;1815
1921;2039;1794
1920;2030;1778
1920;2032;1773
1918;2028;1810
1921;2034;1875
1922;2032;1809
1921;2035;1819
1920;2037;1783
1921;2033;1835
1922;2036;1988
1921;2033;1798
1920;2039;1783
1919;2037;1953
1921;2033;1941
1922;2036;1919
1919;2030;1960
1921;2035;1952
1922;2029;1935
1919;2034;1817
1922;2030;1824
1919;2035;1965
1923;2039;1894
1922;2034;1877
1917;2030;1807
1921;2035;1903
1919;2038;1924
1919;2037;1951
1920;2036;1955
1922;2031;1995
1919;2033;1969
1919;2048;1814
1917;2039;1803
1919;2048;1822
1919;2027;1809
1920;2029;1844
1922;2048;1815
1922;2036;1814
1920;2040;1787
1920;2033;1798
1919;2036;1825
1921;2033;1844
1921;2035;1815
1921;2035;1819
1921;2048;1787
1919;2028;1836
1920;2027;1874
1919;2031;1949
1921;2037;1897
1919;2035;1773
1921;2037;1911
1919;2036;1912
1919;2033;1891
1921;2037;1879
1918;2028;1887
1923;2036;1884
1920;2029;1812
1923;2034;1999
1919;2048;2005
1922;2027;1903
1919;2040;1800
1919;2037;1812
1920;2037;1941
1921;2030;1957
1919;2038;1963
1919;2036;1974
1918;2028;1997
1919;2039;1981
1921;2039;1809
1921;2033;1845
1920;2039;1806
1918;2034;1829
1921;2037;1839
1919;2039;1829
1921;2034;1810
1921;2048;1819
1922;2031;1821
1922;2039;1799
1921;2037;1825
1919;2037;1807
1923;2038;1863
1919;2039;1828
1922;2033;1851
1922;2031;1841
1919;2034;1828
1922;2031;1851
1923;2028;1925
1921;2031;1785
1919;2030;1799
1919;2032;1780
1923;2029;1846
1921;2037;1853
1921;2035;1835
1919;2035;1803
1920;2034;1803
1923;2036;1796
1919;2037;1831
1919;2048;1848
1919;2034;1791
1922;2033;1797
1921;2025;1805
1925;2041;1792
1924;2028;1797
1920;2037;1817
1921;2031;1794
1922;2036;2002
1920;2036;2007
1919;2034;1993
1921;2037;1799
1921;2039;1843
1922;2038;1860
1922;2048;1785
1919;2037;1877
1919;2029;1963
1919;2048;1987
1922;2033;1991
1919;2033;1990
1923;2038;1813
1923;2031;1816
1921;2033;1823
1921;2030;1971
1919;2040;1803
1919;2040;1803
1920;2035;1999
1924;2022;1794
1921;2037;1794
1921;2039;1809
1919;2036;1796
1920;2039;1810
1919;2037;1800
1921;2037;1982
1921;2035;2015
1920;2038;2003
1921;2030;2001
1921;2035;1995
1922;2032;1857
1922;2031;1867
1921;2038;1890
1920;2035;1924
1921;2036;1963
1919;2039;2001
1921;2031;1963
1921;2029;1800
1921;2031;1823
1923;2031;1814
1920;2033;1797
1922;2048;1824
1921;2034;1865
1923;2037;1815
1922;2031;1803
1919;2038;1801
1922;2037;1836
1921;2040;1805
1919;2035;1811
1923;2029;1987
1920;2036;1994
1919;2037;2003
1921;2034;2010
1919;2037;1827
1922;2032;1876
1922;2035;1858
1921;2035;1918
1919;2033;1949
1921;2033;1994
1923;2033;1975
1917;2035;1981
1921;2031;1979
1923;2034;1815
1921;2030;1806
1922;2042;1798
1921;2035;1827
1919;2037;1787
1919;2036;1887
1921;2031;1819
1921;2048;1851
1921;2037;1962
1922;2032;1989
1922;2037;2006
1920;2030;1952
1921;2030;1821
1921;2030;1803
1922;2039;1810
1921;2028;2022
1920;2034;1813
1920;2036;1839
1923;2033;1854
1920;2031;1827
1921;2032;1804
1923;2048;1803
1921;2039;1816
1920;2035;1825
1919;2039;1983
1922;2048;1992
1920;2037;1993
1923;2039;1804
1922;2033;1884
1919;2032;1854
1919;2037;1840
1921;2038;1825
1919;2035;1877
1920;2034;1963
1921;2029;1961
1923;2040;1939
1919;2031;1818
1922;2027;1819
1922;2048;1818
1927;2034;1802
1919;2031;1941
1917;2048;1829
1919;2040;1848
1919;2034;1809
1921;2037;1813
1921;2035;1847
1921;2026;1880
1920;2033;1908
1922;2029;1927
1923;2036;1810
1921;2034;1819
1921;2037;1818
1921;2038;1826
1921;2038;1805
1921;2029;1936
1922;2033;1836
1922;2033;1877
1917;2038;1833
1923;2039;1798
1919;2037;1805
1921;2037;1802
1921;2037;1847
1920;2033;1819
1922;2039;1822
1921;2048;1817
1918;2048;1823
1921;2029;1837
1921;2038;1866
1919;2037;1831
1922;2039;1839
1922;2048;1823
1922;2040;1811
1918;2034;1813
1918;2039;1824
1919;2035;1844
1919;2030;1864
1922;2034;1876
1921;2032;1920
1922;2034;1840
1919;2040;1842
1921;2038;1839
1921;2036;1807
1919;2036;1829
1923;2048;1821
1921;2036;1830
1921;2039;1871
1921;2036;1818
1923;2037;1822
1921;2034;1812
1921;2035;1831
1919;2048;1815
1923;2035;1829
1921;2035;1896
1920;2035;1825
1923;2035;1825
1921;2033;1857
1921;2033;1833
1921;2035;1784
1921;2037;1829
1922;2034;1823
1922;2039;1816
1922;2037;1819
1919;2048;1832
1921;2030;1822
1921;2039;1788
1918;2040;1845
1919;2038;1838
1921;2039;1765
1922;2036;1768
1919;2038;1797
1919;2033;1847
1923;2033;1847
1922;2037;1826
1924;2036;1810
1922;2048;1805
1919;2038;1823
1923;2033;1844
1920;2033;1819
1921;2027;1921
1919;2038;1772
1919;2029;1826
1921;2030;1846
1919;2039;1791
1920;2048;1774
1919;2042;1800
1922;2035;1786
1921;2031;1807
1908;2030;1809
1920;2048;1817
1922;2038;1796
1921;2037;1845
1922;2034;1813
1922;2031;1925
1919;2033;1763
1921;2034;1774
1921;2035;1907
1921;2036;1850
1921;2031;1838
1921;2035;1840
1922;2034;1832
1921;2035;1828
1921;2031;1819
1920;2036;1826
1919;2035;1951
1921;2039;1789
1921;2030;1878
1923;2029;1851
1919;2033;1803
1921;2029;1775
1923;2031;1855
1921;2031;1826
1919;2039;1831
1919;2035;1831
1922;2035;1803
1930;2033;1917
1924;2030;1851
1921;2031;1796
1921;2035;1785
1919;2031;1844
1922;2029;1781
1922;2035;1881
1924;2039;1847
1924;2031;1845
1921;2039;1811
1921;2031;1888
1920;2037;1903
1923;2029;1831
1922;2033;1868
1922;2030;1848
1922;2035;1847
1922;2033;1927
1921;2038;2035
1922;2039;1899
1921;2034;1854
1921;2035;1828
1923;2030;1873
1919;2035;1823
1921;2034;1826
1919;2034;1795
1921;2034;1837
1921;2037;1787
1922;2034;1831
1919;2037;1817
1923;2033;1779
1924;2034;1855
1921;2038;1874
1919;2035;1876
1921;2031;1832
1920;2037;1833
1923;2035;1799
1923;2038;1824
1921;2033;1856
1921;2031;1824
1921;2036;1874
1922;2035;1812
1919;2029;1920
1924;2037;1887
1922;2036;1882
1921;2025;1855
1922;2029;1842
1919;2036;1832
1921;2039;1827
1921;2036;1791
1922;2035;1911
1920;2038;1803
1922;2032;1898
1919;2035;1895
1921;2048;1807
1922;2034;1781
1922;2037;1889
1921;2036;1873
1921;2035;1796
1921;2029;1770
1925;2035;1787
1923;2032;1812
1923;2035;1863
1921;2034;1900
1919;2033;1822
1919;2029;1813
1921;2039;1856
1921;2037;1777
1922;2030;1787
1923;2035;1786
1922;2039;1793
1919;2035;1788
1923;2035;1797
1922;2040;1799
1924;2037;1856
1922;2048;1851
1921;2031;1919
1923;2031;1899
1920;2035;1836
1922;2033;1866
1918;2034;1989
1922;2029;1785
1922;2027;1790
1919;2048;1785
1921;2033;1784
1922;2033;1793
1920;2034;1879
1921;2034;1867
1921;2032;1913
1922;2031;1859
1923;2036;1803
1922;2034;1809
1923;2035;2010
1921;2027;1817
1921;2036;1774
1921;2036;1779
1923;2035;1796
1919;2037;1789
1923;2033;1932
1922;2038;1844
1923;2027;1854
1923;2026;1867
1923;2035;1858
1923;2031;1883
