2048;1987
2048;1988
2048;1987
2048;1988
2048;1983
2048;1987
2048;1985
2048;1986
2048;1987
2048;1991
2048;1985
2048;1986
2048;1985
2048;1986
2041;1986
2073;1987
2048;1987
2038;1987
2048;1983
2038;1986
2048;1982
2048;1986
2048;1986
2037;1985
2041;1986
2048;1983
2049;1989
2048;1993
2048;1987
2048;1986
2048;1986
2048;1991
2048;1984
2039;1985
2039;1985
2048;1987
2048;1986
2040;1986
2031;1985
2048;1986
2048;1986
2048;1985
2048;1983
2048;1987
2048;1989
2048;1985
2048;1987
2048;1983
2041;2010
2048;1987
2048;1987
2048;1985
2050;1986
2041;1986
2039;1987
2039;1987
2039;1985
2019;1986
2048;1987
2040;1986
2048;1987
2049;2000
2048;1987
2048;1983
2048;1983
2048;1987
2048;1986
2048;1987
2048;1987
2048;1986
2048;1987
2048;1988
2050;1987
2035;1987
2042;1986
2048;1987
2041;1986
2039;1986
2048;1982
2039;1987
2048;1987
2048;1987
2048;1989
2048;1987
2048;1984
2048;1987
2048;1987
2041;1986
2048;1986
2048;1989
2048;1984
2048;1984
2041;1986
2048;1986
2041;1983
2041;1985
2040;1987
2038;1982
2048;2006
2041;1987
2048;1984
2048;1987
2048;1986
2011;1989
2048;1989
2048;1986
2048;1985
2048;1987
2048;1983
2048;1990
2048;1987
2038;1986
2048;1986
2066;1986
2048;1985
2040;1987
2039;1987
2040;1986
2040;1985
2048;1988
2053;1987
2048;1987
2042;1983
2039;1986
2048;1986
2048;1987
2048;1986
2048;1986
2048;1988
2048;1986
2039;1987
2048;1993
2048;1985
2048;1986
2039;1987
2039;1987
2039;1988
2048;1986
2040;1986
2048;1987
2048;1989
2048;1983
2048;1991
2049;1986
2048;1985
2048;1985
2041;1990
2048;1987
2048;1987
2048;1986
2048;1988
2048;1970
2048;1986
2048;1987
2041;1984
2048;1984
2048;1986
2041;1987
2041;1985
2048;1985
2048;1986
2048;1985
2048;1983
2048;1988
2048;1991
2053;1989
2041;1985
2048;1985
2048;1986
2020;1987
2048;1986
2048;1987
2048;1981
2048;1987
2039;1985
2040;1986
2048;1985
2039;1986
2041;1985
2041;1987
2048;1987
2048;1986
2039;1987
2048;1987
2048;1987
2036;1987
2048;1987
2048;1985
2048;1985
2038;1984
2048;1987
2048;1992
2038;1990
2039;1986
2048;1986
2026;1986
2040;1986
2040;1989
2040;1985
2048;1987
2048;1987
2048;1986
2041;1985
2048;1987
2048;1987
2048;1983
2048;1980
2048;1986
2048;1986
2048;1987
2015;1986
2048;1986
2041;1986
2051;1984
2036;1993
2048;1987
2037;1987
2048;1987
2048;1988
2039;1986
2036;1993
2039;1985
2048;1985
2048;1987
2048;1986
2048;1990
2050;1987
2048;1986
2048;1986
2048;1985
2048;1987
2048;1982
2041;1987
2049;1987
2048;1977
2048;1986
2040;1986
2048;1987
2039;1989
2038;1986
2048;1989
2049;1986
2048;1988
2048;1991
2048;1987
2049;1992
2048;1987
2048;1987
2048;1987
2048;1982
2048;1983
2048;1989
2033;1987
2048;1987
2041;1987
2040;1986
2033;1986
2036;1993
2040;1987
2037;1987
2039;1986
2048;1985
2062;1986
2048;1983
2053;1985
2048;1987
2048;1986
2048;1987
2048;1988
2048;1987
2048;1989
2048;1981
2039;1987
2051;1986
2052;1989
2039;1989
2033;1988
2039;1989
2039;1988
2039;1989
2054;1989
2048;1989
2052;1990
2051;1987
2036;1994
2048;1988
2048;1989
2041;1987
2048;1985
2048;1990
2050;1989
2041;1990
2048;1989
2048;1988
2048;1989
2048;1979
2050;1989
2035;1989
2035;1990
2039;1988
2055;1987
2039;1987
2037;1989
2049;1983
2052;1990
2052;1991
2050;1988
2048;1988
2039;1989
2040;1988
2039;1989
2048;1990
2050;1989
2038;1982
2048;1989
2041;1989
2048;1988
2036;1987
2048;1989
2048;1990
2048;1989
2048;1989
2048;1989
2048;1993
2049;1990
2048;1990
2048;1990
2048;1989
2037;1989
2049;1990
2048;1990
2048;1987
2048;1990
2048;1989
2048;1988
2039;1989
2048;1992
2040;1989
2048;1990
2048;1991
2048;1991
2049;1986
2048;1987
2051;1991
2048;1991
2048;1989
2048;1990
2048;1989
2048;1990
2048;1991
2037;1989
2038;1989
2049;1989
2055;1991
2031;1991
2048;1989
2038;1990
2048;1989
2040;1989
2048;1991
2048;1990
2048;1990
2048;1990
2040;1990
2048;1990
2050;1989
2048;1990
2049;1991
2039;1991
2048;1990
2035;1990
2050;1989
2034;1990
2041;1990
2052;1991
2048;1991
2048;1991
2037;1989
2049;1990
2039;1990
2041;1991
2048;1990
2048;1989
2048;1991
2048;1989
2041;1989
2048;1991
2048;1990
2048;1990
2048;1992
2048;1989
2039;1989
2048;1991
2041;1991
2048;1991
2048;1990
2048;1991
2039;1990
2048;1990
2053;1990
2048;1991
2048;1990
2048;1991
2048;1990
2039;1992
2048;1994
2048;1990
2050;1991
2037;1991
2033;1994
2055;1992
2048;1989
2039;1992
2051;1991
2051;1989
2048;1990
2039;1991
2031;1991
2048;1990
2049;1989
2182;1969
2304;1928
2155;1925
2070;1938
2048;1949
2066;1951
2062;1956
2049;1962
2041;1967
2048;1973
2048;1977
2048;1979
2048;1982
2048;1983
2048;1985
2048;1987
2048;1992
2048;1988
2053;1990
2048;1991
2048;1991
2053;1993
2054;1983
2052;1993
2055;1990
2058;1994
2055;1991
2055;1992
2057;1994
2058;1994
2057;1994
2049;1998
2057;1993
2055;1995
2068;1995
2055;1995
2055;1997
2052;1995
2055;1999
2051;1998
2055;2023
2056;1997
2052;1999
2053;1999
2052;1997
2059;1999
2063;1999
2059;1995
2052;1997
2063;1999
2051;1995
2059;1999
2063;1997
2175;1997
2080;2000
2051;2002
2048;2006
2048;2007
2048;2007
2048;2010
2056;2011
2062;2010
2056;2011
2062;2010
2066;2011
2059;2016
2055;2023
2055;2012
2063;2014
2065;2012
2087;2010
2089;2003
2067;2011
2060;2006
2053;2006
2048;2007
2061;2009
2048;2009
2075;2013
2070;2009
2079;2007
2065;2008
2055;2010
2066;2009
2064;2006
2065;2014
2070;2013
2061;2009
2075;2007
2071;2005
2063;2007
2068;2009
2061;2008
2060;2008
2059;2009
2062;2009
2058;2010
2058;2010
2081;2011
2069;2010
2058;2011
2063;2006
2064;2012
2068;2011
2067;2011
2060;2013
2069;2011
2073;2012
2063;1977
2061;2011
2056;2011
2062;2011
2065;2011
2063;2008
2067;2013
2066;2010
2066;2010
2051;2007
2062;2007
2062;2011
2065;2010
2066;2010
2065;2010
2059;2011
2069;2007
2071;2011
2061;2010
2061;2010
2060;2011
2063;2010
2060;2009
2068;2010
2068;2009
2087;2007
2065;2011
2057;2011
2057;2010
2064;2011
2070;2009
2059;2011
2061;2010
2063;2012
2062;2011
2069;2014
2065;2011
2069;2008
2066;2013
2069;2004
2068;2010
2049;2010
2074;2010
2062;2009
2074;2012
2068;2009
2073;2009
2063;2008
2063;2007
2093;2009
2059;2007
2060;2007
2072;2010
2063;2009
2066;2007
2067;2007
2077;2006
2069;2007
2058;2011
2064;2007
2067;2006
2072;2007
2062;2015
2068;2007
2067;2008
2060;2011
2055;2007
2065;2007
2051;2005
2063;2009
2059;2007
2064;2007
2071;2007
2063;2006
2063;2007
2059;2007
2077;2005
2066;2005
2062;2006
2062;2006
2065;2005
2069;2009
2075;2010
2064;2009
2060;2004
2060;2006
2063;2003
2061;2006
2063;2008
2062;2003
2065;2009
2061;2006
2063;2005
2067;1999
2066;2004
2059;2005
2074;2005
2053;2008
2060;2007
2105;2003
2063;2004
2065;2007
2034;2005
2070;2007
2070;2003
2063;2007
2076;2005
2052;2005
2048;2004
2061;2003
3095;1980
2275;2002
2070;2021
1944;2053
1955;2062
1985;2077
2007;2086
2031;2092
2048;2101
2074;2105
2062;2113
2087;2112
2084;2113
2084;2143
2081;2121
2083;2123
2079;2123
2083;2120
2083;2125
2092;2125
2079;2125
2106;2124
2098;2127
2080;2127
2087;2127
2081;2128
2092;2129
2090;2127
2105;2129
2099;2131
2083;2131
2091;2129
2093;2136
2094;2129
2094;2135
2093;2130
2097;2131
2076;2130
2086;2130
2106;2132
2095;2129
2074;2123
2080;2136
2098;2132
2091;2132
2094;2137
2104;2138
2087;2133
2082;2132
2111;2131
2084;2133
2101;2133
2103;2131
2093;2130
2085;2130
2086;2138
2094;2148
2096;2132
2085;2136
2095;2135
2057;2133
2096;2138
2103;2134
2106;2132
2098;2133
2093;2136
2071;2133
2090;2133
2112;2131
2103;2130
2081;2133
2088;2147
2091;2138
2098;2133
2101;2137
2091;2133
2094;2138
2074;2132
2079;2133
2113;2130
2108;2130
2095;2132
2066;2120
2090;2133
2098;2127
2101;2131
2084;2131
2088;2131
2086;2130
2099;2130
2114;2130
2091;2127
2129;2127
2075;2133
2089;2127
2101;2129
2093;2129
2086;2127
2090;2128
2101;2125
2087;2130
2085;2123
2082;2127
2095;2125
2099;2126
2088;2132
2091;2126
2095;2126
2106;2124
2099;2129
2071;2125
2074;2126
2095;2121
2113;2125
2103;2125
2105;2125
2101;2123
2068;2123
2061;2123
2087;2124
2093;2138
2106;2129
2079;2123
2081;2122
2095;2123
2098;2120
2097;2122
2098;2121
2087;2122
2099;2127
2095;2120
2078;2119
2096;2123
2085;2124
2090;2119
2092;2118
2091;2119
2078;2122
2091;2122
2097;2119
2075;2119
2092;2120
2094;2114
2098;2117
2063;2116
2098;2113
2102;2115
2083;2114
2099;2117
2101;2114
2076;2105
2087;2117
2098;2115
2095;2116
2095;2115
2087;2115
2075;2115
2106;2115
2072;2120
2100;2119
2082;2114
2101;2112
2094;2113
2080;2113
2073;2109
2097;2113
2083;2113
2101;2112
2119;2111
2091;2112
2087;2112
2084;2106
2095;2109
2123;2110
2095;2112
2048;2109
2072;2111
2113;2110
2084;2110
2078;2109
2095;2109
2098;2103
2082;2114
2098;2106
2092;2107
2089;2107
2085;2107
2072;2111
2092;2108
2087;2107
2091;2102
2077;2105
2088;2105
2097;2109
2096;2105
2102;2106
2065;2107
2081;2105
2099;2101
2085;2104
2073;2105
2083;2103
2087;2104
2091;2102
2098;2102
2106;2103
2075;2108
2103;2101
2093;2103
2085;2101
2092;2101
2085;2099
2084;2099
2111;2099
2098;2099
2048;2099
2073;2105
2099;2098
2118;2098
2092;2098
2062;2097
2055;2098
2102;2098
2099;2100
2072;2097
2083;2094
2095;2093
2095;2094
2079;2095
2102;2094
2095;2095
2080;2094
2067;2095
2105;2094
2099;2095
2054;2094
2073;2093
2081;2092
2095;2093
2085;2093
2073;2092
2092;2091
2097;2087
2081;2091
2087;2093
2095;2091
2089;2091
2077;2090
2104;2090
2075;2090
2101;2090
2069;2090
2091;2090
2059;2089
2103;2085
2069;2087
2106;2085
2080;2092
2079;2082
2075;2085
2078;2087
2086;2085
2079;2087
2092;2086
2117;2086
2092;2087
2051;2085
2075;2085
2105;2085
2092;2086
2078;2084
2068;2084
2103;2085
2115;2084
2066;2084
2056;2081
2099;2077
2102;2082
2048;2083
2095;2084
2082;2083
2085;2082
2092;2082
2085;2082
2088;2080
2098;2081
2097;2080
2051;2081
2070;2081
2104;2079
2073;2078
2100;2081
2085;2079
2077;2077
2081;2077
2083;2077
2086;2079
2078;2079
2079;2077
2077;2077
2078;2078
2080;2077
2095;2077
2080;2076
2091;2076
2066;2074
2078;2075
2103;2075
2078;2075
2118;2075
2079;2074
2068;2075
2083;2076
2091;2075
2075;2073
2068;2075
2085;2074
2071;2074
2071;2073
2090;2073
2075;2072
2071;2072
2085;2071
2106;2074
2100;2071
2065;2072
2026;2075
2079;2072
2089;2070
2090;2071
2087;2069
2107;2071
2107;2070
2048;2069
2065;2071
2077;2069
2079;2070
2101;2067
2083;2068
2059;2067
2034;2068
2084;2068
2095;2067
2109;2067
2090;2065
2069;2067
2063;2066
2075;2065
2088;2066
2091;2066
2065;2065
2090;2064
2083;2065
2100;2065
2081;2064
2074;2063
2081;2063
2085;2063
2089;2063
2056;2062
2063;2063
2085;2062
2085;2060
2086;2059
2101;2061
2082;2066
2069;2060
2069;2059
2074;2063
2106;2059
2055;2060
2058;2059
2094;2061
2093;2059
2077;2060
2060;2059
2106;2048
2095;2061
2065;2059
2051;2057
2066;2059
2077;2055
2066;2055
2098;2083
2095;2055
2070;2058
2061;2079
2054;2059
2081;2034
2062;2056
2082;2056
2091;2054
2095;2052
2067;2057
2079;2053
2074;2054
2096;2054
2062;2055
2052;2054
2061;2048
2093;2053
2118;2052
2031;2053
2061;2053
2087;2053
2071;2053
2095;2052
2073;2034
2078;2028
2070;2051
2082;2039
2076;2052
2072;2051
2079;2050
2076;2053
2077;2056
2094;2050
2068;2049
2055;2052
2067;2048
2087;2049
2093;2048
2065;2050
2074;2048
2071;2048
2084;2049
2060;2048
2074;2048
2073;2048
2053;2048
2059;2048
2091;2048
2083;2048
2084;2048
2059;2048
2074;2048
2091;2058
2083;2048
2049;2048
2057;2070
2087;2048
2063;2048
2071;2049
2102;2048
2079;2048
2048;2048
2089;2048
2063;2048
2080;2048
2070;2031
2082;2037
2113;2039
2064;2039
2048;2048
2076;2039
2071;2041
2085;2058
2072;2038
2115;2041
2021;2038
2024;2037
2075;2039
2118;2038
2072;2039
2048;2037
2083;2039
2084;2036
2087;2040
2066;2036
2063;2039
2048;2037
2081;2034
2081;2037
2077;2037
2076;2037
2095;2036
2050;2037
2068;2036
2099;2035
2052;2036
2054;2034
2087;2035
2065;2035
2058;2033
2074;2037
2069;2034
2079;2033
2094;2037
2063;2038
2071;2035
2091;2033
2039;2033
2097;2032
2063;2033
2064;2031
2050;2029
2052;2031
2100;2033
2073;2031
2061;2031
2078;2031
2099;2031
2058;2031
2049;2034
2073;2031
2138;2027
2018;2030
2031;2033
2075;2030
2095;2027
2093;2026
2070;2029
2075;2032
2106;2027
2028;2027
2039;2027
2048;2026
2073;2027
2091;2030
2090;2021
2070;2027
2063;2026
2078;2026
2051;2025
2085;2025
2095;2027
2048;2027
2051;2026
2091;2027
2070;2025
2105;2025
2035;2029
2088;2023
2039;2023
2041;2026
2091;2025
2080;2026
2087;2025
2074;2025
2051;2024
2084;2023
2068;2027
2059;2024
2061;2021
2074;2023
2089;2021
2095;2024
2095;2023
2033;2019
2056;2023
2082;2023
2072;2022
2091;2026
2048;2023
2065;2022
2081;2020
2072;2021
2069;2022
2036;2025
2087;2021
2080;2019
2035;2023
2082;2019
2048;2017
2059;2017
2084;2019
2069;2019
2086;2020
2076;2019
2063;2019
2071;2021
2079;2002
2069;2019
2055;2019
2060;2018
2074;2016
2073;2035
2100;2022
2009;2015
2055;2023
2063;2017
2093;2017
2072;2015
2055;2016
2048;2018
2077;2018
2100;2017
2073;2014
2021;2015
2073;2015
2067;2012
2059;2015
2087;2015
2080;2015
2065;2015
2052;2015
2061;2013
2109;2006
2059;2014
2018;2015
2061;2014
2081;2015
2087;2014
2059;2014
2067;2013
2085;2012
2075;2011
2055;2013
2088;2013
2062;2013
2057;2011
2065;1995
2075;2011
2063;1995
2058;2015
2095;2011
2119;2010
2013;2017
2048;2010
2052;2011
2079;2009
2078;2011
2080;2011
2034;2013
2065;2010
2088;2007
2063;2010
2072;2009
2062;2010
2057;2010
2049;2008
2078;2019
2094;2007
2073;2007
2033;2008
2063;2009
2071;2011
2081;2007
2055;2010
2068;2007
2068;2010
2035;2007
2066;2008
2063;2008
2075;2007
2034;2002
2075;2007
2066;2007
2089;2007
2038;2007
2048;2007
2075;2006
2085;2013
2048;2006
2070;2005
2049;2005
2090;2006
2095;2006
2063;2003
2036;1999
2038;2006
2087;2005
2075;2005
2061;2000
2048;2003
2075;2003
2066;2003
2083;2005
2065;2002
2048;2005
2060;2008
2074;2003
2086;1991
2058;2003
2031;2004
2061;2004
2072;2003
2069;1999
2064;2002
2087;2002
2036;2001
2026;2003
2099;2000
2048;1999
2067;2015
2122;2001
2079;2002
1998;1998
2036;1999
2048;2016
2071;2002
2089;2007
2093;1999
2073;2000
2065;1999
2048;2001
2058;1999
2069;2003
2051;1999
2063;2003
2081;1998
2066;1998
2023;2001
2077;1998
2065;1999
2062;1997
2053;1999
2075;1997
2075;1999
2068;1998
2073;1998
2048;1997
2052;1997
2072;1999
2110;1998
2035;1997
2036;1998
2059;1997
2050;1997
2061;1999
2085;1998
2059;1981
2039;1996
2051;1991
2064;1995
2079;2017
2095;1993
2055;1996
2019;1993
2049;1998
2084;1997
2091;1995
2048;1995
2082;1994
2011;1995
2039;1996
2080;1989
2058;1996
2054;1995
2068;1995
2077;1994
2060;1995
2056;1995
2075;1995
2025;1995
2058;1995
2069;1993
2059;1995
2078;1994
2077;1993
2057;1992
2050;1996
2062;1995
2062;1993
2089;1991
2071;1991
2012;1993
2048;1983
2071;1994
2061;1995
2065;1990
2054;1991
2039;1991
2081;2008
2060;1989
2048;1993
2067;1990
2068;1991
2063;1984
2056;1989
2051;1985
2065;1992
2068;1991
2054;1993
2050;1989
2067;1989
2076;1990
2073;1997
2031;1972
2048;1989
2039;1990
2066;1993
2082;1989
2078;1989
2050;1987
2053;1989
2074;1993
2069;1989
2061;1985
2053;1983
2068;1989
2048;1990
2060;1986
2065;1989
2082;1988
2051;1993
2037;1987
2077;1987
2066;1988
2048;1988
2070;1989
2072;1988
2053;1987
2048;1989
2057;1988
2081;1987
2075;1987
2048;1987
2060;1988
2081;1987
2057;1987
2033;1986
2037;1986
2076;1987
2063;1988
2058;1986
2057;1987
2055;1987
2065;1987
2062;1985
2050;1986
2051;1985
2076;1985
2053;1986
2056;1987
2107;1986
2014;1985
2031;1985
2063;1985
2072;1986
2070;1986
2067;1985
2048;1985
2062;1986
2068;1982
2037;1983
2094;1985
2034;1984
2048;1986
2038;1985
2065;1983
2073;1983
2048;1983
2071;1983
2075;1984
2048;1983
2058;1985
2048;1983
2053;1982
2059;1984
2062;1983
2063;1983
2057;1983
2063;1983
2058;1983
2048;1983
2071;1985
2071;1986
2071;1983
2011;1982
2038;1982
2071;1981
2074;1981
2057;1982
2058;1982
2053;1982
2048;1982
2055;1981
2069;1981
2065;1981
2066;1983
2035;1982
2071;1981
2053;1981
2039;1980
2059;1981
2078;1980
2065;1981
2041;1983
1999;1981
2067;1982
2091;1961
2054;1981
2055;1980
2057;1981
2048;1979
2052;1981
2054;1980
2077;1985
2090;1976
2035;1980
2029;1980
2055;1980
2071;1980
2061;1981
2063;1979
2056;1979
2075;1979
2027;1979
2048;1979
2065;1979
2077;1979
2031;1978
2054;1978
2100;1980
2049;1979
2027;1979
2055;1978
2053;1978
2056;1978
2059;1979
2069;1978
2059;1977
2063;1978
2048;1979
2039;1972
2069;1978
2069;1977
2049;1977
2054;1979
2056;1979
2051;1976
2055;1975
2051;1972
2059;1978
2052;1982
2066;1976
2054;1979
2062;1976
2075;1977
2059;1978
2029;1978
2064;1977
2062;1975
2031;1977
2063;1975
2048;1976
2053;1973
2071;1975
2028;1975
2037;1975
2061;1976
2067;1972
2066;1977
2059;1975
2053;1977
2059;1976
2048;1972
2068;1975
2048;1975
2049;1982
2051;1999
2063;1976
2038;1975
2053;1977
2072;1975
2054;1975
2059;1972
2060;1975
2048;1975
2059;1973
2085;1978
2048;1991
2013;1975
2066;1978
2063;1974
2055;1973
2065;1976
2058;1976
2066;1974
2048;1974
2072;1967
2040;1973
2056;1973
2063;1973
2060;1977
2053;1974
2037;1975
2063;1989
2063;1975
2048;1995
2048;1976
2060;1971
2074;1972
2053;1977
2037;1973
2060;1970
2063;1979
2063;1973
2057;1975
2062;1971
2031;1973
2059;1974
2076;1973
2057;1973
2058;1977
2069;1973
2031;1975
2039;1971
2048;1973
2061;1972
2052;1972
2041;1939
2057;1972
2048;1973
2055;1970
2049;1972
2063;1978
2067;1971
2053;1972
2048;1971
2039;1978
2062;1972
2048;1970
2063;1970
2055;1971
2048;1971
2039;1972
2055;1969
2068;1970
2051;1970
2064;1989
2058;1972
2037;1971
2037;1970
2048;1967
2055;1969
2062;1971
2055;1973
2055;1969
2076;1973
2055;1969
2028;1969
2057;1969
2079;1969
2064;1969
2028;1969
2052;1969
2051;1963
2055;1972
2058;1963
2048;1951
2066;1966
2048;1971
2048;1963
2070;1967
2067;1969
2012;1969
2036;1968
2078;1969
2065;1969
2056;1969
2038;1970
2053;1970
2067;1968
2072;1970
2065;1967
2020;1967
2031;1969
2074;1973
2048;1966
2053;1969
2048;1969
2054;1970
2063;1967
2050;1965
2069;1967
2048;1967
2055;1967
2070;1965
2048;1967
2056;1967
2048;1967
2052;1967
2063;1965
2053;1977
2066;1965
2055;1969
2053;1971
2050;1966
2048;1967
2051;1966
2070;1965
2079;1967
2025;1963
2027;1964
2053;1967
2048;1966
2069;1967
2059;1967
2049;1967
2059;1966
2059;1965
2056;1957
1792;1962
2040;1965
2050;1966
2055;1967
2052;1964
2052;1963
2053;1965
2053;1967
2062;1966
2037;1970
2061;1966
2065;1965
2063;1965
2058;1965
2056;1964
2022;1965
2049;1963
2054;1938
2055;1964
2064;1965
2049;1964
2048;1969
2059;1970
2058;1966
2048;1963
2073;1966
2038;1964
2050;1969
2049;1963
2027;1961
2059;1965
2069;1964
2065;1968
2048;1965
2054;1964
2056;1962
2039;1963
2058;1964
2053;1963
2057;1963
2066;1964
2048;1963
2048;1963
2071;1958
2018;1963
2048;1961
2061;1963
2048;1963
2053;1969
2060;1963
2060;1967
2035;1964
2053;1963
2095;1963
2013;1964
2048;1960
2050;1962
2049;1965
2053;1962
2054;1963
2065;1967
2050;1961
2048;1962
2052;1964
2048;1962
2048;1962
2037;1961
2053;1961
2048;1962
2038;1963
2064;1959
2057;1961
2050;1963
2041;1961
2056;1962
2057;1979
2048;1965
2065;1962
2050;1959
2048;1961
2048;1962
2068;1954
2051;1961
2048;1955
2023;1962
2069;1962
2048;1960
2057;1958
2020;1960
2069;1958
2065;1959
2051;1960
2052;1959
2039;1959
2058;1959
2069;1964
2039;1959
2048;1961
2048;1962
2055;1959
2049;1959
2048;1961
2060;1961
2059;1961
2052;1959
2041;1958
2048;1959
2048;1964
2084;1958
2052;1958
2019;1960
2026;1960
2068;1959
2061;1961
2056;1959
2058;1960
2036;1962
2058;1961
2051;1959
2055;1959
2048;1955
2048;1960
2054;1959
2070;1960
2053;1962
2031;1945
2048;1958
2057;1959
2039;1959
2031;1957
2062;1959
2048;1959
2072;1959
2052;1957
2082;1959
2048;1957
2058;1962
2069;1961
2015;1958
2034;1957
2070;1963
2063;1959
2066;1957
2026;1957
2032;1959
2048;1959
2049;1959
2060;1944
2049;1957
2063;1959
2039;1958
2048;1957
2048;1957
2061;1961
2059;1961
2053;1958
2049;1962
2057;1954
2061;1957
2031;1957
2048;1957
2063;1960
2051;1958
2031;1961
2066;1959
2058;1965
2026;1957
2051;1955
2050;1955
2037;1957
2072;1961
2048;1953
2048;1957
2048;1947
2061;1957
2053;1959
2055;1956
2051;1957
2049;1957
2061;1957
2040;1955
2035;1955
2054;1957
2061;1955
2052;1954
2030;1956
2027;1957
2058;1960
2071;1956
2048;1956
2037;1955
2048;1957
2057;1955
2048;1955
2054;1957
2049;1960
2052;1956
2032;1957
2048;1955
2029;1957
2039;1953
2059;1952
2065;1973
2048;1952
2049;1957
2048;1949
2059;1954
2039;1959
2048;1954
2038;1981
2053;1946
2078;1953
2048;1956
2048;1962
2048;1947
2048;1956
2061;1956
2048;1956
2082;1959
2048;1955
2031;1953
2041;1954
2053;1956
2048;1957
2048;1955
2051;1954
2055;1957
2055;1955
2040;1955
2033;1960
2063;1953
2048;1956
2057;1955
2055;1955
2049;1955
2070;1955
2053;1956
2025;1955
2052;1954
2053;1954
2059;1953
2057;1955
2031;1955
2048;1956
2048;1955
2062;1957
2069;1954
2048;1953
2013;1953
2048;1956
2070;1955
2036;1955
2048;1955
2050;1951
2062;1957
2051;1961
2049;1954
2050;1955
2048;1953
2055;1954
2056;1955
2035;1953
2055;1954
2049;1955
2048;1954
2048;1956
2041;1955
2057;1951
2059;1971
2041;1955
2035;1953
2049;1953
2052;1954
2048;1953
2061;1953
2048;1954
2059;1953
2063;1954
2048;1953
2029;1954
2048;1953
2048;1952
2048;1954
2070;1955
2055;1953
2036;1954
2048;1953
2041;1953
2059;1954
2056;1953
2034;1953
2048;1953
2050;1953
2052;1955
2057;1954
2057;1953
2031;1952
2048;1955
2055;1955
2049;1954
2040;1952
2057;1949
2048;1952
2048;1957
2048;1953
2058;1953
2040;1953
2040;1953
2048;1953
2051;1953
2064;1951
2063;1951
2029;1952
2025;1952
2051;1953
2059;1952
2056;1953
2054;1951
2052;1952
2050;1953
2050;1953
2052;1952
2048;1951
2053;1952
2034;1950
2049;1953
2066;1955
2048;1952
2027;1953
2065;1951
2048;1952
2048;1956
2053;1956
2048;1951
2034;1951
2048;1952
2063;1952
2050;1951
2050;1951
2050;1952
2048;1952
2057;1952
2048;1953
2031;1952
2048;1953
2048;1951
2048;1951
2048;1953
2059;1952
2036;1950
2051;1951
2051;1950
2048;1953
2050;1951
2054;1950
2061;1951
2039;1951
2020;1951
2052;1953
2053;1952
2048;1951
2050;1951
2068;1951
2048;1953
2035;1947
2036;1951
2053;1951
2048;1951
2059;1953
2026;1949
2035;1951
2062;1950
2057;1954
2041;1950
2054;1951
2048;1953
2039;1950
2060;1949
2029;1950
2038;1950
2052;1951
2054;1952
2048;1952
2050;1953
2035;1948
2048;1951
2053;1951
2048;1952
2048;1953
2052;1949
2048;1949
2056;1949
2037;1970
2053;1947
2053;1951
2063;1951
2048;1947
2048;1948
2050;1947
2053;1950
2058;1950
2048;1949
2036;1950
2062;1951
2048;1945
2048;1949
2048;1955
2029;1951
2057;1951
2048;1949
2054;1947
2048;1949
2048;1939
2062;1953
2040;1949
2038;1943
2048;1951
2065;1952
2048;1951
2027;1949
2055;1950
2048;1949
2048;1951
2048;1949
2048;1950
2048;1949
2048;1954
2048;1950
2051;1948
2033;1951
2052;1950
2039;1941
2059;1937
2038;1949
2048;1949
2050;1949
2049;1955
2070;1948
2030;1949
2034;1949
2031;1949
2048;1950
2060;1948
2053;1949
2050;1950
2048;1949
2040;1948
2048;1950
2048;1943
2062;1953
2048;1955
2048;1948
2048;1954
2058;1948
2057;1948
2034;1948
2048;1948
2059;1953
2061;1949
2048;1949
2035;1949
2048;1955
2055;1941
2048;1947
2048;1950
2048;1949
2031;1948
2052;1949
2058;1946
2048;1948
2048;1948
2048;1954
2048;1949
2055;1951
2048;1948
2057;1959
2040;1949
2056;1949
2056;1947
2048;1949
2048;1947
2036;1946
2027;1946
2061;1948
2056;1947
2041;1946
2035;1947
2059;1946
2048;1944
2048;1947
2048;1946
2052;1947
2049;1947
2055;1948
2031;1946
2051;1948
2049;1947
2053;1947
2027;1948
2033;1943
2048;1947
2059;1948
2052;1947
2034;1945
2048;1949
2048;1947
2052;1941
2031;1948
2048;1947
2048;1946
2048;1965
2048;1946
2048;1943
2048;1949
2054;1945
2059;1946
2048;1947
2048;1950
2055;1947
2050;1947
2048;1943
2048;1947
2048;1947
2037;1945
2048;1946
2048;1946
2050;1946
2041;1947
2049;1945
2051;1952
2031;1947
2048;1945
2048;1933
2055;1945
2052;1944
2038;1943
2039;1947
2048;1947
2048;1945
2048;1947
2048;1955
2048;1945
2048;1947
2048;1945
2048;1946
2039;1947
2048;1947
2057;1949
2048;1947
2049;1943
2034;1946
2037;1941
2048;1945
2048;1945
2056;1924
2048;1946
2048;1945
2049;1946
2048;1945
2048;1951
2057;1946
2038;1943
2041;1946
2048;1945
2054;1946
2296;1946
2029;1946
2048;1946
2053;1944
2048;1948
2037;1944
2048;1945
2051;1947
2053;1939
2055;1943
2048;1944
2038;1945
2048;1945
2050;1946
2051;1946
2039;1949
2054;1941
2040;1942
2039;1946
2048;1944
2048;1943
2048;1945
2028;1943
2048;1943
2050;1944
2050;1944
2048;1943
2041;1944
2037;1943
2049;1945
2048;1945
2059;1944
2041;1945
2053;1943
2039;1944
2035;1945
2053;1946
2049;1943
2048;1935
2038;1945
2032;1940
2039;1939
2050;1945
2049;1943
2051;1923
2048;1944
2039;1942
2036;1936
2036;1943
2057;1943
2052;1945
2039;1943
2048;1943
2061;1946
2052;1943
2048;1943
2048;1941
2048;1945
2031;1943
2054;1943
2049;1944
2048;1945
2056;1944
2034;1943
2048;1942
2052;1942
2039;1944
2065;1945
2037;1948
2026;1937
2062;1944
2059;1946
2048;1947
2037;1945
2048;1945
2048;1945
2057;1943
2064;1942
2030;1945
2048;1946
2035;1943
2048;1946
2038;1946
2056;1946
2048;1949
2064;1946
2031;1947
2038;1943
2038;1942
2048;1943
2068;1941
2050;1946
2030;1946
2074;1947
2048;1948
2036;1946
2048;1956
2030;1943
2031;1947
2048;1951
2049;1948
2053;1946
2048;1947
2031;1947
2055;1945
2038;1947
2048;1945
2048;1950
2048;1943
2048;1946
2057;1947
2049;1945
2036;1949
2058;1949
2048;1947
2050;1946
2051;1940
2048;1947
2048;1944
2048;1943
2035;1946
2048;1947
2049;1947
2031;1947
2052;1951
2059;1947
2052;1950
2028;1946
2039;1946
2048;1949
2049;1947
2058;1947
2048;1947
2062;1944
2039;1945
2048;1947
2057;1947
2049;1949
2035;1946
2051;1944
2048;1947
2054;1948
2048;1947
2066;1945
2007;1947
2023;1951
2065;1949
2049;1946
2055;1947
2039;1945
2050;1947
2048;1947
2053;1933
2048;1948
2048;1947
2053;1951
2048;1947
2039;1947
2048;1946
2064;1948
2039;1945
2037;1946
2023;1946
2053;1948
2048;1945
2035;1949
2048;1947
2050;1946
2057;1946
2048;1949
2048;1951
2051;1949
2039;1945
2048;1947
2058;1949
2053;1946
2048;1947
2048;1948
2048;1953
2051;1943
2039;1947
2033;1946
2048;1947
2048;1939
2055;1946
2050;1952
2033;1947
2021;1943
2048;1947
2056;1947
2048;1947
2048;1946
2048;1943
2057;1949
2048;1946
2048;1951
2039;1947
2048;1946
2054;1948
2039;1947
2048;1944
2037;1945
2048;1945
2048;1946
2048;1946
2048;1947
2041;1948
2048;1947
2052;1947
2048;1947
2048;1948
2051;1946
2048;1947
2048;1947
2048;1943
2048;1947
2055;1945
2048;1947
2052;1947
2034;1947
2039;1949
2048;1947
2036;1949
2052;1947
2041;1947
2069;1946
2038;1947
2024;1947
2053;1948
2048;1947
2049;1950
2039;1947
2049;1946
2053;1947
2048;1947
2048;1947
2052;1947
2035;1947
2050;1947
2049;1947
2048;1947
2048;1949
2052;1945
2041;1948
2023;1945
2050;1947
2059;1948
2048;1947
2038;1946
2048;1946
2048;1947
2048;1948
2054;1947
2050;1946
2048;1947
2048;1947
2050;1946
2048;1947
2053;1951
2056;1948
2030;1947
2031;1947
2052;1946
2054;1946
2048;1946
2041;1948
2048;1947
2048;1947
2041;1947
2055;1947
2048;1948
2051;1947
2053;1944
2048;1948
2048;1947
2055;1947
2048;1947
2048;1947
2049;1947
2040;1945
2051;1946
2031;1945
2048;1943
2053;1947
2024;1946
2049;1926
2057;1947
2049;1958
2053;1946
2037;1947
2050;1946
2050;1948
2049;1947
2048;1947
2055;1947
2095;1954
2049;1945
2024;1945
2039;1947
2048;1947
2039;1947
2061;1947
2048;1947
2030;1945
2034;1947
2048;1946
2049;1949
2051;1949
2048;1944
2051;1946
2048;1937
2050;1946
2050;1947
2052;1948
2027;1952
2048;1945
2055;1946
2033;1949
2049;1943
2049;1947
2037;1946
2048;1933
2048;1946
2048;1947
2054;1947
2048;1948
2041;1950
2041;1946
2039;1946
2048;1946
2068;1953
2048;1946
2041;1946
2050;1947
2048;1947
2039;1947
2038;1945
2048;1947
2048;1947
2036;1946
2073;1946
2026;1949
2033;1946
2059;1946
2036;1944
2037;1947
2050;1947
2048;1946
2048;1931
2052;1946
2053;1946
2038;1946
2040;1946
2048;1948
2048;1946
2049;1946
2049;1948
2029;1946
2048;1947
2050;1947
2034;1944
2050;1943
2048;1947
2052;1946
2058;1947
2027;1947
2039;1946
2054;1946
2048;1947
2048;1947
2048;1946
2049;1961
2048;1947
2051;1946
2050;1947
2051;1949
2029;1947
2048;1951
2055;1947
2048;1943
2027;1949
2027;1947
2030;1949
2058;1949
2048;1947
2048;1947
2048;1946
2048;1947
2048;1944
2050;1946
2048;1947
2048;1947
2048;1945
2048;1949
2048;1947
2048;1946
2039;1943
2048;1949
2048;1949
2029;1946
2065;1947
2037;1946
2032;1946
2052;1951
2050;1950
2021;1946
2050;1947
2055;1943
2048;1945
2035;1947
2054;1917
2053;1945
2048;1946
2050;1946
2053;1946
2041;1946
2039;1943
2048;1949
2048;1946
2048;1945
2039;1949
2048;1947
2030;1947
2031;1945
2048;1947
2048;1946
2058;1946
2048;1947
2048;1946
2034;1955
2048;1946
2053;1946
2042;1951
2042;1946
2048;1948
2048;1948
2048;1946
2048;1945
2048;1948
2051;1948
2040;1949
2038;1947
2048;1946
2055;1947
2041;1947
2037;1946
2048;1943
2051;1942
2051;1946
2048;1946
2048;1946
2034;1946
2050;1947
2054;1947
2048;1948
2048;1947
2048;1948
2048;1947
2039;1946
2050;1946
2048;1945
2036;1945
2048;1946
2041;1945
2049;1949
2049;1947
2055;1945
2048;1947
2048;1947
2049;1947
2036;1951
2049;1946
2052;1950
2048;1943
2048;1949
2048;1947
2052;1946
2049;1947
2037;1946
2052;1962
2048;1946
2027;1946
2041;1945
2053;1941
2048;1947
2034;1947
2052;1945
2079;1945
2049;1946
2038;1940
2049;1947
2055;1949
2051;1946
2036;1947
2048;1948
2040;1945
2048;1946
2071;1951
2048;1944
2037;1947
2049;1945
2055;1949
2048;1948
2036;1949
2048;1927
2040;1946
2048;1946
2048;1947
2048;1948
2048;1949
2048;1947
2048;1947
2048;1948
2049;1948
2048;1946
2050;1949
2051;1951
2048;1946
2048;1947
2039;1947
2048;1948
2048;1947
2048;1947
2054;1946
2048;1946
2048;1947
2039;1946
2061;1947
2048;1945
2048;1944
2051;1949
2048;1949
2052;1947
2048;1943
2036;1948
2049;1947
2049;1947
2048;1946
2048;1947
2048;1947
2048;1947
2048;1945
2048;1948
2048;1945
2048;1951
2048;1946
2048;1947
2048;1948
2048;1945
2048;1945
2048;1947
2048;1948
2048;1949
2048;1948
2048;1946
2036;1946
2052;1943
2048;1945
2048;1946
2048;1947
2053;1947
2048;1935
2048;1947
2072;1950
2034;1943
2057;1946
2048;1945
2048;1949
2048;1947
2048;1949
2048;1943
2061;1947
2049;1947
2048;1947
2033;1947
2051;1947
2057;1945
2048;1947
2041;1953
2053;1946
2048;1943
2048;1946
2048;1947
2048;1948
2039;1938
2048;1946
2038;1947
2048;1946
2048;1947
2049;1944
2050;1947
2048;1948
2048;1945
2048;1945
2048;1947
2048;1944
2048;1946
2037;1946
2048;1947
2048;1949
2048;1944
2048;1947
2041;1949
2048;1946
2048;1947
2048;1941
2048;1945
2048;1946
2048;1939
2048;1946
2049;1947
2048;1945
2050;1941
2048;1946
2048;1944
2048;1944
2048;1946
2041;1947
2038;1945
2048;1944
2048;1945
2040;1943
2039;1944
2048;1944
2048;1944
2048;1947
2048;1947
2049;1945
2048;1943
2048;1943
2048;1945
2048;1944
2048;1941
2048;1941
2048;1947
2048;1941
2053;1945
2053;1946
2048;1943
2048;1943
2048;1953
2048;1946
2048;1944
2050;1945
2048;1944
2039;1944
2048;1945
2039;1942
2039;1943
2048;1943
2048;1950
2053;1944
2048;1944
2048;1943
2048;1943
2033;1941
2048;1943
2049;1943
2029;1943
2049;1945
2048;1944
2039;1942
2041;1943
2048;1945
2048;1941
2048;1943
2048;1947
2048;1941
2027;1943
2039;1941
2060;1941
2049;1941
2048;1942
2048;1940
2048;1943
2048;1941
2048;1939
2041;1941
2037;1941
2048;1941
2038;1943
2048;1940
2039;1940
2039;1941
2048;1939
2048;1939
2035;1940
2049;1941
2048;1941
2048;1941
2048;1939
2048;1939
2048;1939
2031;1939
2039;1939
2048;1940
2048;1939
2040;1939
2048;1939
2039;1941
2038;1937
2037;1937
2038;1938
2051;1938
2041;1937
2037;1939
2037;1939
2039;1937
2048;1938
2048;1937
2038;1938
2048;1949
2039;1936
2039;1938
2038;1937
2048;1938
2037;1936
2038;1935
2029;1935
2030;1949
2027;1941
2037;1933
2039;1934
2041;1937
2038;1934
2037;1934
2038;1933
2039;1933
2048;1934
2039;1933
2039;1933
2048;1934
2048;1933
2039;1934
2036;1929
2036;1933
2037;1934
2036;1933
2031;1933
2035;1933
2038;1932
2037;1933
2034;1928
2036;1932
2035;1937
2034;1932
2031;1935
2037;1943
2035;1933
2036;1927
2048;1933
2039;1933
2039;1931
2035;1932
2036;1931
2034;1924
2039;1930
2048;1930
2009;1931
2038;1931
2035;1932
2034;1930
2033;1928
2048;1934
2025;1932
2027;1927
2022;1927
2037;1930
2061;1927
2039;1928
2034;1927
2035;1930
2038;1928
2031;1929
2039;1928
2037;1927
2034;1926
2036;1929
2041;1928
2037;1926
2035;1927
2026;1925
2032;1927
2051;1926
2037;1927
2031;1925
2027;1923
2039;1925
2050;1925
2037;1922
2024;1923
2031;1935
2041;1924
2029;1924
2055;1943
2048;1928
2030;1925
2037;1923
2035;1923
2038;1925
2036;1923
2034;1927
2027;1923
2019;1924
2040;1922
2034;1922
2033;1923
2038;1923
2037;1926
2031;1922
2034;1923
2048;1923
2037;1923
2027;1922
2029;1921
2037;1923
2037;1923
2036;1923
2020;1923
2037;1923
2048;1926
2029;1921
2031;1923
2033;1921
2036;1917
2032;1921
2032;1924
2026;1919
2048;1921
2038;1922
2037;1922
2048;1923
2031;1918
2029;1920
2033;1922
2033;1921
2021;1921
2031;1921
2048;1920
2034;1915
2033;1922
2028;1919
2030;1920
2048;1919
2036;1919
2029;1921
2034;1919
2027;1919
2027;1918
2037;1919
2030;1918
2036;1919
2031;1922
2029;1919
2031;1921
2031;1918
2029;1918
2023;1921
2034;1919
2039;1917
2033;1916
2025;1917
2023;1922
2027;1919
2033;1917
2030;1918
2026;1918
2035;1917
2029;1914
2028;1917
2039;1916
2031;1917
2033;1910
2033;1925
2026;1915
2029;1915
2028;1911
2029;1914
2037;1915
2027;1915
2027;1917
2027;1913
2026;1914
2020;1914
2026;1907
2027;1913
2030;1913
2027;1911
2025;1911
2015;1910
2029;1910
2027;1909
2024;1908
2021;1905
2023;1910
2019;1907
2023;1910
2009;1907
1995;1907
1961;1907
1004;1931
1833;1911
2093;1896
2107;1879
2088;1871
2075;1861
2063;1858
2051;1855
2038;1848
2011;1850
2025;1845
2034;1842
2021;1841
2022;1839
2022;1838
1988;1834
2020;1837
2018;1839
2006;1837
2013;1833
2022;1832
2013;1843
2010;1832
2012;1829
2012;1830
2007;1831
2015;1831
2011;1829
2021;1829
2021;1830
2014;1831
2037;1830
2013;1829
2015;1829
2025;1831
2014;1830
2015;1828
1997;1829
2015;1829
2011;1830
2014;1823
2015;1833
2015;1829
2010;1829
2007;1829
2027;1827
1997;1828
2021;1829
2015;1829
2023;1827
2010;1828
2019;1853
2011;1829
2009;1830
2017;1829
1985;1828
2025;1830
2012;1825
2015;1830
2011;1829
2009;1834
2018;1830
2014;1829
2011;1829
2003;1831
2006;1828
2013;1829
1991;1828
2024;1831
2009;1828
2013;1829
2011;1828
2021;1828
2014;1832
2015;1827
2009;1831
2015;1830
2007;1831
2013;1833
2009;1830
2007;1829
2024;1832
2007;1831
2011;1834
2007;1831
2014;1831
2014;1832
2011;1826
2048;1830
2018;1832
2017;1832
2024;1832
2012;1833
2004;1833
2010;1831
2011;1833
2021;1833
2014;1827
1994;1831
2006;1827
2015;1834
2002;1831
2010;1832
2010;1833
2015;1831
2003;1833
2020;1831
2008;1831
2014;1830
2007;1831
2014;1833
2018;1831
2014;1831
2013;1831
2013;1832
2013;1830
2007;1831
2008;1830
2010;1830
2014;1826
2014;1831
2011;1831
2011;1831
1981;1831
2033;1831
2013;1834
2010;1830
2011;1829
2015;1833
2011;1832
2009;1831
2029;1836
2030;1832
2010;1829
2010;1832
2014;1833
2010;1833
2018;1830
2011;1833
2002;1833
2013;1831
2011;1833
2010;1831
2011;1834
2012;1833
1991;1835
2003;1833
2017;1834
2034;1834
2021;1834
2009;1835
2015;1835
2011;1835
2019;1834
2015;1827
2011;1834
2012;1835
2016;1835
2012;1836
2010;1834
2007;1836
2021;1835
2009;1835
2005;1835
2017;1836
2013;1841
2009;1835
2015;1839
2013;1836
2011;1845
2013;1837
2013;1837
2014;1831
2009;1837
2015;1837
2022;1835
2009;1836
2019;1842
2013;1837
2011;1840
2010;1839
2012;1839
2006;1840
2007;1839
2010;1836
2013;1839
2015;1839
2012;1834
2013;1841
2020;1841
2015;1841
2010;1841
2018;1841
2000;1842
2026;1842
2019;1843
2015;1842
2013;1842
2015;1844
2007;1841
2018;1842
1999;1843
2017;1842
2025;1843
2017;1844
1998;1844
2022;1844
2016;1844
2016;1843
1995;1846
2015;1844
2010;1847
2014;1844
2020;1845
2014;1845
2013;1844
2013;1846
2014;1844
2013;1845
2014;1845
2010;1847
2013;1845
2010;1845
2013;1844
2013;1850
2011;1846
2011;1847
2013;1847
2014;1847
2014;1847
2012;1846
2013;1847
2015;1847
2011;1848
2011;1849
2010;1850
1999;1853
1539;1917
1838;1939
1986;1918
2020;1901
2007;1889
2034;1881
2021;1869
2038;1867
2013;1866
2019;1861
2021;1859
2012;1857
2014;1856
2007;1850
2013;1855
2006;1854
2002;1851
2014;1851
2006;1851
2006;1850
2005;1849
2001;1850
2002;1850
2000;1849
2007;1848
1999;1849
2004;1847
2000;1849
2007;1847
2004;1849
2006;1849
2010;1847
1990;1846
2005;1847
2006;1845
2005;1847
1992;1847
2005;1847
2017;1846
2005;1847
2010;1845
2004;1847
1978;1844
2001;1845
2007;1813
2010;1847
2007;1846
2002;1846
2004;1850
2003;1847
2003;1849
2005;1845
1987;1847
2009;1843
1998;1847
2010;1851
2006;1846
2003;1847
2009;1847
1998;1845
2012;1846
2009;1848
1997;1851
2003;1849
2003;1846
1998;1850
2001;1849
1995;1848
2005;1847
2007;1825
2010;1850
2011;1842
2010;1851
2007;1851
2007;1850
2010;1851
2007;1850
2005;1851
1982;1850
2006;1853
2007;1851
2005;1849
1997;1851
2003;1852
2006;1852
2010;1854
2005;1852
2006;1850
1990;1852
2001;1873
2006;1855
2005;1853
2008;1849
2013;1834
2021;1854
2006;1852
2009;1854
2012;1854
2002;1850
2007;1872
1992;1854
2009;1855
2006;1854
2007;1855
2007;1854
1999;1854
2006;1858
1988;1845
1999;1855
2009;1855
2011;1851
2009;1856
2008;1856
2007;1855
2005;1854
2009;1854
2009;1856
1903;1846
1891;1859
1969;1850
2007;1847
2014;1845
2009;1843
1997;1841
2003;1844
1998;1839
1999;1837
2008;1835
2029;1833
2007;1834
2006;1834
2008;1834
2010;1835
2003;1835
1981;1830
2011;1833
2005;1833
2004;1837
2002;1835
2006;1841
2005;1834
1995;1834
2001;1835
2007;1832
1999;1841
2002;1833
2001;1835
2009;1833
2003;1832
2001;1834
2003;1829
2005;1835
2005;1835
2004;1831
2009;1835
1981;1834
2004;1835
2003;1835
2001;1835
2005;1839
2003;1835
2002;1862
2006;1837
2004;1838
2005;1836
2000;1837
2005;1838
2001;1837
2003;1837
2002;1839
2003;1838
2003;1840
2007;1837
2005;1823
2007;1839
2008;1842
2005;1841
2007;1843
2003;1839
2005;1843
1995;1839
2004;1841
2001;1841
2002;1839
1997;1839
2001;1841
1999;1842
2001;1841
2004;1842
2004;1842
2003;1841
2004;1841
1992;1842
2004;1840
2005;1828
2007;1839
2007;1842
2002;1841
2005;1838
1999;1841
2005;1842
2003;1843
2004;1842
2006;1842
2001;1843
2002;1841
1997;1843
2003;1843
2001;1842
2004;1845
2006;1844
2009;1844
2006;1844
2004;1844
2005;1845
2007;1849
2008;1844
2004;1845
2005;1846
2005;1845
2007;1846
2002;1845
2001;1847
2005;1850
2003;1847
2003;1845
1987;1846
2002;1844
2004;1845
2002;1847
2005;1847
2006;1847
2004;1841
2007;1849
2003;1846
2006;1849
2005;1847
2007;1843
2006;1849
2007;1848
2007;1847
2003;1846
1999;1849
2004;1849
2001;1847
2004;1850
2005;1849
2002;1843
2021;1846
2005;1850
2006;1851
2004;1850
2007;1849
2007;1850
2006;1849
2011;1849
2007;1849
2005;1851
2006;1847
1983;1853
2009;1855
2006;1853
2004;1851
2005;1847
2005;1851
2001;1855
2004;1852
2004;1855
2004;1852
2006;1851
2003;1829
2007;1847
2007;1853
2005;1853
2007;1853
2007;1856
2007;1852
2007;1855
2007;1856
2009;1856
2009;1855
2006;1853
2005;1855
1990;1855
2003;1856
2005;1855
2004;1853
2004;1854
2005;1838
2005;1855
2007;1855
2009;1853
2007;1853
2007;1855
2009;1857
2007;1857
2009;1859
2013;1857
2007;1857
2007;1856
2010;1857
2006;1855
2007;1860
2005;1861
2005;1858
2007;1858
2002;1857
2007;1856
2005;1859
2007;1859
2008;1859
2007;1859
2004;1860
2009;1859
2007;1865
2010;1859
2011;1859
2007;1859
2007;1861
2009;1860
2011;1863
2009;1861
2007;1867
2006;1860
2007;1861
2009;1862
2005;1861
2004;1863
2003;1863
2006;1862
2012;1863
2005;1862
2009;1862
2010;1864
2009;1863
2010;1863
2009;1863
2011;1864
2004;1865
2009;1863
2011;1866
2012;1865
2005;1865
2002;1865
2008;1865
2003;1867
2007;1867
2003;1861
2007;1868
2007;1868
1998;1863
2011;1867
2006;1870
2011;1868
2007;1871
2011;1867
2011;1870
2011;1868
2014;1868
2007;1869
2007;1866
2006;1869
2008;1872
2007;1869
2005;1869
2008;1867
2005;1870
2009;1869
2009;1874
2009;1870
1989;1869
2010;1869
2010;1870
2014;1872
2009;1872
2010;1870
2011;1871
2011;1871
2006;1872
2011;1873
2012;1872
2010;1874
2010;1873
2013;1873
2008;1874
2009;1874
2004;1873
2009;1873
2011;1873
2009;1875
2011;1874
2012;1875
2011;1875
2012;1874
2014;1876
2011;1876
2011;1876
2012;1875
2013;1875
2013;1875
2011;1875
2010;1878
2011;1876
2007;1877
2009;1876
2010;1876
2008;1876
2006;1878
2011;1877
2009;1880
2010;1877
2013;1877
2014;1879
2012;1878
2014;1879
2013;1881
2012;1879
2012;1879
2010;1880
2013;1879
2015;1880
2011;1881
2015;1879
2011;1878
2010;1879
2010;1882
2011;1881
2007;1881
2010;1882
2010;1882
2011;1881
2013;1882
2012;1883
2013;1881
2014;1882
2011;1885
2013;1883
2014;1883
2011;1884
2013;1884
2013;1884
2014;1883
2011;1884
2010;1885
2010;1885
2009;1885
2010;1889
2011;1885
2010;1887
2011;1891
2011;1886
2015;1885
2013;1881
2011;1886
2015;1885
2014;1886
2015;1887
2017;1886
2013;1885
2014;1886
2015;1887
2011;1889
2013;1892
2015;1892
2011;1887
2011;1871
2011;1886
2011;1890
2012;1893
2014;1890
2014;1887
2013;1890
2011;1882
2016;1891
2019;1895
2013;1892
2014;1891
2014;1891
2015;1901
2013;1898
2019;1891
2013;1887
2013;1886
2013;1890
2011;1893
2011;1891
2011;1889
2013;1889
2016;1891
2018;1894
2013;1893
2014;1892
2022;1895
2016;1893
2016;1891
2006;1893
2013;1894
2017;1895
2015;1895
2015;1902
2007;1897
2007;1894
2013;1895
2013;1897
