1403;2038;535
1406;2038;537
1406;2039;538
1405;2037;533
1405;2038;533
1394;2034;535
1407;2037;531
1405;2031;534
1406;2037;535
1405;2041;534
1403;2037;535
1405;2039;535
1404;2048;534
1405;2039;535
1405;2039;534
1405;2048;534
1405;2040;533
1405;2041;534
1404;2039;532
1405;2040;534
1404;2037;535
1405;2048;535
1403;2048;535
1404;2037;534
1404;2048;535
1405;2036;535
1405;2039;533
1406;2035;533
1403;2035;534
1405;2037;533
1405;2031;531
1405;2048;533
1403;2038;537
1404;2040;533
1405;2038;534
1404;2048;532
1407;2038;533
1407;2048;533
1405;2038;533
1405;2037;535
1403;2038;535
1404;2038;538
1405;2037;535
1406;2036;534
1404;2039;533
1406;2034;533
1404;2035;533
1405;2031;535
1405;2036;534
1405;2037;534
1406;2035;536
1405;2037;535
1405;2048;535
1404;2039;537
1406;2039;534
1405;2048;533
1405;2038;535
1405;2048;536
1405;2035;536
1406;2039;535
1405;2040;533
1405;2037;535
1412;2037;535
1404;2037;534
1406;2035;535
1405;2035;536
1404;2048;535
1406;2030;539
1404;2035;535
1403;2040;533
1404;2035;533
1407;2039;534
1404;2039;534
1404;2040;535
1409;2039;535
1403;2048;535
1403;2040;534
1405;2048;535
1405;2037;535
1404;2039;535
1405;2039;536
1405;2040;534
1404;2039;538
1403;2037;536
1406;2038;536
1402;2037;534
1405;2037;535
1405;2034;534
1405;2036;534
1403;2039;534
1404;2034;536
1405;2037;534
1406;2039;538
1405;2048;535
1405;2038;536
1405;2048;535
1405;2039;535
1405;2048;535
1405;2040;534
1405;2020;535
1404;2039;534
1405;2048;535
1406;2038;535
1405;2037;537
1407;2037;533
1405;2033;538
1406;2037;536
1407;2029;535
1405;2037;535
1405;2038;532
1405;2035;533
1406;2036;535
1403;2039;534
1405;2040;537
1403;2039;537
1405;2048;534
1405;2040;534
1406;2048;534
1403;2040;537
1405;2037;535
1404;2037;534
1405;2039;534
1404;2039;537
1403;2039;535
1405;2038;538
1405;2033;533
1405;2037;537
1405;2038;537
1406;2038;536
1405;2041;535
1405;2039;534
1406;2037;533
1404;2048;536
1403;2041;535
1403;2048;535
1405;2041;536
1405;2031;529
1405;2051;538
1405;2039;533
1405;2041;534
1406;2037;534
1405;2039;535
1406;2039;535
1405;2038;535
1405;2039;539
1403;2036;537
1406;2036;534
1404;2036;534
1406;2037;535
1406;2040;533
1407;2037;533
1405;2038;534
1406;2038;534
1404;2039;534
1404;2039;534
1406;2039;535
1403;2040;534
1405;2048;533
1405;2039;532
1405;2039;534
1406;2039;533
1405;2037;532
1406;2038;533
1405;2040;534
1407;2037;533
1412;2033;538
1406;2037;532
1405;2035;534
1406;2037;531
1407;2038;532
1404;2038;536
1405;2039;534
1405;2039;533
1406;2031;527
1405;2048;539
1405;2048;535
1405;2040;534
1405;2037;529
1406;2041;533
1404;2038;534
1405;2041;531
1404;2048;533
1405;2039;535
1407;2039;535
1405;2037;533
1406;2035;533
1406;2038;535
1405;2033;535
1405;2035;533
1406;2039;535
1404;2036;532
1403;2037;533
1405;2039;535
1406;2048;539
1403;2048;535
1404;2040;535
1405;2037;534
1403;2048;533
1405;2038;538
1407;2037;534
1406;2048;533
1404;2038;533
1404;2038;535
1403;2033;536
1404;2037;535
1406;2036;535
1406;2034;534
1405;2038;536
1406;2035;533
1407;2041;532
1404;2034;533
1405;2037;531
1405;2041;532
1404;2048;531
1404;2040;537
1405;2041;534
1405;2039;533
1405;2038;534
1404;2041;529
1405;2040;534
1405;2039;532
1403;2037;534
1405;2037;534
1406;2036;535
1399;2035;534
1405;2036;535
1404;2037;533
1405;2033;536
1405;2036;534
1405;2038;532
1405;2037;539
1405;2040;534
1407;2048;531
1405;2040;535
1405;2048;532
1406;2048;533
1405;2041;535
1405;2040;533
1404;2041;532
1406;2037;535
1406;2037;533
1403;2038;536
1406;2038;533
1406;2037;534
1403;2037;534
1406;2034;534
1405;2039;536
1406;2037;534
1405;2038;533
1405;2038;534
1404;2039;530
1405;2038;533
1406;2039;531
1405;2037;534
1404;2048;533
1405;2048;535
1405;2039;535
1404;2040;533
1405;2048;534
1410;2037;533
1405;2035;531
1404;2041;532
1406;2037;535
1406;2037;536
1405;2040;535
1405;2039;534
1406;2037;533
1406;2037;534
1406;2037;534
1405;2037;532
1406;2038;531
1403;2037;533
1406;2048;532
1406;2038;531
1403;2048;534
1405;2048;532
1404;1792;534
1404;2039;533
1404;2035;533
1403;2037;535
1405;2039;533
1405;2038;532
1406;2037;532
1404;2038;534
1405;2036;534
1405;2034;543
1404;2036;533
1407;2036;534
1406;2036;534
1405;2048;534
1405;2035;533
1406;2039;535
1407;2048;532
1405;2041;535
1403;2048;532
1405;2039;531
1404;2039;533
1404;2039;534
1407;2048;535
1404;2038;532
1405;2037;535
1403;2038;537
1403;2039;534
1405;2041;534
1405;2036;533
1406;2035;534
1406;2036;535
1405;2034;536
1406;2035;534
1405;2036;535
1404;2037;534
1405;2038;536
1404;2038;535
1403;2048;533
1404;2048;535
1403;2039;532
1405;2039;532
1404;2041;534
1404;2048;532
1406;2034;535
1404;2041;535
1405;2040;535
1405;2039;533
1404;2039;534
1405;2034;535
1406;2033;536
1406;2034;534
1405;2036;534
1404;2034;534
1404;2040;535
1407;2039;533
1405;2040;535
1404;2048;536
1404;2038;535
1405;2048;530
1406;2039;535
1405;2040;534
1405;2039;534
1405;2039;536
1405;2037;536
1404;2035;534
1406;2039;533
1404;2037;533
1405;2037;533
1405;2036;534
1405;2036;535
1404;2037;531
1407;2036;533
1404;2036;534
1405;2037;533
1404;2037;537
1404;2039;533
1405;2048;535
1403;2038;532
1404;2037;534
1402;2034;532
1405;2036;531
1403;2039;531
1402;2040;534
1405;2037;537
1405;2038;537
1406;2037;536
1405;2048;535
1406;2038;535
1405;2038;539
1405;2038;539
1407;2035;534
1406;2034;535
1405;2034;534
1405;2035;531
1403;2039;534
1404;2039;536
1406;2041;534
1405;2038;535
1404;2041;535
1405;2039;535
1407;2039;534
1404;2039;535
1407;2039;533
1406;2035;533
1405;2036;534
1399;2039;534
1403;2039;534
1407;2037;536
1404;2037;535
1406;2038;535
1407;2036;532
1404;2036;535
1404;2035;533
1404;2037;534
1405;2035;534
1405;2037;533
1416;2031;535
1405;2039;535
1405;2040;535
1404;2048;532
1405;2039;535
1404;2040;535
1404;2039;536
1406;2037;536
1405;2037;535
1405;2037;535
1409;2038;536
1410;2039;533
1404;2037;536
1406;2037;538
1405;2038;534
1405;2039;536
1403;2037;536
1405;2039;535
1405;2038;535
1403;2039;535
1405;2048;534
1405;2048;536
1406;2039;534
1405;2048;534
1406;2041;536
1407;2048;538
1406;2048;533
1404;2039;535
1405;2038;536
1406;2039;534
1405;2038;535
1404;2037;535
1405;2035;535
1406;2037;528
1404;2048;535
1403;2036;541
1405;2037;537
1403;2038;535
1406;2039;534
1406;2039;532
1403;2041;533
1406;2048;533
1406;2048;533
1404;2039;534
1406;2039;534
1405;2039;534
1404;2048;534
1405;2039;537
1405;2040;536
1406;2039;535
1405;2039;534
1406;2041;534
1406;2039;533
1403;2037;535
1399;2037;534
1404;2048;534
1405;2036;535
1403;2038;535
1404;2039;532
1404;2038;535
1406;2041;534
1404;2039;533
1404;2039;535
1405;2039;533
1404;2048;532
1405;2039;532
1403;2040;534
1405;2040;535
1405;2041;539
1405;2039;535
1404;2038;534
1406;2037;532
1405;2038;536
1405;2039;534
1405;2036;534
1405;2039;532
1403;2035;535
1405;2039;534
1407;2038;535
1405;2040;536
1405;2049;533
1404;2038;535
1403;2039;535
1407;2048;533
1405;2048;535
1405;2048;534
1405;2048;533
1405;2040;534
1405;2037;536
1403;2039;533
1404;2037;535
1405;2048;535
1405;2040;533
1405;2036;536
1403;2039;533
1405;2039;533
1405;2035;535
1403;2048;533
1406;2037;533
1405;2041;532
1405;2041;533
1404;2039;533
1405;2041;535
1405;2048;533
1405;2048;533
1405;2041;534
1403;2048;535
1408;2048;535
1403;2048;536
1407;2036;535
1405;2048;535
1406;2040;536
1404;2040;536
1404;2041;537
1405;2039;536
1405;2040;535
1405;2039;535
1404;2039;535
1407;2039;536
1405;2040;536
1405;2039;537
1403;2040;535
1404;2039;536
1407;2039;536
1405;2048;536
1403;2041;536
1404;2048;535
1403;2041;536
1407;2048;536
1405;2040;537
1403;2039;536
1406;2041;533
1407;2037;536
1403;2048;537
1404;2038;533
1403;2041;536
1405;2037;536
1405;2031;535
1404;2038;535
1405;2038;535
1405;2039;535
1405;2039;536
1405;2039;532
1402;2039;534
1404;2041;536
1406;2040;537
1405;2040;536
1406;2048;536
1405;2038;534
1408;2039;535
1404;2039;537
1412;2048;539
1404;2041;536
1404;2037;536
1405;2037;535
1405;2038;535
1404;2037;535
1405;2039;533
1405;2038;535
1404;2038;537
1406;2040;534
1405;2039;535
1405;2037;537
1403;2038;536
1405;2039;535
1405;2048;538
1405;2039;538
1404;2048;534
1405;2038;535
1406;2041;534
1406;2038;532
1405;2041;532
1406;2048;539
1404;2037;537
1405;2038;535
1405;2035;534
1405;2037;534
1403;2037;537
1407;2037;534
1403;2038;535
1405;2035;535
1404;2038;538
1406;2041;536
1406;2038;538
1406;2041;537
1408;2039;537
1406;2048;539
1405;2048;539
1406;2039;534
1405;2041;538
1404;2039;537
1405;2039;534
1405;2041;536
1406;2037;535
1406;2035;537
1399;2039;536
1405;2031;537
1405;2036;536
1405;2040;535
1404;2037;538
1405;2039;537
1405;2041;538
1405;2039;539
1406;2039;536
1403;2039;537
1404;2039;537
1406;2048;536
1405;2048;538
1404;2039;538
1404;2048;539
1397;2041;539
1405;2048;539
1407;2048;538
1405;2040;537
1407;2035;538
1406;2039;533
1405;2036;538
1404;2039;537
1404;2048;538
1405;2037;537
1404;2041;538
1405;2039;538
1406;2041;538
1406;2048;537
1405;2048;539
1404;2038;535
1407;2048;537
1405;2048;538
1406;2038;535
1405;2033;539
1406;2039;536
1405;2048;538
1406;2041;538
1405;2037;536
1405;2035;537
1406;2039;539
1403;2031;535
1407;2035;538
1406;2040;535
1405;2040;538
1405;2048;535
1404;2048;537
1403;2039;537
1405;2039;539
1407;2042;538
1403;2037;535
1405;2037;540
1406;2048;537
1405;2036;535
1406;2040;536
1406;2041;534
1405;2037;539
1406;2039;536
1405;2048;537
1406;2037;538
1405;2037;538
1405;2036;538
1406;2034;536
1407;2039;540
1405;2036;536
1405;2041;536
1406;2039;537
1406;2040;539
1405;2039;535
1403;2048;537
1407;2037;539
1406;2040;535
1405;2048;538
1404;2039;537
1407;2048;538
1403;2041;539
1406;2039;538
1404;2037;537
1405;2036;536
1405;2031;539
1407;2039;534
1407;2039;536
1404;2035;538
1405;2036;536
1405;2038;535
1406;2048;537
1406;2038;535
1406;2037;538
1407;2040;537
1405;2048;537
1405;2048;539
1405;2048;540
1406;2048;542
1405;2038;537
1404;2041;538
1407;2039;538
1405;2039;537
1405;2037;537
1406;2040;535
1403;2035;536
1404;2038;539
1407;2035;539
1405;2037;540
1405;2039;539
1403;2037;538
1405;2048;538
1405;2048;539
1405;2048;537
1406;2038;538
1405;2048;539
1405;2041;539
1405;2048;539
1407;2041;538
1405;2048;540
1403;2048;540
1405;2038;541
1404;2039;539
1406;2039;539
1405;2041;539
1405;2036;537
1406;2038;538
1405;2037;540
1403;2035;540
1407;2039;541
1403;2038;537
1407;2048;541
1407;2048;541
1405;2040;541
1403;2048;540
1404;2048;535
1404;2037;539
1403;2048;540
1406;2039;538
1403;2048;539
1406;2048;539
1405;2037;541
1405;2048;537
1406;2037;539
1407;2038;538
1406;2037;539
1405;2037;535
1405;2041;540
1403;2048;539
1405;2039;539
1405;2035;538
1406;2041;548
1406;2039;539
1406;2040;538
1405;2041;539
1404;2041;541
1405;2048;539
1404;2048;537
1403;2037;536
1405;2041;535
1404;2040;537
1404;2036;538
1406;2039;538
1405;2034;538
1406;2048;538
1404;2036;539
1405;2035;537
1405;2036;538
1405;2048;538
1404;2035;539
1405;2036;538
1406;2038;534
1405;2037;539
1405;2039;541
1403;2048;537
1403;2048;540
1405;2048;538
1403;2048;537
1403;2037;537
1405;2039;537
1405;2048;538
1403;2034;538
1403;2037;539
1405;2039;539
1403;2048;540
1402;2033;539
1404;2037;540
1403;2034;539
1403;2039;538
1403;2037;540
1402;2036;539
1403;2038;539
1403;2041;536
1403;2039;538
1403;2035;535
1402;2048;542
1402;2048;541
1404;2048;541
1404;2037;539
1401;2039;538
1402;2048;540
1403;2040;539
1401;2037;543
1403;2039;539
1403;2048;538
1401;2030;539
1403;2038;540
1404;2036;542
1401;2048;540
1403;2035;539
1402;2048;539
1403;2036;541
1402;2035;542
1402;2051;543
1404;2038;538
1403;2048;541
1402;2040;540
1402;2041;540
1402;2048;540
1401;2048;538
1403;2048;541
1402;2042;540
1400;2038;539
1404;2038;541
1401;2048;539
1401;2035;539
1403;2038;540
1403;2035;535
1401;2040;539
1401;2041;539
1402;2048;538
1401;2039;537
1401;2037;536
1400;2048;536
1401;2038;539
1403;2038;541
1402;2048;540
1403;2039;538
1402;2033;539
1401;2048;539
1401;2048;538
1401;2037;539
1402;2037;542
1402;2041;537
1399;2038;537
1402;2038;541
1400;2035;537
1400;2027;537
1399;2037;537
1400;2048;539
1402;2048;539
1402;2048;543
1400;2035;540
1401;2039;536
1402;2038;536
1401;2040;539
1400;2038;541
1399;2040;539
1400;2037;534
1399;2048;540
1402;2035;539
1400;2040;538
1400;2048;540
1401;2037;540
1400;2036;538
1400;2036;539
1400;2036;538
1403;3130;381
1409;2248;485
1411;2231;515
1413;2073;558
1415;2037;576
1413;2036;591
1415;2031;595
1415;2030;600
1415;2036;608
1415;2031;609
1415;2039;612
1415;2035;616
1416;2029;619
1415;2036;617
1414;2048;620
1415;2048;619
1413;2038;621
1413;2089;612
1413;2116;601
1414;2080;615
1413;2050;621
1415;2048;621
1413;2049;623
1413;2048;625
1414;2048;626
1413;2049;622
1411;2048;624
1412;2048;622
1413;2053;624
1415;2055;624
1414;2050;623
1412;2067;622
1411;2066;622
1413;2050;624
1412;2053;623
1412;2053;622
1412;2050;626
1411;2049;622
1411;2049;623
1412;2053;623
1412;2051;622
1411;2057;621
1411;2052;625
1413;2048;620
1412;2055;622
1413;2055;624
1411;2055;621
1411;2053;619
1409;2053;619
1411;2053;619
1409;2059;623
1412;2057;620
1411;2052;621
1411;2055;620
1410;2055;620
1410;2055;622
1412;2053;617
1411;2052;618
1410;2053;617
1410;2055;617
1411;2050;618
1410;2061;615
1411;2057;616
1410;2055;618
1413;2057;619
1411;2060;617
1409;2060;617
1407;2059;616
1411;2098;603
1410;2060;619
1411;2061;621
1411;2060;618
1412;2052;622
1412;2053;620
1410;2055;619
1410;2050;617
1411;2052;620
1410;2051;619
1411;2048;621
1411;2053;623
1410;2055;620
1411;2054;620
1409;2055;620
1409;2058;620
1412;2058;620
1411;2056;621
1409;2056;620
1410;2056;618
1413;2058;618
1410;2056;619
1411;2057;620
1411;2052;619
1410;2051;620
1407;2053;623
1410;2055;619
1409;2061;619
1410;2048;614
1411;2053;620
1410;2057;615
1411;2053;618
1409;2056;617
1410;2055;617
1410;2055;615
1408;2054;617
1410;2056;618
1411;2056;614
1408;2056;616
1409;2061;616
1410;2058;614
1409;2049;616
1410;2059;615
1409;2049;611
1409;2052;619
1409;2056;614
1408;2056;615
1411;2055;614
1410;2058;611
1409;2041;610
1409;2052;616
1409;2058;623
1407;2055;615
1409;2055;616
1408;2055;615
1410;2053;615
1409;2049;614
1407;2057;613
1408;2059;613
1408;2056;612
1407;2059;614
1406;2059;613
1407;2051;610
1410;2061;619
1409;2053;612
1407;2055;613
1409;2053;613
1409;2053;612
1407;2056;612
1408;2056;613
1409;2051;614
1407;2051;611
1406;2052;613
1407;2056;609
1409;2054;613
1407;2050;612
1407;2055;610
1409;2055;609
1407;2061;610
1407;2057;610
1408;2058;611
1407;2059;611
1409;2053;611
1409;2054;611
1409;2050;611
1407;2054;611
1409;2054;611
1407;2056;609
1408;2057;609
1408;2052;612
1407;2048;611
1406;2058;610
1407;2053;612
1408;2049;609
1407;2061;608
1407;2055;610
1407;2054;609
1406;2055;606
1407;2055;607
1407;2063;607
1408;2056;610
1408;2054;609
1407;2055;608
1407;2054;609
1409;2048;607
1407;2050;608
1408;2059;609
1405;2058;610
1408;2055;609
1406;2048;611
1407;2049;609
1407;2051;610
1406;2052;608
1409;2048;611
1407;2055;608
1406;2054;610
1407;2054;608
1407;2052;608
1407;2055;608
1407;2059;605
1406;2055;609
1407;2053;608
1407;2055;607
1408;2058;612
1407;2052;607
1407;2053;609
1407;2055;608
1406;2054;607
1407;2053;611
1406;2049;612
1407;2050;611
1407;2055;600
1405;2055;607
1407;2056;611
1407;2055;610
1406;2053;611
1407;2050;608
1406;2058;608
1405;2058;609
1407;2053;609
1406;2051;608
1406;2053;610
1406;2053;608
1407;2056;605
1405;2054;609
1407;2057;609
1405;2055;610
1408;2050;610
1407;2054;611
1409;2055;613
1405;2053;608
1407;2052;609
1405;2053;610
1406;2051;610
1407;2052;605
1405;2053;610
1407;2053;609
1407;2051;607
1407;2056;611
1398;2059;609
1406;2057;609
1406;2055;611
1405;2055;611
1405;2053;610
1405;2054;608
1405;2054;611
1407;2051;608
1406;2054;610
1407;2052;608
1407;2048;610
1404;2049;608
1405;2050;610
1405;2051;611
1407;2052;610
1404;2054;608
1406;2057;610
1405;2054;609
1406;2055;608
1406;2056;607
1406;2052;608
1405;2050;610
1406;2057;609
1403;2057;610
1406;2054;610
1406;2053;609
1405;2053;610
1406;2055;609
1406;2052;610
1406;2050;607
1405;2053;607
1406;2053;608
1405;2053;610
1406;2054;607
1407;2048;608
1407;2049;609
1405;2056;609
1406;2051;608
1403;2053;607
1406;2052;606
1407;2055;605
1404;2057;609
1406;2053;608
1405;2051;609
1407;2055;607
1403;2051;609
1405;2051;607
1407;2053;608
1404;2052;610
1407;2049;610
1405;2056;608
1405;2053;607
1406;2048;606
1406;2050;610
1407;2049;609
1405;2052;607
1405;2051;609
1405;2052;610
1405;2058;608
1406;2053;604
1406;2055;609
1406;2051;608
1405;2051;607
1405;2050;608
1404;2053;612
1405;2055;608
1404;2052;603
1405;2050;610
1405;2048;610
1404;2051;611
1407;2051;608
1405;2049;614
1406;2050;608
1404;2048;605
1405;2050;610
1404;2050;607
1406;2053;609
1405;2050;608
1405;2051;610
1400;2048;610
1405;2061;608
1403;2056;610
1404;2055;610
1405;2049;607
1405;2053;607
1407;2050;612
1404;2052;611
1405;2053;610
1403;2051;610
1405;2052;611
1404;2057;613
1405;2049;612
1405;2048;611
1403;2051;610
1403;2049;607
1406;2051;607
1405;2053;613
1404;2055;609
1403;2048;606
1406;2048;609
1403;2053;610
1406;2062;607
1405;2050;609
1402;2049;607
1405;2057;610
1405;2053;606
1404;2052;608
1406;2051;609
1404;2053;610
1405;2055;607
1406;2051;609
1402;2050;609
1403;2052;609
1404;2050;607
1406;2052;608
1404;2053;608
1406;2048;605
1404;2048;607
1403;2048;606
1404;2055;609
1405;2052;609
1404;2056;609
1404;2059;610
1405;2048;607
1403;2051;606
1404;2058;608
1405;2048;605
1402;2048;605
1404;2048;607
1403;2048;603
1404;2051;605
1403;2051;610
1405;2051;607
1403;2057;607
1403;2048;607
1405;2049;608
1404;2055;607
1403;2048;603
1403;2053;606
1404;2048;606
1404;2053;607
1405;2052;607
1401;2058;610
1405;2041;606
1404;2052;606
1403;2054;605
1403;2048;607
1405;2052;607
1403;2051;607
1404;2048;607
1405;2051;606
1404;2054;609
1403;2048;608
1403;2050;608
1405;2041;607
1403;2050;610
1402;2051;605
1405;2049;606
1404;2053;609
1405;2051;608
1403;2049;606
1404;2053;608
1404;2051;609
1405;2048;607
1403;2048;606
1404;2053;608
1403;2052;608
1403;2053;607
1403;2048;604
1405;2057;607
1406;2048;607
1403;2050;607
1403;2048;609
1403;2050;607
1403;2051;607
1402;2048;607
1406;2051;607
1403;2054;607
1402;2048;606
1403;2050;607
1403;2051;608
1405;2051;607
1404;2053;606
1403;2048;601
1404;2048;606
1402;2055;608
1403;2050;606
1403;2052;607
1403;2048;604
1402;2053;609
1403;2050;603
1403;2057;606
1403;2048;607
1403;2050;609
1401;2051;607
1396;2048;610
1403;2058;607
1403;2049;608
1402;2054;607
1404;2048;610
1403;2056;607
1403;2052;611
1401;2048;605
1403;2053;607
1402;2054;607
1404;2052;606
1407;2053;605
1403;2048;608
1403;2048;608
1402;2055;610
1403;2054;609
1404;2049;608
1403;2048;609
1404;2050;608
1402;2048;608
1402;2048;608
1402;2048;607
1402;2048;605
1403;2050;606
1404;2049;606
1402;2050;610
1401;2051;609
1404;2051;609
1403;2049;609
1403;2053;606
1404;2050;605
1403;2049;607
1403;2050;607
1403;2048;608
1402;2055;607
1402;2052;609
1404;2048;609
1403;2049;607
1403;2048;609
1403;2048;609
1401;2048;606
1403;2048;608
