1652;2048;690
1654;2039;692
1654;2041;690
1655;2048;690
1655;2041;690
1655;2039;691
1655;2048;691
1656;2048;690
1655;2038;691
1657;2041;691
1655;2048;691
1656;2048;696
1655;2048;693
1655;2039;693
1656;2048;692
1655;2037;691
1655;2038;694
1654;2036;691
1654;2048;691
1655;2040;690
1657;2039;690
1654;2039;689
1654;2039;693
1655;2041;689
1654;2041;691
1656;2048;695
1655;2050;695
1655;2055;699
1655;2048;692
1656;2048;691
1655;2041;689
1655;2048;691
1656;2037;694
1655;2038;692
1656;2038;701
1655;2048;692
1654;2040;692
1655;2038;690
1654;2041;690
1655;2037;692
1656;2040;690
1655;2041;693
1656;2039;693
1655;2041;691
1657;2048;692
1654;2039;691
1655;2048;691
1656;2040;689
1657;2041;692
1655;2048;695
1655;2048;692
1658;2039;693
1655;2048;693
1654;2040;688
1655;2048;689
1655;2038;690
1656;2048;692
1655;2037;691
1654;2056;702
1654;2048;690
1654;2037;692
1654;2039;692
1654;2039;692
1654;2041;691
1655;2037;682
1655;2038;679
1655;2037;692
1655;2060;697
1653;2048;696
1656;2057;699
1655;2048;691
1657;2048;689
1657;2049;693
1655;2041;692
1655;2038;691
1655;2040;693
1656;2037;690
1655;2037;689
1657;2037;692
1655;2034;691
1655;2037;691
1653;2041;693
1651;2048;692
1654;2048;690
1653;2041;690
1655;2041;691
1655;2039;691
1655;2048;689
1655;2039;691
1656;2048;691
1654;2035;686
1655;2029;681
1655;2052;694
1655;2039;691
1655;2039;691
1654;2048;693
1656;2039;693
1655;2039;707
1656;2018;683
1657;2042;693
1657;2038;692
1655;2036;689
1655;2035;692
1656;2041;692
1655;1792;689
1655;2041;692
1654;2048;691
1654;2048;691
1656;2054;707
1655;2048;692
1655;2048;691
1657;2048;681
1655;2039;690
1656;2033;700
1657;2048;691
1655;2040;688
1656;2038;691
1655;2037;692
1655;2037;691
1655;2029;689
1655;2053;693
1655;2036;693
1655;2037;690
1653;2022;682
1657;2048;689
1655;2059;699
1654;2048;695
1655;2048;692
1653;2048;702
1655;2048;694
1655;2048;693
1654;2048;692
1656;2033;689
1655;2048;696
1655;2040;691
1655;2048;690
1655;2048;702
1655;2048;690
1655;2048;693
1655;2038;692
1655;2039;690
1655;2038;692
1655;2035;694
1653;2048;691
1655;2048;690
1655;2040;689
1655;2048;691
1655;2297;689
1656;2039;693
1654;2048;692
1657;2048;691
1657;2041;690
1655;2048;691
1655;2040;694
1653;2037;690
1655;2039;693
1657;2040;692
1655;2029;687
1655;2035;690
1655;2042;690
1656;2015;680
1658;2037;691
1654;2056;702
1655;2048;692
1657;2048;690
1656;2040;691
1656;2048;691
1654;2048;691
1657;2048;690
1655;2039;689
1657;2040;689
1657;2039;692
1655;2039;689
1655;2037;692
1655;2039;692
1656;2039;692
1655;2039;694
1656;2035;693
1655;2039;689
1654;2036;688
1653;2048;694
1654;2033;691
1655;2048;690
1655;2048;690
1655;2039;691
1654;2018;681
1656;2052;696
1657;2024;679
1655;2025;682
1654;2048;691
1655;2041;691
1653;2048;690
1654;2041;689
1655;2041;689
1655;2038;689
1656;2038;692
1655;2039;692
1658;2035;690
1654;2039;693
1653;2037;691
1655;2037;693
1655;2038;692
1654;2037;691
1655;2040;690
1655;2041;689
1655;2055;695
1655;2039;691
1657;2048;691
1653;2039;694
1654;2048;693
1655;2040;693
1655;2048;692
1654;2048;693
1656;2041;692
1655;2037;692
1655;2039;692
1655;2039;692
1654;2031;693
1654;2048;691
1656;2039;692
1654;2037;694
1655;2040;693
1656;2035;691
1655;2048;691
1654;2039;689
1656;2049;695
1654;2039;694
1655;2048;686
1653;2039;691
1655;2051;696
1656;2048;695
1654;2039;689
1655;2048;692
1655;2029;683
1655;2039;693
1657;2048;689
1655;2053;695
1655;2039;691
1654;2037;690
1654;2037;693
1655;2035;694
1654;2039;691
1655;2035;691
1654;2039;692
1655;2041;692
1652;2038;692
1656;2037;698
1656;2049;693
1655;2023;681
1654;2061;702
1656;2033;679
1655;2048;692
1658;2041;693
1655;2048;691
1655;2038;692
1655;2038;694
1655;2040;692
1656;2031;691
1657;2039;693
1655;2023;691
1655;2034;688
1652;2051;701
1653;2038;692
1654;2048;691
1655;2039;693
1657;2048;691
1655;2048;693
1655;2048;692
1656;2048;693
1656;2048;696
1654;2040;690
1655;2037;693
1652;2038;692
1655;2037;691
1656;2031;683
1655;2041;692
1654;2033;688
1658;2037;691
1655;2048;693
1654;2034;691
1656;2038;691
1654;2037;687
1654;2037;690
1653;2034;689
1655;2048;691
1656;2048;692
1655;2048;690
1654;2048;692
1655;2041;690
1655;2048;690
1656;2041;692
1654;2039;691
1655;2042;692
1655;2039;692
1654;2040;691
1654;2032;686
1653;2038;691
1655;2037;691
1654;2048;691
1653;2035;693
1655;2048;692
1653;2030;693
1655;2048;690
1655;2039;691
1654;2048;695
1655;2048;691
1655;2041;692
1655;2048;689
1654;2036;690
1653;2038;686
1655;2041;689
1654;2048;691
1655;2031;684
1654;2039;692
1655;2041;691
1653;2027;681
1655;2048;691
1655;2034;691
1654;2041;689
1655;2035;693
1654;2038;691
1655;2048;691
1655;2037;691
1658;2048;691
1655;2048;691
1653;2048;689
1655;2040;691
1655;2048;692
1654;2048;690
1653;2048;689
1654;2041;691
1655;2040;691
1653;2020;681
1654;2048;691
1655;2021;691
1655;2037;692
1655;2051;692
1655;2035;691
1655;2035;690
1655;2035;691
1653;2039;691
1655;2038;692
1654;2037;690
1655;2048;691
1658;2023;684
1655;2048;690
1656;2048;690
1656;2048;690
1654;2027;683
1655;2035;686
1655;2061;703
1655;2048;690
1653;2049;691
1655;2034;691
1653;2060;703
1652;2048;693
1653;2048;689
1653;2038;693
1654;2039;689
1655;2038;691
1653;2023;686
1654;2057;705
1653;2053;698
1654;2051;694
1655;2059;696
1654;2048;695
1654;2036;693
1653;2048;690
1653;2048;691
1655;2033;678
1653;2026;685
1653;2041;691
1652;2049;690
1652;2048;691
1653;2020;685
1654;2048;693
1655;2048;680
1653;2037;694
1654;2048;695
1653;2034;692
1654;2048;690
1654;2051;690
1655;2037;692
1655;2031;697
1655;2048;691
1654;2033;688
1653;2023;680
1652;2038;690
1653;2048;687
1652;2048;691
1651;2039;691
1652;2036;692
1652;2053;693
1653;2042;690
1653;2048;690
1653;2041;692
1653;2048;688
1652;2035;690
1653;2035;690
1653;2036;689
1652;2037;689
1655;2040;691
1651;2038;689
1652;2048;692
1652;2048;690
1653;2048;691
1653;2048;691
1651;2041;688
1652;2039;690
1650;2048;688
1651;2039;690
1653;2036;691
1652;2040;689
1651;2041;692
1653;2041;691
1652;2048;692
1651;2031;676
1650;2034;690
1652;2040;688
1651;2048;693
1651;2038;685
1651;2041;687
1652;2037;689
1654;2037;690
1652;2057;702
1651;2048;690
1650;2048;690
1650;2048;689
1651;2048;690
1650;2048;692
1651;2048;693
1652;2037;692
1651;2040;691
1650;2048;689
1650;2039;693
1649;2031;687
1651;2040;691
1650;2048;691
1651;2048;690
1651;2038;688
1649;2039;687
1650;2040;689
1652;2039;690
1650;2040;691
1650;2048;693
1648;2039;687
1649;2048;690
1649;2033;684
1651;2059;696
1650;2048;690
1649;2049;699
1650;2040;691
1647;2038;689
1650;2048;689
1650;2038;690
1647;2041;689
1650;2036;690
1649;2037;691
1650;2039;690
1649;2037;688
1649;2048;689
1650;2048;693
1648;2039;691
1647;2039;687
1649;2048;680
1648;2023;684
1649;2048;690
1649;2048;690
1648;2040;689
1648;2054;703
1648;2048;688
1647;2041;689
1650;2048;687
1647;2048;695
1647;2048;690
1647;2042;690
1650;2039;690
1648;2039;691
1647;2036;676
1647;2040;691
1647;2048;690
1649;2057;697
1648;2048;691
1650;2038;688
1647;2048;692
1647;2048;690
1647;2049;690
1647;2041;690
1647;2048;695
1647;2040;691
1650;2028;686
1646;2048;692
1647;2039;691
1647;2048;690
1647;2048;691
1647;2048;690
1647;2041;688
1647;2038;691
1647;2039;691
1646;2036;690
1647;2037;687
1647;2048;690
1644;2039;688
1647;2036;688
1647;2048;687
1647;2036;689
1647;2059;699
1645;2041;688
1647;2041;687
1646;2048;687
1647;2048;687
1647;2049;692
1647;2055;693
1647;2036;673
1647;2048;694
1647;2037;689
1647;2038;687
1645;2037;688
1645;2039;686
1647;2038;689
1647;2028;688
1647;2048;689
1647;2039;687
1647;2039;687
1646;2048;688
1645;2048;691
1645;2048;691
1647;2048;691
1646;2048;687
1645;2048;688
1645;2048;689
1645;2048;690
1645;2040;688
1645;2037;687
1647;2048;690
1646;2048;692
1645;2037;690
1645;2038;691
1646;2041;688
1644;2040;690
1644;2039;695
1645;2048;690
1646;2035;675
1644;2048;690
1643;2048;690
1644;2039;690
1644;2048;690
1644;2050;699
1646;2048;690
1645;2039;698
1643;2048;691
1643;2039;691
1642;2048;691
1645;2048;690
1645;2039;690
1645;2037;677
1645;2039;692
1645;2033;689
1644;2048;688
1643;2023;674
1643;2036;690
1645;2050;690
1643;2041;691
1643;2048;690
1643;2048;690
1645;2048;691
1643;2049;695
1644;2048;691
1645;2048;692
1644;2051;697
1643;2048;692
1644;2048;690
1643;2021;680
1646;2052;693
1644;2037;689
1641;2039;689
1643;2039;686
1642;2037;689
1645;2026;691
1643;2048;689
1643;2039;688
1642;2039;690
1643;2049;693
1643;2029;683
1643;2048;684
1642;2048;689
1643;2048;687
1643;2048;685
1643;2039;690
1643;2048;688
1643;2048;692
1643;2048;690
1643;2053;695
1645;2679;588
1651;2239;667
1653;2143;704
1653;2113;723
1654;2091;726
1655;2087;742
1654;2093;758
1655;2076;753
1655;2077;759
1655;2071;763
1652;2066;765
1655;2069;768
1655;2068;773
1655;2065;775
1655;2066;771
1654;2048;764
1654;2063;775
1653;2063;777
1653;2058;778
1653;2184;747
1654;2065;762
1654;2076;784
1655;2064;783
1654;2053;781
1655;2041;779
1653;2051;780
1654;2051;780
1654;2055;785
1654;2050;785
1653;2056;786
1652;2058;783
1651;2058;787
1652;2071;789
1650;2061;786
1652;2048;786
1652;2048;777
1650;2059;788
1653;2069;788
1650;2052;779
1652;2052;784
1652;2056;785
1652;2060;784
1652;2058;783
1648;2060;783
1651;2057;781
1650;2057;780
1647;2058;781
1650;2055;780
1651;2058;780
1650;2057;779
1651;2055;780
1651;2057;781
1650;2057;782
1651;2057;780
1651;2062;783
1648;2055;777
1647;2055;776
1648;2063;778
1649;2061;778
1650;2057;777
1650;2067;780
1649;2056;779
1651;2059;776
1650;2049;773
1649;2055;777
1651;2056;773
1652;2109;777
1651;2065;776
1650;2066;775
1650;2066;777
1652;2053;765
1649;2057;772
1651;2063;778
1647;2064;778
1650;2059;770
1650;2057;774
1649;2061;780
1649;2059;776
1651;2061;775
1650;2060;775
1648;2062;782
1648;2059;770
1648;2060;778
1649;2057;776
1648;2058;778
1649;2059;777
1648;2059;774
1649;2058;778
1647;2060;778
1647;2063;772
1647;2058;776
1647;2058;775
1649;2059;778
1647;2061;774
1650;2061;775
1649;2048;774
1649;2059;778
1648;2062;777
1649;2057;778
1648;2065;778
1650;2059;775
1649;2058;776
1650;2058;776
1648;2057;777
1648;2056;771
1647;2058;775
1647;2054;774
1649;2055;777
1649;2055;774
1649;2065;774
1648;2058;774
1647;2059;775
1647;2059;772
1649;2059;773
1647;2058;776
1649;2052;771
1647;2058;771
1650;2059;772
1646;2061;772
1647;2063;775
1647;2057;772
1649;2058;773
1650;2055;772
1649;2071;777
1647;2059;769
1647;2063;773
1647;2058;771
1646;2057;772
1645;2059;770
1649;2057;771
1650;2055;772
1647;2062;773
1647;2070;768
1647;2061;772
1647;2061;769
1647;2055;770
1647;2059;771
1646;2061;769
1647;2058;770
1649;2059;771
1647;2059;771
1648;2059;771
1647;2054;771
1647;2059;769
1648;2052;770
1649;2060;769
1647;2057;770
1647;2059;765
1647;2058;769
1647;2055;775
1647;2059;770
1646;2055;768
1647;2061;771
1647;2054;770
1649;2058;770
1647;2060;771
1647;2054;768
1649;2052;766
1647;2053;770
1647;2055;762
1647;2055;761
1647;2059;770
1647;2055;768
1647;2057;767
1649;2056;770
1647;2053;769
1646;2053;768
1647;2053;768
1647;2050;768
1648;2058;767
1646;2055;771
1647;2051;766
1647;2054;766
1647;2060;769
1649;2058;766
1647;2055;763
1650;2052;766
1647;2056;767
1646;2056;767
1647;2057;767
1647;2054;768
1647;2055;764
1647;2048;767
1647;2052;765
1649;2056;763
1647;2052;763
1647;2053;765
1646;2063;772
1647;2048;758
1649;2055;768
1647;2050;762
1647;2065;768
1647;2059;763
1647;2052;762
1649;2056;763
1647;2056;763
1648;2056;765
1647;2058;763
1647;2048;762
1647;2053;763
1647;2058;764
1647;2056;763
1647;2053;760
1647;2051;763
1647;2051;758
1645;2056;763
1647;2058;763
1649;2048;763
1649;2050;764
1647;2059;762
1647;2048;760
1649;2053;763
1647;2054;764
1647;2058;763
1647;2048;757
1647;2049;760
1647;2052;761
1646;2054;763
1647;2058;760
1647;2052;760
1647;2052;762
1647;2062;762
1647;2052;760
1647;2051;763
1647;2057;761
1647;2051;761
1647;2049;762
1647;2052;762
1649;2053;761
1650;2052;761
1648;2054;759
1647;2061;763
1648;2055;761
1647;2051;753
1645;2054;761
1649;2057;759
1648;2052;760
1647;2055;763
1649;2053;762
1647;2055;760
1646;2058;759
1649;2049;758
1646;2051;761
1647;2050;759
1646;2054;760
1647;2048;752
1647;2053;761
1647;2054;761
1647;2053;759
1647;2053;761
1648;2054;759
1648;2050;759
1647;2052;758
1647;2055;759
1647;2055;758
1647;2053;755
1647;2036;752
1647;2053;762
1647;2056;760
1648;2068;763
1647;2055;756
1647;2040;757
1647;2053;760
1647;2053;761
1647;2053;758
1647;2059;761
1648;2048;756
1647;2050;759
1650;2053;761
1647;2048;757
1649;2049;759
1649;2059;755
1649;2049;758
1649;2048;757
1649;2051;758
1649;2055;757
1647;2054;757
1647;2051;756
1647;2057;757
1649;2050;757
1647;2066;763
1649;2048;756
1649;2059;759
1649;2054;758
1647;2055;755
1650;2052;759
1649;2058;759
1649;2051;757
1650;2038;754
1650;2053;759
1651;2053;759
1650;2051;758
1649;2050;758
1650;2057;760
1648;2053;764
1647;2054;760
1647;2048;758
1647;2051;759
1649;2059;759
1649;2055;761
1647;2056;758
1649;2058;760
1649;2048;759
1649;2049;760
1647;2052;757
1648;2050;757
1651;2058;756
1650;2053;757
1653;2052;759
1647;2052;758
1649;2048;757
1649;2055;757
1647;2056;759
1649;2053;758
1650;2057;759
1650;2057;758
1648;2049;757
1649;2052;763
1648;2037;747
1648;2053;759
1649;2057;758
1649;2056;759
1649;2052;758
1650;2048;759
1652;2057;759
1647;2049;758
1651;2048;758
1648;2053;759
1651;2050;759
1648;2048;759
1650;2048;758
1650;2052;759
1649;2054;759
1649;2048;759
1647;2048;757
1651;2051;758
1648;2054;753
1647;2070;769
1650;2058;758
1649;2057;758
1647;2051;754
1649;2050;757
1649;2048;759
1651;2051;758
1649;2056;757
1649;2052;758
1648;2049;757
1649;2052;756
1650;2051;757
1649;2052;758
1651;2048;756
1648;2051;756
1648;2051;759
1653;2049;761
1649;2059;756
1649;2052;756
1651;2049;756
1647;2052;757
1651;2051;758
1651;2054;756
1650;2050;756
1650;2054;757
1650;2048;756
1650;2058;757
1650;2050;755
1651;2048;755
1651;2052;755
1651;2048;757
1650;2052;759
1650;2054;758
1651;2049;755
1652;2050;757
1651;2053;755
1651;2051;757
1650;2049;766
1645;2054;757
1650;2053;757
1651;2050;757
1651;2050;755
1650;2051;756
1649;2053;755
1652;2055;755
1651;2051;754
1649;2048;756
1651;2050;756
1651;2049;758
1649;2050;755
1647;2049;755
1650;2048;753
1649;2050;756
1652;2048;749
1649;2050;757
1653;2049;755
1652;2050;757
1650;2048;761
1651;2053;754
1649;2056;756
1651;2051;755
1653;2052;756
1650;2052;754
1651;2050;754
1651;2048;756
1651;2051;756
1649;2054;757
1652;2053;759
1652;2052;757
1649;2048;758
1650;2048;756
1651;2048;757
1653;2051;756
1652;2048;756
1650;2051;758
1650;2050;756
1652;2051;756
1650;2032;751
1652;2054;759
1652;2053;757
1650;2051;755
1651;2051;756
1647;2055;757
1651;2049;753
1651;2053;755
1652;2040;754
1652;2048;756
1650;2055;756
1652;2048;756
1651;2051;755
1650;2049;754
1650;2048;754
1651;2052;755
1651;2054;753
1652;2048;753
1653;2049;755
1652;2049;755
1650;2038;744
1653;2062;764
1653;2049;756
1652;2059;758
1652;2051;753
1652;2054;754
1650;2049;757
1651;2050;755
1650;2051;756
1652;2039;745
1651;2048;761
1651;2050;755
1650;2049;755
1651;2052;758
1650;2055;756
1653;2050;755
1653;2048;756
1652;2034;747
1651;2054;755
1652;2049;753
1652;2052;753
1652;2050;753
1652;2035;743
1652;2056;755
1651;2049;753
1652;2058;760
1653;2052;755
1653;2049;754
1651;2050;754
1651;2054;764
1651;2050;754
1651;2048;755
1652;2049;757
1653;2048;755
1650;2048;755
1651;2049;756
1650;2048;756
1651;2051;753
1653;2035;747
1651;2057;757
1653;2048;745
1651;2048;755
1650;2048;754
1652;2052;756
1650;2051;755
1653;2056;758
1652;2051;754
1651;2048;755
1653;2052;760
1653;2051;755
1652;2048;752
1652;2036;743
1652;2048;753
1651;2050;756
1652;2048;755
1653;2027;746
1651;2037;752
1653;2058;749
1653;2054;757
1652;2050;753
1652;2049;757
1653;2055;756
1652;2050;757
1652;2051;753
1651;2050;752
1653;2049;753
1652;2049;753
1652;2050;755
1651;2050;757
1652;2048;755
1653;2049;754
1651;2048;752
1653;2051;755
1653;2048;754
1652;2030;745
1653;2048;754
1651;2048;753
1651;2049;755
1651;2050;755
1650;2048;755
1651;2054;754
1651;2054;754
1652;2049;752
1657;2050;753
1650;2048;754
1652;2050;748
1650;2048;753
1653;2049;752
1652;2049;756
1652;2049;754
1651;2051;742
1653;2048;754
1650;2048;753
1651;2048;751
1653;2048;759
1652;2059;759
1651;2049;754
1653;2048;751
1651;2049;753
1651;2048;755
1654;2039;755
1652;2057;752
1651;2051;756
1652;2048;755
1652;2048;755
1652;2048;755
1653;2052;749
1653;2051;754
1653;2048;754
1652;2049;753
1648;2048;755
1653;2041;753
1651;2048;755
1651;2048;753
1652;2048;753
1652;2048;755
1652;2048;755
1652;2049;754
1653;2048;751
1653;2049;757
1653;2048;751
1653;2049;754
1652;2049;755
1651;2048;754
1652;2049;757
1654;2049;756
1653;2056;751
1651;2049;754
1649;2048;756
1651;2048;755
1652;2048;760
1651;2048;756
1651;2051;754
1649;2048;755
1652;2048;753
1652;2048;756
1653;2049;754
1652;2048;754
1652;2050;754
1649;2048;754
1651;2048;753
1652;2050;756
1653;2048;754
1651;2051;755
1650;2050;756
1653;2049;756
1652;2052;757
1653;2049;754
1651;2048;759
1652;2048;755
1651;2050;755
1652;2048;752
1650;2048;755
1654;2048;755
1651;2048;754
1652;2048;754
1652;2048;755
1652;2050;751
1651;2051;754
1651;2048;754
1652;2049;754
1651;2048;755
1651;2050;755
1653;2049;755
1650;2050;754
1652;2048;751
1652;2048;753
1653;2053;760
1652;2048;751
1653;2048;753
1651;2049;753
1653;2048;753
1650;2048;754
