2005;2038;2011
2004;2040;2018
2003;2037;2012
2003;2036;2016
2003;2039;2015
2002;2038;2019
2004;2037;2019
2004;2037;2018
2003;2038;2018
2003;2034;2019
2003;2037;2021
2002;2036;2019
2002;2039;2017
2002;2037;2019
2003;2037;2019
2004;2035;2014
2002;2039;2015
2002;2036;2016
2001;2037;2018
2002;2038;2019
2002;2039;2016
2002;2039;2019
2002;2048;2019
2001;2048;2019
2001;2040;2017
2000;2037;2019
1999;2039;2015
2003;2048;2018
2002;2038;2018
2001;2041;2015
2003;2036;2018
2001;2048;2019
2000;2038;2016
2000;2038;2021
2002;2037;2018
2001;2039;2015
2002;2039;2018
2002;2048;2019
2001;2048;2019
2001;2038;2017
1999;2048;2019
2001;2048;2019
2001;2048;2022
2001;2039;2018
2002;2039;2022
2002;2039;2021
2001;2041;2017
2001;2048;2018
2002;2038;2018
2003;2039;2018
2001;2038;2021
1999;2048;2021
2002;2037;2017
2002;2039;2023
2001;2037;2023
2001;2048;2020
2003;2048;2021
2002;2040;2021
2000;2037;2019
2003;2040;2019
2002;2041;2018
2002;2037;2018
2002;2038;2022
2002;2048;2019
2001;2039;2023
2000;2041;2019
1999;2052;2021
2000;2041;2020
2002;2048;2020
2001;2038;2022
2000;2039;2021
1997;2041;2021
2001;2039;2023
2001;2037;2020
2000;2040;2019
2002;2039;2021
2002;2039;2021
2001;2039;2020
2001;2040;2018
2003;2038;2020
2001;2048;2020
2001;2039;2021
2001;2039;2021
1999;2048;2019
2001;2039;2020
2002;2038;2021
2001;2038;2023
2001;2048;2021
2002;2039;2017
2000;2048;2020
2001;2041;2019
2007;2039;2021
2000;2037;2019
2001;2038;2020
2001;2039;2018
2002;2037;2018
2001;2048;2019
2001;2039;2019
2002;2039;2015
2001;2040;2019
2002;2048;2018
2001;2048;2017
2000;2039;2020
2001;2041;2015
2003;2048;2015
2000;2040;2017
2002;2040;2021
2001;2048;2019
2002;2048;2020
2001;2039;2022
2002;2041;2021
2001;2041;2019
2002;2041;2019
2000;2039;2019
2003;2037;2017
2001;2039;2016
2001;2040;2021
2001;2037;2018
2002;2039;2018
2002;2039;2018
1999;2048;2020
2001;2040;2016
1999;2040;2019
2001;2039;2019
2002;2039;2018
2002;2039;2018
2002;2039;2019
2002;2039;2020
2001;2048;2022
2001;2048;2020
2001;2037;2019
1999;2039;2020
2002;2048;2018
2002;2048;2020
2001;2040;2019
2003;2039;2020
2002;2039;2019
1999;2039;2021
2003;2040;2020
2003;2048;2019
2002;2039;2020
2003;2048;2021
2002;2048;2018
2002;2040;2021
2001;2037;2022
2002;2048;2019
2002;2048;2018
2002;2048;2021
2001;2048;2019
2001;2048;2023
2001;2048;2021
2002;2039;2022
2002;2041;2020
2002;2041;2023
2002;2037;2020
2002;2037;2020
2001;2039;2024
2001;2039;2016
1999;2143;1993
2000;2051;2041
2001;2048;2030
2003;2051;2027
2002;2051;2031
2003;2049;2026
2004;2049;2025
2002;2052;2023
1999;2048;2023
2005;2048;2024
2005;2048;2026
2003;2048;2025
2005;2049;2022
2004;2048;2024
2004;2048;2023
2005;2048;2026
2004;2048;2021
2003;2048;2024
2005;2048;2024
2004;2048;2022
2003;2048;2024
2007;2039;2022
2004;2038;2021
2004;2048;2023
2005;2048;2022
2006;2048;2022
2006;2048;2026
2004;2048;2023
2004;2048;2021
2006;2048;2024
2005;2048;2026
2007;2048;2023
2004;2048;2026
2013;2048;2026
2005;2048;2023
2006;2048;2023
2007;2048;2024
2007;2048;2023
2005;2048;2024
2005;2048;2022
2006;2048;2022
2004;2048;2021
2005;2048;2026
2005;2048;2034
2006;2048;2025
2006;2048;2022
2005;2048;2021
2005;2048;2026
2006;2048;2023
2005;2048;2026
2010;2048;2023
2006;2048;2027
2004;2048;2023
2005;2039;2026
2005;2041;2026
2005;2048;2026
2005;2048;2023
2005;2048;2022
2005;2048;2026
2005;2048;2023
2004;2048;2023
2004;2048;2021
2005;2048;2027
2007;2048;2026
2005;2049;2027
2005;2048;2023
2006;2049;2020
2005;2049;2022
2005;2048;2022
2005;2048;2022
2005;2048;2023
2003;2048;2021
2006;2048;2021
2005;2048;2025
2006;2048;2025
2005;2048;2025
2005;2048;2025
2005;2048;2026
2005;2048;2023
2005;2048;2021
2006;2048;2023
2005;2048;2028
2007;2048;2019
2006;2048;2021
2006;2048;2021
2007;2048;2022
2005;2048;2025
2005;2048;2026
2006;2048;2022
2005;2048;2021
2005;2048;2025
2006;2048;2023
2005;2048;2023
2005;2048;2022
2007;2048;2021
2006;2048;2021
2006;2039;2022
2004;2048;2023
2005;2048;2021
2005;2048;2024
2005;2048;2021
2006;2048;2023
2005;2039;2023
2005;2048;2022
2006;2048;2021
2005;2048;2025
2005;2048;2023
2006;2048;2025
2004;2048;2025
2004;2048;2025
2006;2041;2023
2005;2048;2024
2005;2048;2019
2007;2048;2022
2005;2048;2020
2004;2048;2023
2007;2048;2021
2006;2048;2027
2006;2048;2023
2005;2039;2025
2007;2041;2019
2006;2048;2029
2005;2048;2025
2005;2048;2025
2005;2048;2022
2005;2048;2022
2006;2048;2021
2005;2048;2025
2006;2048;2023
2005;2048;2023
2005;2048;2026
2005;2048;2021
2005;2048;2024
2005;2048;2025
2004;2048;2023
2005;2048;2023
2004;2048;2026
2005;2048;2025
2006;2048;2023
2005;2048;2024
2005;2049;2028
2007;2048;2024
2007;2048;2023
2006;2048;2023
2006;2048;2022
2005;2048;2023
2004;2048;2022
2006;2048;2025
2007;2051;2025
2005;2048;2025
2006;2048;2026
2006;2048;2023
2005;2048;2023
2005;2048;2023
2005;2041;2023
2005;2048;2025
2007;2039;2025
2005;2048;2023
2007;2048;2024
2004;2048;2023
2007;2041;2024
2006;2048;2023
2006;2048;2027
2004;2048;2022
2007;2048;2024
2005;2048;2023
2007;2048;2021
2005;2048;2023
2005;2048;2025
2003;2048;2020
2006;2048;2021
2006;2048;2027
2005;2048;2025
2005;2048;2023
2005;2048;2026
2005;2048;2020
2011;2048;2022
2005;2048;2019
2005;2048;2023
2005;2048;2023
2005;2048;2023
2004;2048;2023
2005;2048;2022
2003;2048;2024
2006;2048;2027
2005;2048;2023
2007;2048;2023
2007;2048;2024
2005;2048;2025
2005;2048;2027
2006;2048;2025
2006;2048;2022
2006;2048;2026
2006;2048;2025
2006;2039;2022
2005;2048;2022
2007;2041;2021
2005;2048;2019
2005;2048;2025
2006;2048;2025
2005;2048;2023
2006;2048;2029
2005;2048;2027
2005;2048;2024
2006;2048;2022
2004;2048;2025
2006;2048;2021
2007;2048;2023
2006;2048;2025
2006;2048;2024
2006;2048;2027
2005;2048;2025
2006;2048;2026
2005;2048;2025
2003;2048;2025
2006;2048;2026
2007;2041;2024
2003;2048;2026
2005;2048;2026
2005;2039;2022
2003;2039;2023
2005;2048;2024
2005;2048;2022
2003;2048;2024
2005;2048;2019
2004;2048;2024
2004;2048;2021
2005;2048;2021
2007;2042;2023
2006;2048;2022
2004;2048;2025
2005;2048;2027
2004;2048;2024
2007;2041;2023
2005;2039;2023
2006;2039;2025
2006;2039;2023
2005;2048;2022
2005;2048;2021
2006;2048;2023
2006;2039;2024
2004;2048;2021
2005;2048;2023
2005;2048;2025
2004;2048;2020
2004;2048;2020
2006;2048;2021
2005;2048;2022
2005;2039;2023
2005;2042;2023
2005;2048;2027
2005;2048;2027
2005;2048;2025
2005;2048;2023
2007;2048;2025
2006;2048;2024
2005;2048;2023
2004;2048;2023
2006;2048;2025
2004;2048;2022
2005;2039;2023
2003;2042;2024
2005;2048;2023
2006;2048;2023
2006;2048;2026
2004;2048;2025
2006;2048;2025
2005;2048;2023
2007;2048;2025
2004;2048;2026
2003;2048;2024
2005;2048;2027
2005;2048;2024
2003;2048;2026
2005;2038;2027
2005;2048;2024
2005;2048;2022
2005;2048;2021
2006;2041;2024
2004;2041;2021
2006;2048;2022
2006;2048;2022
2005;2048;2021
2005;2048;2021
2005;2048;2026
2004;2048;2025
2004;2048;2023
2005;2048;2026
2005;2048;2025
2005;2048;2023
2005;2048;2024
2005;2048;2022
2006;2048;2024
2005;2039;2023
2006;2048;2024
2005;2048;2024
2006;2048;2024
2005;2048;2023
2006;2048;2024
2005;2048;2024
2004;2048;2024
2004;2048;2020
2005;2048;2022
2004;2048;2021
2004;2048;2023
2004;2048;2023
2002;2048;2023
2005;2048;2021
2005;2048;2023
2005;2048;2023
2005;2048;2023
2004;2050;2022
2005;2048;2023
2005;2039;2022
2004;2048;2021
2005;2041;2022
2006;2048;2025
2006;2040;2023
2005;2048;2018
2005;2048;2019
2005;2039;2022
2005;2048;2022
2004;2040;2023
2005;2048;2023
2004;2048;2023
2005;2048;2026
2006;2048;2025
2005;2039;2022
2006;2048;2023
2005;2048;2023
2005;2048;2023
2005;2048;2022
2006;2048;2022
2006;2048;2021
2005;2048;2023
2003;2048;2023
2006;2048;2026
2007;2048;2022
2005;2048;2020
2005;2048;2025
2005;2040;2025
2005;2048;2025
2006;2048;2021
2007;2048;2022
2005;2048;2023
2005;2048;2028
2004;2048;2025
2005;2048;2025
2005;2048;2026
2005;2048;2027
2004;2048;2025
2005;2048;2026
2004;2040;2025
2006;2048;2025
2005;2048;2026
2005;2048;2023
2005;2040;2022
2005;2048;2023
2006;2048;2024
2005;2048;2023
2004;2048;2023
2004;2048;2024
2005;2048;2022
2005;2048;2022
2004;2048;2024
2005;2048;2022
2005;2048;2023
2004;2048;2023
2004;2048;2026
2005;2048;2023
2004;2048;2022
2005;2042;2026
2004;2048;2023
2004;2048;2023
2006;2048;2017
2005;2048;2022
2004;2040;2023
2006;2039;2021
2007;2039;2025
2006;2048;2017
2004;2048;2023
2003;2048;2021
2004;2048;2022
2006;2048;2025
2003;2048;2023
2004;2048;2020
2005;2048;2022
2006;2048;2023
2005;2048;2023
2005;2048;2024
2005;2048;2024
2004;2048;2023
2003;2048;2024
2004;2048;2021
2006;2048;2022
2005;2041;2022
2005;2048;2021
2005;2040;2022
2006;2041;2023
2004;2031;2021
2006;2048;2021
2006;2048;2023
2005;2048;2022
2005;2048;2025
2004;2048;2023
2005;2048;2022
2005;2048;2025
2005;2048;2024
2005;2048;2026
2005;2048;2023
2005;2048;2022
2006;2041;2023
2006;2048;2021
2006;2048;2025
2005;2048;2024
2005;2048;2024
2004;2048;2021
2006;2048;2023
2006;2048;2026
2006;2048;2023
2004;2048;2024
2005;2048;2024
2005;2048;2025
2005;2048;2024
2004;2048;2024
2005;2048;2025
2005;2041;2022
2004;2048;2022
2006;2048;2022
2004;2048;2025
2005;2048;2027
2005;2048;2026
2004;2048;2022
2005;2048;2022
2005;2048;2022
2005;2048;2023
2004;2048;2025
2005;2039;2021
2003;2041;2021
2006;2041;2019
2004;2040;2019
2004;2048;2024
2006;2048;2023
2006;2048;2021
2004;2048;2021
2003;2041;2022
2005;2048;2024
2007;2048;2023
2005;2048;2021
2006;2039;2023
2004;2048;2026
2004;2048;2023
2005;2048;2023
2005;2048;2024
2005;2048;2022
2004;2048;2023
2005;2035;2024
2006;2048;2022
2006;2037;2025
2004;2048;2023
2005;2048;2025
2005;2048;2023
2006;2039;2026
2004;2048;2021
2005;2048;2025
2004;2048;2023
2005;2041;2023
2004;2048;2027
2004;2048;2023
2005;2048;2026
2005;2048;2024
2005;2048;2022
2005;2048;2024
2005;2048;2022
2005;2048;2025
2006;2048;2022
2005;2048;2026
2007;2041;2023
2005;2040;2021
2005;2048;2023
2005;2048;2024
2005;2041;2022
2005;2041;2023
2007;2048;2023
2005;2048;2023
2005;2048;2021
2004;2048;2020
2005;2039;2023
2003;2048;2020
2002;2048;2021
2003;2048;2023
2007;2048;2021
2005;2048;2020
2005;2055;2026
2005;2041;2023
2006;2048;2022
2004;2048;2018
2004;2042;2022
2005;2038;2011
2005;2048;2023
2005;2048;2021
2003;2048;2023
2006;2048;2025
2004;2048;2022
2004;2048;2022
2006;2048;2019
2005;2048;2023
2004;2048;2020
2005;2048;2023
2005;2040;2025
2004;2048;2025
2005;2048;2020
2005;2048;2023
2005;2048;2023
2006;2048;2020
2004;2048;2023
2005;2039;2022
2003;2037;2022
2005;2042;2023
2005;2048;2022
2009;2048;2021
2006;2048;2020
2004;2042;2022
2005;2048;2023
2005;2048;2018
2003;2048;2027
2005;2048;2023
2005;2048;2024
2006;2048;2021
2005;2048;2024
2005;2048;2023
2006;2040;2023
2004;2048;2023
2005;2048;2023
2005;2048;2022
2005;2048;2025
2005;2048;2022
2004;2039;2021
2005;2048;2023
2003;2048;2025
2009;2048;2026
2005;2048;2023
2004;2048;2023
2005;2048;2024
2005;2048;2023
2005;2048;2024
2005;2048;2025
2006;2054;2025
2007;2048;2021
2006;2048;2024
2005;2048;2021
2004;2048;2025
2005;2048;2023
2004;2048;2023
2005;2048;2025
2004;2037;2021
2006;2048;2023
2006;2048;2023
2004;2048;2021
2004;2048;2024
2005;2048;2023
2004;2048;2025
2005;2048;2020
2005;2048;2023
2004;2048;2019
2005;2048;2023
2004;2048;2024
2004;2048;2024
2006;2048;2021
2005;2048;2024
2004;2039;2023
2006;2048;2023
2003;2048;2023
2005;2048;2018
2005;2048;2017
2006;2041;2022
2005;2048;2022
2005;2039;2021
2005;2039;2019
2004;2048;2019
2005;2048;2023
2004;2048;2023
2004;2048;2023
2003;2048;2023
2004;2048;2023
2005;2048;2020
2004;2048;2025
2005;2048;2026
2004;2048;2023
2006;2039;2023
2004;2048;2023
2006;2048;2026
2004;2048;2023
2006;2048;2028
2005;2048;2025
2004;2048;2023
2004;2048;2021
2005;2038;2028
2005;2048;2021
2005;2048;2022
2005;2042;2024
2005;2048;2025
2004;2048;2022
2004;2048;2023
2005;2048;2020
2005;2048;2022
2003;2048;2019
2006;2048;2023
2005;2048;2021
2006;2048;2021
2004;2048;2025
2006;2042;2026
2005;2048;2025
2006;2048;2024
2006;2041;2026
2005;2039;2022
2006;2048;2023
2006;2039;2026
2005;2048;2022
2005;2048;2023
2004;2038;2024
2004;2048;2023
2005;2048;2021
2004;2048;2021
2005;2048;2026
2005;2048;2023
2005;2039;2021
2004;2048;2023
2002;2048;2026
2005;2048;2025
2005;2048;2023
2005;2048;2023
2006;2040;2022
2005;2048;2025
2004;2048;2023
2004;2048;2026
2005;2048;2021
2007;2037;2025
2005;2039;2023
2005;2048;2022
2004;2036;2023
2004;2048;2025
2005;2048;2020
2006;2049;2024
2006;2048;2021
2007;2048;2021
2005;2048;2023
2005;2048;2023
2006;2048;2025
2006;2048;2021
2004;2048;2024
2004;2041;2020
2006;2048;2021
2004;2041;2020
2005;2048;2021
2005;2037;2022
2004;2048;2023
2004;2037;2023
2005;2048;2025
2007;2048;2021
2005;2031;2019
2005;2048;2022
2004;2048;2023
2005;2041;2023
2003;2048;2024
2004;2048;2021
2005;2048;2023
2005;2048;2023
2005;2048;2023
2005;2048;2027
2005;2048;2021
2005;2048;2025
2005;2048;2023
2005;2039;2021
2005;2048;2023
2006;2048;2023
2003;2048;2022
2005;2048;2024
2005;2048;2028
2005;2048;2025
2005;2048;2024
2005;2048;2023
2004;2048;2027
2007;2048;2024
2004;2048;2022
2004;2048;2017
2004;2048;2025
2005;2048;2023
2006;2048;2025
2002;2048;2025
2005;2048;2025
2005;2048;2018
2005;2048;2024
2005;2048;2022
2004;2048;2023
2005;2048;2020
2003;2040;2018
2004;2038;2019
2005;2048;2023
2007;2048;2021
2004;2048;2024
2005;2038;2025
2006;2048;2019
2004;2048;2020
2004;2048;2021
2004;2048;2023
2004;2048;2021
2004;2048;2020
2005;2048;2022
2005;2048;2031
2005;2048;2023
2004;2048;2021
2004;2048;2022
2005;2048;2020
2003;2048;2023
2005;2039;2021
2003;2048;2023
2003;2048;2027
2005;2048;2025
2003;2048;2023
2005;2048;2023
2004;2048;2021
2005;2048;2024
2005;2048;2022
2004;2048;2025
2005;2048;2021
2005;2048;2023
2003;2048;2023
2004;2048;2025
2005;2048;2023
2003;2048;2023
2005;2049;2024
2004;2048;2024
2005;2039;2023
2007;2039;2020
2005;2037;2023
2005;2039;2025
2005;2048;2023
2003;2039;2023
2004;2048;2023
2004;2048;2022
2005;2041;2020
2004;2048;2020
2004;2048;2022
2003;2048;2023
2005;2048;2023
2003;2048;2022
2007;2048;2021
2005;2048;2022
2004;2048;2023
2003;2048;2021
2006;2048;2021
2005;2048;2023
2005;2048;2022
2002;2039;2023
2009;2041;2023
2003;2041;2022
2005;2039;2020
2005;2048;2021
2006;2048;2018
2005;2048;2021
2004;2048;2021
2005;2048;2021
2005;2041;2021
2006;2048;2023
2005;2048;2019
2005;2048;2023
2005;2048;2021
2004;2048;2026
2005;2048;2022
2004;2048;2025
2003;2048;2022
2005;2048;2022
2007;2048;2024
2007;2041;2027
2006;2048;2022
2006;2048;2026
2006;2041;2023
2003;2048;2023
2002;2048;2022
2004;2048;2023
2004;2048;2024
2004;2048;2023
2005;2039;2023
2005;2048;2024
2004;2039;2025
2007;2039;2025
2005;2048;2026
2004;2049;2026
2005;2048;2025
2006;2048;2025
2004;2048;2023
2005;2048;2023
2005;2048;2022
2006;2048;2021
2004;2048;2022
2005;2048;2025
2005;2048;2023
2004;2048;2021
2005;2048;2021
2006;2041;2023
2006;2048;2020
2006;2048;2025
2004;2048;2021
2005;2048;2020
2004;2048;2022
2005;2048;2023
2004;2048;2025
2006;2048;2025
2004;2048;2025
2004;2048;2023
2005;2048;2019
2006;2048;2023
2005;2039;2022
2005;2048;2021
2006;2048;2023
2004;2048;2024
2004;2048;2023
2005;2048;2021
2004;2048;2024
2004;2048;2025
2004;2041;2023
2005;2048;2022
2006;2048;2021
2004;2048;2023
2007;2048;2021
2005;2048;2022
2004;2048;2020
2005;2048;2025
2005;2048;2021
2004;2048;2023
2005;2048;2023
2006;2048;2025
2005;2048;2021
2005;2039;2022
2004;2048;2023
2004;2048;2024
2005;2039;2024
2003;2039;2019
2005;2039;2023
2005;2048;2022
2005;2048;2024
2005;2048;2023
2004;2048;2023
2004;2048;2019
2005;2048;2023
2005;2041;2020
2003;2048;2021
2005;2053;2023
2005;2048;2023
2004;2039;2025
2005;2048;2025
2005;2048;2022
2004;2048;2024
2004;2048;2023
2005;2048;2022
2004;2048;2022
2006;2040;2023
2004;2048;2023
2003;2041;2025
2004;2048;2023
2004;2048;2023
2005;2048;2025
2004;2039;2025
2004;2048;2023
2003;2048;2023
2005;2041;2024
2005;2048;2026
2005;2048;2025
2005;2048;2025
2001;2048;2024
2005;2048;2025
2005;2048;2023
2005;2048;2023
2005;2048;2027
2004;2048;2025
2006;2048;2020
2004;2039;2021
2006;2040;2021
2005;2039;2021
2004;2048;2019
2006;2048;2025
2005;2048;2021
2004;2048;2023
2005;2048;2023
2007;2048;2020
2006;2048;2023
2004;2039;2023
2004;2041;2019
2005;2048;2021
2005;2041;2021
2005;2048;2021
2004;2048;2023
2003;2048;2023
2005;2048;2023
2004;2039;2023
2005;2048;2019
2005;2048;2022
2006;2048;2021
2005;2048;2023
2005;2048;2019
2006;2048;2023
2005;2040;2020
2006;2040;2022
2004;2048;2021
2005;2048;2022
2005;2048;2022
2004;2048;2025
2006;2048;2025
2005;2048;2022
2005;2048;2019
2004;2041;2024
2005;2048;2023
2004;2048;2023
2006;2048;2027
2005;2048;2024
2005;2048;2027
2005;2048;2025
2005;2048;2023
2005;2039;2023
2004;2048;2021
2006;2036;2021
2003;2048;2022
2004;2048;2022
2005;2048;2026
2003;2048;2021
2004;2048;2024
2005;2048;2025
2005;2048;2022
2005;2048;2021
2005;2041;2024
2005;2048;2024
2004;2048;2024
2005;2048;2027
2005;2048;2024
2003;2048;2022
2006;2048;2024
2005;2048;2021
2005;2048;2022
2005;2038;2021
2003;2041;2022
2006;2048;2021
2006;2039;2021
2005;2039;2019
2006;2039;2023
2005;2048;2023
2005;2048;2023
2005;2048;2024
2004;2041;2022
2004;2048;2021
2005;2048;2023
2005;2048;2019
2006;2039;2022
2005;2048;2023
2005;2048;2025
2004;2041;2021
2003;2040;2022
2003;2048;2025
2005;2048;2021
2005;2048;2020
2007;2042;2024
2005;2048;2022
2004;2037;2023
2005;2048;2025
2006;2048;2023
2004;2048;2021
2005;2048;2025
2004;2048;2021
2004;2048;2027
2003;2048;2022
2005;2048;2021
2006;2048;2028
2005;2048;2021
2004;2048;2025
2003;2048;2022
2005;2048;2024
2005;2039;2021
2004;2048;2023
2003;2048;2023
2005;2048;2026
2005;2048;2022
2005;2048;2022
2004;2048;2021
2004;2041;2019
2004;2048;2025
2004;2048;2022
2004;2048;2023
2005;2048;2025
2003;2048;2023
2004;2048;2018
2004;2048;2023
2004;2048;2021
2003;2048;2023
2006;2036;2027
2004;2048;2025
2005;2048;2022
2005;2040;2023
2005;2048;2022
2005;2040;2019
2005;2039;2023
2005;2037;2023
2003;2048;2021
2005;2040;2022
2005;2048;2019
2005;2039;2021
2004;2048;2022
2005;2048;2024
2005;2048;2021
2004;2048;2024
2006;2048;2022
2004;2048;2023
2005;2048;2020
2005;2048;2022
2005;2048;2025
2005;2040;2024
2004;2048;2024
2006;2048;2025
2006;2048;2020
2005;2048;2019
2005;2040;2024
2004;2040;2025
2005;2039;2019
2005;2048;2023
2004;2048;2023
2004;2048;2024
2003;2048;2023
2005;2048;2023
2004;2027;2026
2005;2048;2022
2005;2039;2023
2006;2035;2020
2005;2048;2025
2006;2048;2022
2007;2048;2023
2007;2048;2018
2005;2048;2023
2003;2040;2026
2004;2040;2026
2003;2048;2025
2005;2048;2024
2005;2048;2023
2003;2038;2021
2005;2041;2021
2005;2048;2024
2005;2048;2026
2005;2039;2023
2005;2049;2022
2005;2048;2025
2005;2048;2025
2007;2048;2023
2002;2048;2022
2005;2048;2024
2006;2048;2021
2006;2048;2022
2006;2048;2022
2004;2048;2022
2005;2041;2023
2006;2048;2021
2007;2041;2021
2003;2048;2025
2005;2048;2017
2005;2048;2022
2005;2048;2023
2005;2048;2024
2004;2039;2021
2005;2048;2022
2004;2048;2021
2005;2048;2025
2007;2048;2022
2005;2048;2021
2002;2048;2021
2004;2048;2019
2006;2048;2019
2004;2039;2021
2004;2038;2026
2005;2048;2023
2004;2040;2025
2005;2048;2022
2005;2039;2023
2005;2048;2021
2006;2048;2019
2005;2039;2023
2006;2048;2022
2004;2039;2023
2004;2039;2023
2005;2048;2022
2003;2048;2025
2005;2048;2025
2005;2048;2025
2005;2048;2023
2006;2048;2027
2005;2048;2021
2003;2048;2021
2004;2040;2023
2004;2039;2025
2006;2040;2023
2005;2037;2026
2005;2048;2024
2005;2039;2026
2005;2048;2025
2003;2048;2021
2004;2048;2021
2005;2048;2024
2004;2048;2022
2003;2048;2023
2004;2048;2022
2006;2049;2023
2005;2048;2026
2003;2050;2039
2003;2048;2021
2006;2048;2022
2004;2039;2020
2005;2041;2026
2003;2048;2025
2005;2048;2023
2005;2048;2023
2004;2041;2022
2007;2048;2024
2005;2041;2021
2006;2048;2022
2007;2041;2021
2004;2039;2023
2004;2048;2019
2005;2048;2019
2005;2039;2022
2004;2048;2020
2004;2048;2019
2005;2048;2026
2007;2048;2022
2005;2048;2022
2005;2048;2022
2005;2048;2020
2005;2048;2023
2005;2048;2024
2004;2039;2024
2005;2048;2023
2005;2048;2023
2009;2048;2022
2005;2048;2023
2005;2041;2021
2004;2048;2023
2005;2048;2021
2005;2048;2025
2006;2048;2022
2004;2048;2021
2003;2040;2022
2004;2048;2026
2003;2048;2023
2006;2048;2024
2004;2048;2023
2005;2048;2026
2005;2048;2023
2006;2048;2023
2005;2048;2022
2005;2048;2021
2006;2039;2026
2005;2039;2023
2005;2039;2023
2006;2040;2023
2006;2041;2025
2004;2048;2023
2005;2048;2021
2004;2038;2023
2004;2048;2023
2006;2048;2023
2005;2048;2025
2005;2048;2025
2003;2048;2022
2004;2048;2023
2005;2048;2026
2005;2048;2023
2003;2048;2023
2005;2048;2025
2006;2048;2021
2002;2042;2023
2005;2048;2022
2005;2040;2023
2005;2037;2021
2006;2048;2022
2004;2041;2022
2005;2048;2021
2005;2048;2019
2003;2048;2023
2005;2039;2019
2003;2048;2024
2006;2048;2027
2005;2048;2022
2005;2048;2023
2005;2048;2021
2005;2048;2025
2005;2039;2024
2005;2041;2021
2004;2048;2020
2005;2041;2023
2005;2048;2020
2005;2048;2021
2006;2048;2020
2006;2048;2021
2007;2048;2025
2006;2039;2021
2004;2048;2023
2005;2048;2021
2004;2048;2020
2003;2048;2025
2005;2039;2021
2005;2048;2023
2004;2048;2023
2004;2048;2024
2005;2040;2023
2006;2048;2022
2005;2048;2021
2006;2048;2024
2004;2048;2023
2007;2048;2024
2003;2048;2021
2005;2036;2023
2005;2040;2021
2005;2048;2021
2005;2048;2024
2005;2041;2023
2005;2048;2023
2004;2048;2020
2005;2048;2023
2005;2040;2024
2005;2048;2021
2005;2048;2024
2003;2048;2021
2005;2039;2023
2007;2048;2024
2005;2048;2021
2005;2048;2022
2004;2048;2021
2005;2048;2025
2003;2048;2023
2005;2048;2022
2006;2039;2022
2005;2048;2025
2006;2039;2024
2006;2048;2020
2006;2038;2024
2003;2048;2020
2004;2048;2019
2005;2040;2019
2005;2048;2021
2006;2048;2023
2003;2041;2021
2006;2048;2024
2003;2048;2024
2005;2048;2023
2005;2048;2023
2005;2048;2022
2005;2048;2026
2007;2048;2025
2004;2048;2022
2006;2048;2023
2005;2048;2020
2005;2038;2025
2005;2048;2024
2006;2048;2023
2005;2039;2023
2004;2048;2021
2005;2048;2023
2006;2048;2025
2005;2048;2024
2006;2040;2025
2005;2037;2026
2005;2048;2025
2006;2041;2022
2004;2048;2023
2004;2048;2025
2005;2048;2021
2005;2048;2026
2005;2048;2025
2005;2048;2025
2005;2048;2022
2006;2048;2025
2004;2048;2023
2006;2038;2022
2004;2048;2021
2005;2048;2026
2006;2048;2023
2006;2048;2023
2006;2048;2022
2005;2048;2022
2006;2048;2020
2004;2048;2020
2005;2048;2026
2005;2048;2023
2005;2048;2023
2004;2048;2025
2006;2049;2024
2004;2048;2025
2003;2048;2025
2005;2048;2026
2005;2048;2021
2005;2048;2026
2005;2048;2022
2005;2048;2021
2005;2048;2024
2006;2040;2025
2005;2048;2022
2005;2048;2024
2006;2048;2020
2007;2048;2027
2006;2041;2021
2005;2048;2021
2007;2048;2022
2005;2048;2022
2004;2048;2021
2004;2048;2020
2006;2048;2025
2005;2296;2025
2005;2048;2023
2005;2048;2022
2005;2048;2023
2005;2048;2021
2005;2048;2025
2004;2048;2020
2004;2048;2023
2004;2048;2021
2003;2048;2024
2005;2048;2024
2004;2041;2021
2003;2048;2023
2005;2048;2023
2006;2048;2021
2004;2048;2024
2006;2048;2022
2004;2048;2022
2006;2048;2019
2004;2048;2020
2004;2048;2023
2006;2048;2023
2006;2048;2023
2005;2048;2022
2006;2048;2023
2005;2048;2020
2006;2040;2020
2005;2048;2023
2005;2048;2020
2005;2039;2022
2005;2048;2023
2007;2048;2015
2005;2041;2023
2007;2039;2024
2005;2048;2022
2004;2048;2025
2005;2041;2023
2007;2048;2024
2005;2048;2022
2006;2048;2019
2007;2048;2022
2005;2048;2023
2004;2048;2023
2005;2048;2025
2005;2048;2022
2007;2048;2025
2004;2048;2023
2005;2048;2027
2006;2048;2020
2007;2041;2024
2004;2040;2023
2003;2048;2023
2001;2048;2018
2005;2039;2020
2005;2048;2019
2006;2048;2024
2004;2040;2026
2005;2048;2023
2006;2048;2024
2005;2048;2022
2006;2038;2026
2006;2048;2025
2006;2048;2025
2005;2041;2023
2006;2048;2024
2007;2048;2023
2005;2048;2024
2006;2048;2022
2005;2048;2022
2006;2040;2022
2005;2040;2021
2005;2039;2019
2006;2048;2023
2007;2048;2021
2004;2048;2026
2005;2048;2023
2006;2048;2024
2006;2048;2025
2005;2048;2025
2005;2048;2023
2005;2048;2025
2004;2048;2021
2005;2048;2021
2004;2048;2024
2006;2048;2021
2004;2048;2022
2005;2038;2024
2007;2048;2022
2005;2048;2025
2006;2048;2024
2007;2048;2020
2005;2048;2023
2004;2048;2021
2005;2048;2020
2005;2048;2023
2006;2040;2022
2005;2048;2020
2000;2048;2022
2005;2039;2022
2005;2048;2021
2005;2048;2026
2005;2041;2019
2006;2048;2023
2005;2041;2023
2007;2048;2024
2006;2048;2021
2005;2048;2019
2005;2040;2027
2007;2039;2020
2007;2038;2024
2007;2039;2024
2005;2048;2022
2006;2039;2025
2005;2048;2025
2005;2039;2024
2005;2048;2024
2005;2048;2025
2006;2048;2021
2005;2050;2027
2005;2048;2025
2006;2048;2024
2005;2048;2023
2005;2048;2023
2007;2048;2025
2004;2040;2024
2005;2048;2024
2005;2041;2025
2006;2048;2025
2005;2048;2023
2005;2048;2023
2007;2048;2025
2006;2048;2026
2005;2048;2024
2004;2048;2024
2005;2048;2023
2003;2041;2022
2006;2048;2025
2005;2048;2021
2005;2048;2025
2006;2048;2022
2006;2049;2023
2004;2048;2025
2006;2048;2023
2005;2048;2023
2005;2048;2023
2005;2048;2022
2005;2041;2023
2005;2048;2025
2002;2039;2021
2006;2048;2023
2006;2048;2021
2005;2048;2023
2005;2048;2021
2005;2048;2024
2003;2048;2025
2005;2041;2021
2007;2048;2019
2005;2048;2022
2006;2048;2021
2005;2048;2021
2004;2048;2026
2005;2049;2024
2006;2048;2022
2005;2040;2020
2006;2048;2025
2007;2048;2024
2005;2048;2024
2005;2048;2023
2006;2040;2034
