2003;2033;1994
2004;2026;2002
2003;2027;2005
2003;2029;2006
2001;2028;2009
2002;2030;2005
2001;2030;2007
2001;2029;2007
2002;2027;2007
2001;2033;2013
1999;2031;2011
1999;2033;2013
2001;2033;2009
2000;2032;2009
2001;2031;2013
1999;2034;2011
1999;2037;2010
1993;2035;2009
1999;2037;2011
1998;2031;2009
1999;2037;2007
1999;2033;2009
2000;2037;2006
1999;2035;2013
1998;2033;2009
1999;2034;2011
1998;2036;2011
1999;2036;2010
1998;2035;2013
1998;2035;2011
1996;2039;2010
1999;2038;2015
1997;2038;2004
1997;2039;2014
1998;2034;2009
1997;2033;2010
1997;2035;2010
1997;2035;2012
1999;2034;2011
1998;2036;2010
1998;2035;2009
1999;2036;2010
1997;2035;2010
1999;2039;2013
1997;2037;2012
1999;2037;2013
1997;2037;2011
1996;2039;2011
1998;2039;2010
1998;2036;2014
1999;2034;2009
1997;2037;2011
1997;2039;2014
1999;2039;2013
1999;2037;2013
1997;2039;2013
1998;2036;2013
1998;2036;2012
1999;2036;2013
1997;2035;2013
1998;2037;2011
1998;2037;2011
1998;2036;2011
1997;2037;2010
1998;2037;2013
1999;2036;2012
1999;2036;2013
1998;2035;2010
1999;2038;2013
1998;2036;2013
1996;2037;2015
1999;2039;2009
1999;2039;2013
1999;2036;2013
1997;2035;2012
1997;2036;2012
1999;2036;2010
1998;2033;2010
1997;2031;2015
1998;2037;2013
1996;2035;2015
1999;2036;2011
1996;2035;2013
1999;2034;2013
1999;2037;2013
1998;2037;2013
1999;2039;2011
1998;2039;2019
1999;2039;2011
1998;2037;2015
1997;2037;2011
1999;2039;2014
1999;2038;2013
1998;2034;2013
1998;2036;2014
2002;2038;2014
1998;2037;2011
1997;2036;2012
1999;2037;2010
1998;2036;2014
1998;2036;2009
1999;2037;2011
1997;2035;2010
1999;2036;2015
1997;2036;2015
1999;2038;2017
1999;2038;2013
2001;2038;2023
1999;2039;2015
1999;2039;2012
1998;2039;2010
1999;2039;2012
1998;2039;2014
1998;2036;2015
1997;2038;2011
1998;2037;2016
1999;2038;2013
1998;2037;2015
1998;2037;2014
1999;2034;2014
1999;2036;2012
1998;2038;2013
1997;2033;2011
1997;2039;2013
1998;2035;2015
1999;2037;2011
1999;2041;2013
1998;2039;2013
1997;2039;2011
1999;2040;2013
1999;2037;2015
1998;2038;2015
1997;2039;2015
1998;2037;2014
1999;2037;2020
1999;2031;2011
1998;2037;2014
1999;2035;2011
1999;2035;2014
2003;2039;2015
1998;2039;2012
1999;2037;2009
1999;2037;2015
1999;2048;2013
1999;2036;2011
1999;2039;2005
1998;2036;2010
1999;2035;2012
1999;2039;2014
1998;2048;2012
1998;2034;2012
1999;2037;2014
1998;2037;2013
1998;2039;2014
1998;2037;2012
1999;2038;2021
1999;2048;2010
1996;2129;1999
1997;2060;2031
1998;2051;2029
1999;2053;2023
2001;2054;2022
1999;2051;2023
2001;2052;2023
2002;2052;2022
2001;2050;2020
2002;2050;2022
2003;2048;2023
2004;2048;2021
2003;2049;2019
2005;2048;2018
2005;2049;2022
2003;2049;2020
2003;2049;2019
2005;2048;2018
2003;2048;2019
2004;2048;2019
2005;2048;2018
2004;2042;2019
2005;2048;2021
2005;2048;2017
2005;2048;2019
2004;2048;2022
2004;2048;2017
2006;2048;2015
2005;2048;2016
2005;2048;2020
2005;2048;2018
2005;2049;2021
2006;2048;2023
2005;2048;2018
2005;2048;2019
2005;2048;2023
2006;2048;2020
2006;2048;2021
2005;2048;2021
2006;2048;2019
2005;2048;2017
2005;2039;2020
2006;2048;2019
2005;2041;2020
2006;2048;2019
2005;2048;2017
2005;2048;2021
2005;2048;2019
2005;2048;2018
2005;2048;2017
2004;2048;2020
2007;2048;2020
2007;2048;2018
2004;2048;2020
2007;2048;2019
2006;2039;2019
2005;2048;2020
2005;2048;2023
2005;2048;2021
2005;2039;2019
2005;2034;2015
2005;2048;2019
2006;2048;2020
2006;2039;2019
2005;2048;2017
2004;2048;2018
2006;2048;2019
2005;2048;2019
2010;2048;2021
2006;2048;2017
2007;2048;2021
2006;2048;2023
2006;2048;2015
2005;2048;2020
2005;2048;2026
2004;2048;2020
2006;2048;2021
2007;2048;2022
2006;2048;2019
2007;2048;2018
2007;2048;2018
2006;2048;2016
2007;2048;2018
2004;2048;2016
2007;2041;2021
2005;2048;2019
2006;2041;2020
2006;2048;2017
2005;2048;2019
2006;2048;2019
2006;2048;2018
2004;2048;2019
2006;2048;2020
2003;2048;2019
2006;2048;2021
2007;2048;2020
2006;2048;2018
2004;2036;2019
2006;2042;2017
2007;2040;2017
2004;2048;2020
2006;2048;2018
2006;2040;2021
2007;2048;2021
2007;2048;2019
2005;2048;2021
2005;2048;2021
2005;2048;2018
2006;2048;2018
2007;2048;2019
2007;2048;2020
2005;2048;2020
2005;2048;2019
2005;2048;2021
2007;2048;2021
2004;2048;2021
2005;2048;2019
2005;2048;2019
2005;2039;2021
2007;2048;2022
2006;2039;2020
2006;2048;2017
2006;2048;2016
2006;2040;2020
2004;2048;2020
2004;2039;2019
2004;2048;2021
2007;2040;2020
2005;2048;2021
2005;2048;2018
2006;2048;2019
2005;2048;2018
2005;2048;2018
2007;2048;2020
2006;2048;2019
2006;2041;2017
2005;2041;2019
2005;2048;2023
2005;2048;2021
2006;2048;2020
2005;2048;2020
2005;2048;2021
2004;2048;2019
2006;2048;2019
2005;2048;2019
2005;2048;2019
2007;2048;2018
2006;2048;2020
2005;2048;2020
2007;2048;2019
2005;2048;2021
2007;2048;2022
2005;2048;2021
2005;2048;2018
2006;2048;2018
2005;2048;2022
2005;2048;2018
2005;2048;2021
2004;2048;2019
2003;2048;2022
2006;2048;2020
2005;2048;2019
2007;2048;2018
2005;2048;2021
2006;2048;2021
2005;2055;2019
2006;2048;2019
2005;2048;2019
2005;2048;2021
2005;2048;2021
2006;2048;2016
2005;2048;2020
2005;2048;2018
2005;2048;2022
2004;2048;2022
2002;2048;2021
2006;2048;2019
2007;2048;2017
2005;2048;2019
2006;2048;2020
2005;2048;2021
2005;2048;2021
2006;2048;2019
2007;2048;2017
2006;2039;2019
2005;2048;2022
2007;2040;2019
2006;2048;2021
2006;2048;2019
2006;2048;2022
2004;2048;2021
2005;2048;2025
2005;2041;2022
2007;2048;2019
2005;2048;2020
2006;2048;2021
2007;2048;2021
2004;2048;2021
2009;2041;2022
2005;2048;2019
2006;2048;2021
2005;2048;2019
2005;2048;2019
2006;2038;2017
2006;2048;2015
2004;2039;2020
2005;2040;2021
2005;2037;2022
2006;2048;2019
2006;2048;2018
2007;2048;2017
2006;2048;2019
2005;2048;2021
2007;2048;2017
2004;2048;2021
2006;2048;2019
2005;2048;2020
2006;2048;2021
2006;2048;2021
2005;2048;2022
2005;2048;2020
2003;2048;2019
2007;2048;2014
2006;2048;2016
2004;2048;2020
2007;2048;2018
2005;2048;2021
2005;2048;2021
2004;2048;2018
2005;2048;2021
2005;2048;2021
2003;2048;2021
2007;2048;2014
2005;2048;2023
2005;2048;2019
2006;2048;2021
2007;2048;2019
2006;2039;2018
2007;2048;2017
2006;2048;2019
2003;2048;2015
2005;2048;2019
2006;2048;2017
2005;2048;2019
2005;2048;2017
2006;2048;2016
2005;2048;2017
2004;2048;2018
2006;2048;2021
2006;2048;2019
2006;2048;2017
2006;2048;2021
2007;2048;2021
2004;2048;2015
2004;2048;2019
2006;2048;2021
2005;2048;2019
2006;2048;2017
2006;2039;2019
2006;2048;2020
2007;2048;2018
2005;2048;2021
2008;2048;2018
2007;2048;2019
2007;2048;2020
2005;2048;2020
2004;2048;2016
2006;2048;2017
2007;2041;2016
2005;2048;2019
2005;2048;2016
2004;2048;2021
2007;2048;2021
2006;2048;2021
2004;2048;2019
2004;2048;2027
2009;2037;2022
2005;2041;2021
2005;2048;2023
2005;2048;2017
2004;2048;2019
2006;2048;2015
2006;2048;2017
2004;2048;2017
2004;2048;2021
2005;2048;2018
2006;2048;2018
2004;2048;2023
2004;2048;2021
2004;2048;2016
2007;2048;2019
2007;2048;2021
2008;2048;2021
2007;2048;2021
2005;2048;2022
2005;2049;2020
2007;2041;2023
2007;2048;2020
2005;2041;2020
2006;2048;2020
2006;2048;2019
2005;2048;2021
2005;2048;2020
2005;2048;2017
2005;2048;2018
2005;2041;2017
2005;2048;2020
2004;2048;2019
2006;2048;2017
2005;2048;2019
2006;2048;2022
2004;2048;2021
2005;2048;2020
2005;2039;2016
2007;2048;2021
2005;2048;2018
2006;2048;2020
2003;2048;2019
2006;2040;2017
2005;2048;2017
2005;2041;2019
2007;2048;2020
2006;2048;2016
2005;2048;2021
2005;2048;2017
2004;2048;2018
2007;2038;2020
2005;2048;2019
2005;2048;2019
2004;2048;2017
2005;2048;2018
2004;2048;2023
2006;2048;2021
2005;2048;2021
2005;2049;2019
2006;2048;2019
2005;2048;2021
2006;2048;2028
2004;2048;2020
2005;2048;2021
2006;2048;2018
2004;2048;2021
2005;2039;2024
2005;2048;2023
2003;2048;2020
2006;2048;2022
2005;2048;2021
2006;2048;2015
2005;2048;2019
2005;2048;2018
2005;2039;2021
2006;2048;2018
2005;2048;2022
2004;2048;2018
2006;2048;2023
2006;2048;2021
2005;2048;2021
2004;2048;2020
2005;2048;2022
2006;2048;2022
2005;2048;2021
2006;2048;2019
2005;2048;2018
2005;2048;2019
2005;2048;2019
2005;2048;2019
2005;2048;2022
2004;2048;2023
2006;2061;2019
2005;2048;2018
2007;2048;2020
2002;2048;2018
2005;2048;2022
2006;2039;2020
2005;2048;2020
2005;2032;2021
2005;2048;2017
2005;2048;2023
2006;2048;2020
2006;2048;2017
2005;2048;2022
2006;2048;2017
2004;2048;2018
2004;2048;2018
2004;2048;2019
2005;2048;2021
2004;2048;2017
2004;2048;2018
2005;2048;2016
2006;2048;2020
2004;2048;2021
2005;2048;2021
2006;2048;2020
2005;2048;2022
2004;2048;2019
2005;2048;2018
2004;2048;2021
2006;2048;2018
2005;2048;2021
2006;2048;2017
2006;2048;2017
2005;2048;2018
2007;2048;2022
2005;2048;2018
2005;2048;2018
2003;2048;2020
2005;2048;2019
2005;2048;2018
2005;2048;2017
2006;2048;2018
2005;2048;2017
2006;2048;2021
2005;2049;2018
2005;2048;2017
2006;2048;2019
2005;2048;2018
2006;2048;2019
2004;2048;2019
2005;2048;2016
2006;2048;2017
2007;2048;2018
2005;2048;2019
2005;2039;2020
2004;2040;2019
2003;2048;2021
2005;2048;2015
2005;2048;2021
2003;2039;2021
2005;2039;2015
2004;2048;2021
2005;2048;2019
2005;2048;2020
2006;2048;2018
2005;2040;2015
2005;2048;2017
2007;2048;2018
2005;2039;2022
2006;2048;2020
2005;2048;2018
2004;2048;2021
2006;2048;2014
2006;2048;2018
2005;2048;2021
2007;2041;2017
2004;2048;2017
2005;2048;2020
2005;2048;2017
2004;2048;2018
2006;2048;2023
2005;2048;2022
2005;2048;2014
2006;2048;2018
2005;2050;2019
2006;2041;2021
2004;2048;2021
2005;2048;2019
2003;2048;2019
2005;2048;2018
2005;2048;2017
2004;2038;2015
2006;2053;2019
2004;2048;2017
2005;2048;2019
2004;2048;2019
2005;2048;2020
2004;2048;2016
2005;2041;2017
2005;2048;2018
2006;2048;2017
2005;2048;2019
2004;2048;2016
2005;2048;2020
2005;2048;2017
2005;2048;2017
2007;2048;2020
2004;2048;2015
2006;2048;2021
2005;2048;2017
2005;2048;2022
2005;2048;2018
2005;2041;2017
2006;2041;2019
2005;2039;2017
2005;2048;2015
2004;2039;2018
2006;2048;2019
2007;2048;2019
2004;2048;2015
2004;2041;2015
2005;2048;2021
2006;2048;2015
2004;2048;2017
2004;2037;2018
2004;2048;2018
2005;2048;2019
2006;2048;2017
2003;2048;2019
2006;2048;2017
2005;2039;2020
2005;2048;2017
2003;2048;2016
2005;2048;2020
2005;2039;2019
2005;2048;2021
2005;2048;2017
2005;2048;2018
2004;2039;2017
2007;2048;2018
2006;2038;2017
2007;2048;2020
2004;2048;2021
2005;2049;2019
2006;2048;2019
2004;2048;2020
2005;2048;2018
2005;2048;2021
2004;2048;2015
2005;2048;2017
2003;2048;2018
2005;2048;2019
2005;2041;2018
2001;2048;2020
2005;2041;2019
2005;2039;2017
2008;2048;2014
2006;2048;2017
2005;2048;2020
2005;2048;2029
2004;2048;2015
2005;2048;2017
2004;2040;2018
2004;2048;2017
2004;2048;2017
2005;2048;2018
2005;2048;2019
2007;2048;2018
2007;2048;2019
2005;2048;2022
2004;2041;2021
2005;2048;2019
1999;2048;2017
2004;2039;2019
2005;2041;2015
2006;2048;2017
2004;2048;2015
2005;2048;2021
2004;2048;2020
2005;2040;2015
2005;2048;2021
2006;2048;2016
2004;2048;2021
2005;2048;2019
2006;2048;2015
2005;2048;2019
2005;2048;2017
2007;2048;2021
2005;2048;2020
2005;2048;2016
2007;2048;2017
2004;2039;2017
2005;2048;2019
2006;2050;2017
2004;2048;2017
2005;2039;2018
2004;2040;2020
2005;2048;2017
2002;2048;2015
2006;2048;2015
2004;2048;2021
2005;2048;2018
2004;2048;2020
2005;2049;2020
2006;2048;2020
2005;2048;2010
2004;2048;2021
2005;2048;2017
2005;2048;2019
2006;2048;2019
2005;2048;2018
2005;2037;2021
2004;2048;2020
2005;2039;2017
2005;2048;2019
2005;2048;2019
2004;2041;2021
2005;2048;2021
2004;2048;2016
2005;2048;2017
2005;2048;2019
2003;2048;2017
2003;2048;2019
2006;2048;2017
2004;2048;2018
2004;2048;2017
2008;2048;2020
2005;2048;2020
2006;2048;2018
2004;2039;2019
2005;2048;2019
2005;2038;2020
2004;2048;2021
2005;2039;2015
2005;2039;2019
2006;2048;2020
2006;2048;2022
2005;2048;2019
2006;2048;2020
2005;2048;2018
2003;2048;2018
2005;2048;2020
2005;2048;2018
2004;2048;2018
2005;2048;2018
2004;2048;2019
2004;2048;2019
2006;2048;2015
2006;2040;2019
2000;2048;2020
2005;2048;2020
2006;2048;2021
2006;2048;2019
2005;2048;2020
2006;2048;2021
2006;2048;2018
2005;2039;2018
2005;2048;2018
2005;2041;2019
2005;2048;2017
2005;2048;2021
2005;2048;2020
2005;2048;2020
2005;2048;2022
2005;2048;2020
2004;2048;2020
2005;2048;2019
2004;2048;2020
2005;2048;2019
2005;2048;2017
2005;2048;2018
2006;2048;2021
2006;2048;2018
2007;2048;2023
2003;2048;2018
2005;2048;2020
2005;2040;2020
2007;2048;2019
2005;2048;2020
2005;2048;2021
2005;2048;2015
2005;2048;2018
2005;2048;2021
2004;2048;2020
2005;2048;2019
2005;2048;2023
2007;2048;2029
2004;2048;2019
2004;2048;2020
2005;2048;2020
2005;2048;2020
2005;2048;2016
2007;2048;2019
2005;2040;2021
2005;2042;2020
2004;2048;2020
2005;2048;2020
2006;2048;2021
2006;2048;2021
2005;2048;2019
2004;2048;2020
2005;2048;2019
2005;2048;2017
2005;2048;2021
2005;2048;2018
2005;2041;2019
2004;2048;2017
2006;2048;2016
2003;2048;2021
2004;2048;2019
2004;2048;2019
2005;2041;2017
2005;2041;2018
2005;2039;2021
2005;2048;2018
2005;2048;2016
2005;2048;2017
2005;2039;2019
2005;2048;2020
2004;2048;2019
2003;2039;2021
2005;2048;2019
2007;2048;2021
2004;2048;2020
2005;2048;2021
2005;2048;2021
2005;2048;2019
2005;2048;2020
2006;2048;2019
2005;2048;2019
2005;2039;2021
2006;2048;2019
2005;2048;2020
2007;2048;2017
2005;2048;2018
2005;2048;2016
2006;2048;2017
2007;2039;2021
2005;2048;2014
2003;2048;2020
2005;2048;2018
2004;2048;2019
2004;2048;2020
2004;2050;2019
2005;2048;2016
2004;2048;2021
2006;2048;2020
2005;2048;2020
2006;2048;2022
2006;2048;2021
2005;2048;2021
2005;2039;2019
2004;2048;2016
2006;2040;2019
2004;2048;2017
2006;2048;2017
2004;2048;2018
2003;2048;2017
2007;2048;2017
2005;2048;2019
2005;2048;2018
2006;2040;2021
2005;2048;2021
2003;2048;2019
2005;2048;2015
2005;2048;2021
2002;2048;2021
2006;2048;2020
2005;2048;2015
2004;2048;2020
2008;2039;2019
2003;2048;2020
2007;2048;2017
2006;2048;2017
2005;2039;2018
2006;2048;2015
2005;2040;2017
2005;2048;2018
2005;2048;2017
2005;2048;2019
2006;2048;2015
2005;2048;2018
2005;2048;2019
2006;2050;2019
2005;2048;2018
2004;2037;2022
2006;2039;2015
2002;2048;2019
2005;2048;2020
2003;2039;2017
2004;2037;2018
2004;2038;2020
2005;2048;2020
2004;2048;2014
2003;2048;2014
2005;2048;2018
2005;2048;2015
2005;2039;2018
2007;2039;2017
2001;2048;2015
2005;2048;2020
2005;2048;2016
2005;2048;2019
2005;2048;2019
2004;2039;2018
2005;2048;2019
2005;2048;2021
2005;2041;2018
2005;2048;2018
2005;2048;2016
2007;2038;2020
2004;2048;2022
2006;2048;2020
2007;2039;2017
2007;2039;2012
2005;2048;2018
2005;2048;2018
2003;2048;2017
2005;2048;2017
2006;2048;2018
2004;2048;2018
2004;2041;2015
2005;2048;2017
2003;2048;2021
2005;2048;2019
2006;2039;2019
2003;2048;2032
2006;2041;2018
2005;2048;2018
2003;2048;2019
2005;2048;2018
2004;2048;2017
2005;2048;2015
2004;2039;2015
2005;2048;2017
2006;2039;2018
2004;2048;2014
2005;2040;2017
2005;2048;2018
2004;2041;2016
2005;2048;2018
2005;2040;2019
2006;2041;2021
2003;2048;2018
2005;2048;2019
2005;2048;2019
2004;2048;2018
2004;2048;2018
2005;2048;2019
2006;2048;2017
2005;2048;2016
2009;2048;2018
2006;2048;2018
2006;2048;2015
2004;2041;2015
2005;2040;2017
2006;2041;2018
2005;2039;2021
2005;2041;2015
2005;2048;2015
2006;2048;2019
2004;2048;2019
2005;2048;2017
2004;2048;2015
2005;2049;2016
2005;2048;2018
2006;2048;2017
2006;2048;2021
2005;2048;2016
2005;2048;2021
2005;2048;2017
2004;2041;2019
2004;2039;2017
2006;2048;2019
2005;2048;2019
2005;2039;2019
2004;2048;2015
2004;2048;2017
2006;2034;2018
2004;2039;2015
2005;2048;2018
2005;2048;2019
2005;2048;2019
2005;2048;2020
2005;2048;2017
2005;2048;2021
2005;2048;2022
2006;2048;2019
2004;2048;2019
2004;2048;2019
2006;2048;2015
2005;2039;2020
2007;2039;2019
2005;2048;2022
2005;2048;2020
2007;2048;2021
2007;2048;2023
2005;2048;2020
2005;2048;2019
2006;2048;2018
2005;2048;2016
2004;2038;2018
2004;2040;2020
2005;2048;2019
2007;2048;2018
2005;2048;2021
2005;2048;2020
2007;2048;2020
2005;2048;2019
2005;2048;2020
2004;2048;2020
2006;2048;2021
2006;2048;2015
2005;2040;2017
2006;2048;2021
2005;2042;2021
2004;2048;2018
2005;2048;2017
2004;2048;2021
2005;2048;2020
2005;2048;2018
2005;2049;2017
2004;2048;2021
2002;2041;2016
2005;2048;2010
2004;2048;2018
2005;2048;2021
2005;2048;2021
2005;2048;2019
2005;2048;2019
2005;2048;2019
2005;2048;2020
2005;2041;2017
2005;2048;2018
2006;2048;2018
2006;2048;2018
2005;2048;2022
2004;2048;2018
2004;2048;2019
2005;2049;2019
2005;2048;2019
2003;2048;2020
2005;2048;2017
2004;2048;2020
2005;2048;2020
2006;2048;2018
2004;2048;2017
2003;2048;2015
2006;2048;2018
2005;2048;2018
2004;2048;2020
2006;2048;2021
2005;2048;2016
2005;2048;2019
2005;2039;2019
2005;2048;2021
2005;2039;2019
2005;2048;2018
2006;2048;2017
2005;2048;2016
2005;2048;2016
2004;2048;2019
2005;2048;2016
2006;2039;2018
2005;2048;2018
2005;2048;2018
2007;2048;2018
2004;2048;2019
2005;2048;2017
2003;2048;2018
2004;2048;2018
2005;2048;2018
2005;2048;2018
2006;2048;2017
2004;2048;2018
2005;2038;2019
2005;2040;2019
2006;2048;2017
2004;2048;2018
2004;2048;2017
2005;2048;2023
2006;2048;2015
2004;2048;2019
2005;2048;2015
2005;2048;2017
2004;2048;2019
2004;2048;2018
2006;2048;2017
2006;2048;2019
2006;2041;2017
2005;2048;2018
2006;2048;2015
2005;2048;2017
2005;2048;2017
2004;2040;2019
2005;2040;2017
2005;2039;2018
2006;2041;2017
2005;2048;2018
2005;2048;2021
2004;2048;2015
2004;2048;2018
2006;2048;2018
2004;2048;2019
2005;2048;2005
2005;2048;2017
2005;2041;2015
2004;2041;2021
2005;2039;2019
2003;2048;2021
2003;2048;2019
2003;2048;2018
2005;2048;2019
2005;2048;2015
2004;2048;2015
2004;2048;2020
2004;2039;2011
2003;2041;2016
2006;2048;2018
2005;2048;2019
2005;2048;2018
2004;2048;2017
2005;2048;2018
2004;2048;2018
2004;2048;2018
2003;2048;2015
2005;2048;2017
2005;2048;2019
2006;2048;2019
2005;2048;2020
2006;2048;2017
2004;2048;2017
2006;2048;2018
2004;2048;2018
2006;2048;2018
2004;2048;2019
2005;2048;2019
2006;2039;2017
2005;2041;2015
2006;2048;2020
2005;2041;2019
2005;2039;2019
2003;2048;2016
2003;2048;2021
2005;2039;2018
2005;2048;2017
2005;2048;2021
2003;2048;2019
2003;2048;2020
2005;2041;2017
2005;2048;2018
2006;2048;2017
2005;2048;2019
2003;2048;2021
2004;2048;2018
2005;2048;2023
2004;2048;2019
2004;2039;2019
2004;2048;2017
2005;2048;2018
2004;2048;2017
2004;2039;2018
2005;2048;2019
2007;2048;2020
2005;2048;2019
2004;2048;2021
2005;2048;2021
2006;2048;2019
2007;2048;2023
2004;2048;2020
2005;2048;2019
2004;2048;2018
2004;2040;2020
2006;2042;2013
2006;2048;2015
2005;2048;2020
2007;2048;2019
2003;2048;2018
2005;2048;2017
2005;2048;2018
2005;2048;2017
2004;2048;2018
2007;2048;2015
2003;2048;2019
2004;2048;2019
2004;2041;2017
2003;2048;2020
2005;2050;2019
2005;2048;2022
2005;2048;2021
2004;2048;2020
2005;2041;2019
2005;2041;2017
2005;2041;2015
2003;2048;2019
2005;2041;2019
2007;2048;2015
2005;2048;2017
2004;2048;2018
2005;2038;2017
2005;2048;2017
2003;2039;2017
2005;2048;2012
2005;2048;2016
2003;2048;2015
2005;2048;2015
2005;2048;2020
2005;2048;2020
2005;2048;2025
2004;2048;2018
2002;2048;2020
2003;2048;2017
2004;2048;2018
2005;2048;2017
2005;2037;2017
2004;2048;2014
2005;2048;2018
2005;2048;2015
2005;2039;2017
2006;2048;2019
2005;2048;2021
2003;2039;2018
2005;2048;2018
2005;2048;2019
2004;2048;2018
2006;2039;2021
2005;2041;2018
2005;2048;2018
2005;2048;2017
2005;2048;2019
1999;2048;2020
2005;2049;2021
2004;2048;2024
2005;2048;2019
2005;2048;2019
2004;2048;2018
2004;2041;2020
2006;2048;2017
2006;2048;2016
2005;2048;2021
2007;2048;2015
2006;2048;2022
2004;2048;2017
2006;2048;2019
2004;2048;2020
2004;2048;2019
2005;2048;2022
2004;2048;2018
2006;2048;2021
2005;2048;2017
2003;2048;2022
2005;2048;2020
2003;2040;2019
2005;2048;2017
2004;2048;2019
2004;2039;2020
2005;2048;2023
2003;2048;2015
2005;2048;2019
2004;2048;2018
2006;2048;2018
2005;2048;2021
2005;2048;2020
2006;2048;2021
2004;2048;2019
2004;2048;2018
2003;2048;2019
2003;2048;2018
2005;2048;2016
2005;2048;2017
2004;2048;2019
2005;2048;2019
2003;2040;2019
2004;2048;2018
2004;2048;2023
2004;2048;2017
2004;2039;2020
2004;2048;2019
2005;2048;2020
2005;2048;2019
2005;2048;2015
2005;2048;2021
2005;2048;2017
2005;2048;2019
2005;2048;2011
2002;2048;2021
2004;2048;2019
2003;2048;2017
2005;2048;2021
2004;2048;2018
2005;2048;2021
2005;2039;2019
2007;2041;2019
2004;2048;2017
2004;2048;2019
2005;2048;2020
2004;2048;2015
2005;2048;2015
2005;2048;2016
2005;2048;2015
2004;2040;2018
2005;2048;2019
2005;2048;2017
2004;2048;2017
2005;2048;2014
2005;2048;2015
2005;2048;2017
2005;2039;2019
2003;2048;2019
2005;2048;2017
2004;2048;2022
2005;2048;2021
2003;2041;2018
2004;2048;2020
2005;2048;2019
2005;2048;2020
2005;2048;2015
2005;2048;2018
2006;2048;2016
2003;2039;2018
2005;2048;2019
2004;2048;2019
2005;2048;2017
2004;2048;2016
2005;2048;2019
2004;2048;2017
2006;2048;2018
2004;2048;2019
2003;2048;2016
2005;2048;2021
2003;2048;2022
2003;2048;2019
2004;2048;2018
2006;2048;2018
2005;2039;2019
2005;2048;2018
2005;2048;2019
2004;2048;2019
2004;2048;2019
2006;2040;2019
2005;2048;2019
2003;2048;2020
2005;2048;2033
2005;2048;2020
2005;2049;2018
2003;2048;2020
2005;2048;2017
2003;2039;2021
2005;2048;2017
2006;2048;2021
2005;2048;2018
2004;2048;2021
2007;2048;2023
2006;2048;2023
2003;2048;2021
2005;2048;2021
2004;2048;2015
2005;2048;2019
2005;2040;2017
2005;2048;2018
2005;2042;2018
2009;2048;2018
2004;2048;2019
2005;2048;2020
2005;2048;2023
2003;2048;2019
2005;2048;2019
2002;2048;2021
2002;2048;2015
2005;2048;2019
2005;2048;2021
2005;2040;2018
2007;2048;2020
2005;2048;2021
2004;2048;2020
2005;2048;2021
2003;2048;2017
2006;2048;2019
2005;2039;2020
2005;2048;2015
2005;2048;2020
2003;2048;2015
2007;2048;2018
2005;2048;2015
2005;2048;2018
2005;2048;2020
2005;2048;2019
2005;2048;2022
2005;2040;2018
2005;2048;2022
2005;2048;2019
2004;2042;2020
2005;2048;2017
2004;2040;2017
2005;2039;2018
2005;2040;2019
2005;2048;2015
2005;2048;2022
2005;2048;2017
2004;2048;2020
2005;2048;2019
2003;2048;2015
2005;2048;2015
2004;2048;2018
2004;2041;2017
2006;2048;2016
2005;2048;2018
2005;2048;2020
2005;2048;2017
2004;2049;2018
2004;2048;2021
2003;2048;2020
2004;2048;2012
2006;2040;2017
2003;2041;2017
2003;2039;2017
2004;2048;2010
2005;2048;2016
2006;2039;2018
2004;2048;2018
2004;2038;2018
2003;2048;2019
2002;2048;2018
2004;2048;2017
2005;2048;2015
2004;2048;2017
2003;2041;2018
2005;2048;2019
2003;2048;2016
2005;2048;2018
2002;2048;2018
2005;2041;2017
2005;2048;2018
2006;2048;2019
2005;2040;2021
2004;2037;2019
2005;2048;2017
2005;2048;2017
2006;2048;2016
2004;2048;2017
2004;2039;2017
2005;2048;2015
2005;2048;2017
2003;2048;2019
2005;2048;2020
2004;2048;2018
2004;2048;2020
2004;2040;2018
2005;2048;2018
2004;2048;2019
2005;2048;2017
2004;2048;2017
2005;2048;2021
2005;2048;2015
2005;2048;2019
2006;2041;2019
2005;2048;2015
2005;2048;2014
2006;2048;2027
2005;2048;2017
2005;2048;2015
2005;2048;2015
2004;2048;2015
2002;2040;2018
2004;2041;2018
2004;2048;2017
2005;2040;2020
2005;2048;2022
2004;2048;2021
2005;2048;2019
2005;2048;2017
2004;2048;2017
2006;2048;2017
2006;2048;2019
2005;2039;2015
2005;2038;2019
2005;2048;2019
2005;2048;2017
2005;2048;2021
2005;2040;2019
2010;2048;2017
2005;2048;2018
2004;2048;2017
2005;2048;2018
2003;2048;2019
2005;2048;2018
2006;2048;2018
2004;2048;2020
2005;2041;2018
2004;2048;2015
2005;2048;2018
2003;2048;2021
2005;2041;2017
2005;2048;2016
2005;2048;2022
2005;2039;2019
2005;2048;2016
2005;2048;2017
2004;2048;2013
2005;2048;2018
2005;2048;2018
2004;2048;2018
2004;2048;2018
2003;2048;2022
2004;2048;2019
2006;2040;2018
2005;2048;2018
2005;2048;2018
2006;2048;2018
2005;2048;2021
2005;2048;2017
2004;2048;2018
2003;2041;2016
2004;2039;2015
2004;2048;2021
2006;2040;2015
2003;2038;2015
2004;2048;2017
2005;2041;2016
2004;2048;2020
2005;2048;2019
2004;2048;2017
2004;2048;2014
2004;2048;2015
2005;2048;2015
2006;2048;2016
2005;2048;2015
2003;2048;2019
2005;2049;2023
2005;2048;2019
2006;2048;2020
2003;2048;2019
2005;2048;2021
2005;2048;2015
2005;2048;2017
2004;2048;2015
2004;2038;2017
2004;2040;2017
2003;2041;2015
2005;2048;2022
2005;2048;2021
2003;2048;2019
2004;2048;2018
2006;2048;2018
2005;2048;2019
2002;2048;2015
2006;2048;2018
2005;2048;2016
2005;2048;2019
2005;2048;2017
2003;2048;2018
2004;2048;2021
2003;2048;2021
2004;2048;2021
2005;2048;2019
2004;2048;2020
2005;2039;2016
2006;2040;2015
2005;2048;2016
2004;2048;2019
2005;2048;2021
2005;2048;2019
2004;2048;2019
2005;2048;2020
2005;2048;2022
2006;2048;2019
2004;2048;2021
2003;2048;2019
2005;2048;2020
2005;2041;2021
2006;2048;2021
2004;2048;2017
2004;2048;2020
2006;2048;2018
2004;2040;2019
2004;2048;2018
2005;2048;2020
2006;2041;2020
2005;2048;2019
2004;2048;2020
2004;2048;2020
2003;2048;2023
2004;2041;2019
2004;2048;2019
2005;2048;2019
2003;2039;2017
2005;2048;2015
2005;2048;2017
2003;2048;2018
2003;2048;2017
2005;2041;2015
2004;2048;2018
2006;2048;2015
2003;2048;2017
2003;2039;2015
2004;2034;2013
2004;2040;2017
2005;2042;2017
2004;2039;2014
2005;2041;2018
2005;2038;2015
2004;2041;2016
2005;2048;2015
2005;2040;2015
2005;2048;2016
2006;2040;2017
2005;2048;2015
2006;2048;2021
2005;2048;2018
2003;2048;2019
2005;2048;2020
2004;2048;2011
2003;2048;2021
2007;2048;2019
2005;2048;2015
2003;2039;2018
2005;2039;2021
2005;2048;2021
2005;2048;2015
2003;2040;2018
2001;2048;2020
2004;2048;2019
2004;2048;2023
2005;2048;2021
2004;2048;2021
2003;2048;2022
2005;2048;2018
2004;2048;2023
2002;2041;2018
2003;2050;2019
2005;2048;2019
2005;2048;2017
2005;2048;2017
2005;2048;2018
2004;2048;2020
2004;2048;2020
2006;2048;2020
2002;2048;2018
2005;2048;2021
2005;2048;2020
2004;2048;2011
2005;2048;2021
2004;2048;2018
2005;2048;2020
2003;2048;2017
2005;2049;2019
2005;2048;2018
2005;2048;2017
2007;2048;2017
2005;2048;2020
2005;2048;2015
2007;2048;2017
2006;2048;2017
2005;2048;2018
2005;2048;2018
2001;2040;2020
2002;2048;2019
2004;2048;2017
2004;2048;2019
2004;2048;2017
2004;2048;2020
2005;2048;2019
2004;2048;2019
2005;2039;2015
2005;2048;2021
2006;2039;2019
2004;2048;2019
2003;2048;2019
2007;2048;2019
2004;2048;2018
2005;2048;2022
2005;2048;2019
2005;2048;2022
2004;2048;2022
2006;2048;2021
2004;2039;2021
2004;2048;2019
2005;2041;2018
2004;2048;2019
2004;2048;2019
2004;2048;2019
2005;2048;2018
2004;2048;2019
2006;2048;2015
2005;2048;2020
2005;2048;2019
2005;2039;2020
2004;2048;2019
2005;2048;2022
2005;2048;2019
2005;2048;2017
2005;2048;2019
2005;2048;2020
2007;2048;2018
2005;2039;2015
2005;2048;2020
2005;2048;2017
2006;2042;2018
2004;2048;2015
2005;2048;2017
2005;2048;2015
2005;2048;2017
2006;2039;2018
2004;2048;2016
2004;2041;2017
2005;2050;2020
2005;2048;2020
2003;2048;2017
2004;2048;2017
2003;2048;2018
2005;2048;2017
2004;2041;2015
2004;2048;2017
2002;2048;2017
2005;2048;2019
2005;2048;2019
2005;2048;2019
2003;2048;2021
2005;2048;2021
2004;2048;2018
2004;2048;2020
2005;2048;2019
2007;2048;2023
2005;2048;2019
2003;2048;2019
2005;2048;2019
2005;2048;2019
2004;2048;2019
2004;2048;2015
2005;2048;2020
2005;2048;2021
2007;2040;2020
2005;2048;2014
2005;2048;2021
2005;2039;2018
2005;2048;2020
2004;2041;2017
2005;2048;2020
2004;2048;2019
2005;2048;2017
2003;2048;2019
2003;2048;2015
2003;2048;2019
2004;2048;2017
2006;2048;2015
2005;2048;2018
2004;2048;2020
2007;2039;2019
2006;2048;2019
2003;2048;2019
2004;2048;2020
2005;2048;2017
2005;2048;2022
2004;2039;2017
2004;2049;2018
2006;2039;2020
2004;2041;2014
2005;2048;2015
2005;2040;2015
2005;2039;2015
2004;2034;2014
2005;2048;2017
2003;2048;2015
2003;2048;2013
2006;2048;2020
2004;2048;2018
2004;2048;2020
2005;2040;2023
2005;2048;2019
2005;2048;2017
2004;2048;2021
2004;2040;2022
2003;2048;2021
2005;2040;2018
2005;2048;2018
2006;2039;2021
2001;2048;2017
2003;2048;2018
2006;2040;2018
2005;2048;2019
2005;2048;2015
2004;2048;2022
2003;2048;2018
2004;2048;2021
2004;2048;2022
2004;2048;2021
2004;2048;2021
2004;2048;2021
2005;2048;2015
2004;2048;2025
2005;2041;2019
2005;2039;2018
2006;2048;2019
2005;2040;2017
2007;2048;2015
2005;2048;2017
2005;2048;2017
2003;2039;2018
2006;2048;2018
2007;2041;2017
2004;2048;2014
2003;2048;2016
2004;2048;2018
2005;2048;2014
2006;2048;2018
2005;2048;2018
2004;2048;2019
2005;2048;2015
2005;2048;2015
2002;2048;2019
2003;2048;2015
2006;2038;2022
2005;2048;2021
2005;2040;2015
2006;2050;2017
2004;2048;2020
2005;2048;2024
2005;2048;2014
2005;2048;2019
2005;2048;2018
2005;2041;2018
2005;2048;2021
2003;2048;2017
2004;2048;2016
2004;2048;2020
2005;2048;2018
2003;2048;2021
2003;2048;2023
2004;2048;2016
2003;2048;2018
2005;2048;2020
2005;2048;2023
2005;2040;2023
2005;2048;2021
2004;2048;2020
2004;2048;2025
