1513;2048;549
1512;2048;550
1514;2039;547
1512;2041;548
1513;2048;548
1513;2048;549
1514;2041;549
1513;2038;547
1513;2039;548
1513;2039;551
1515;2038;548
1513;2037;547
1511;2048;550
1512;2048;549
1515;2048;550
1513;2048;547
1512;2048;552
1514;2048;547
1513;2048;548
1515;2048;554
1513;2048;549
1513;2048;551
1516;2040;549
1515;2040;548
1513;2048;548
1513;2048;549
1513;2041;550
1519;2039;549
1511;2039;549
1515;2039;547
1511;2039;547
1513;2038;549
1511;2048;548
1513;2048;549
1513;2048;550
1513;2048;548
1513;2039;551
1513;2035;547
1513;2040;547
1512;2048;548
1513;2048;549
1514;2048;550
1514;2048;548
1515;2048;547
1513;2048;547
1513;2048;551
1513;2040;547
1514;2035;548
1511;2039;548
1513;2037;547
1513;2037;545
1514;2039;547
1514;2048;549
1513;2048;547
1513;2041;550
1513;2048;548
1512;2048;549
1512;2048;547
1513;2048;548
1514;2048;547
1512;2048;547
1515;2048;548
1514;2048;547
1514;2038;550
1513;2048;547
1514;2039;550
1514;2039;549
1514;2038;547
1512;2038;547
1515;2037;547
1512;2039;546
1513;2038;548
1515;2048;544
1514;2048;550
1513;2048;545
1514;2048;547
1513;2048;545
1514;2048;547
1514;2048;549
1513;2048;547
1514;2048;547
1514;2048;547
1514;2048;548
1513;2048;547
1514;2039;549
1513;2038;547
1514;2039;548
1514;2036;550
1515;2039;547
1513;2039;547
1513;2040;546
1513;2037;548
1513;2048;547
1513;2037;548
1513;2039;545
1511;2039;546
1512;2048;548
1513;2048;545
1513;2048;548
1513;2048;548
1515;2048;549
1513;2048;547
1513;2048;549
1516;2039;549
1513;2039;547
1514;2039;546
1515;2039;545
1513;2034;547
1513;2037;547
1515;2038;546
1513;2037;547
1513;2039;548
1514;2048;547
1514;2039;547
1513;2048;547
1514;2048;548
1513;2048;549
1513;2048;548
1514;2048;548
1515;2039;547
1514;2048;548
1514;2048;549
1514;2048;551
1514;2039;550
1514;2048;548
1513;2039;547
1515;2048;547
1513;2038;550
1513;2038;549
1513;2039;549
1515;2048;548
1512;2039;550
1514;2039;550
1514;2048;550
1513;2048;549
1514;2048;550
1514;2048;550
1514;2034;548
1515;2041;551
1513;2039;550
1516;2048;549
1512;2040;551
1514;2039;550
1515;2039;548
1514;2039;549
1515;2040;551
1512;2048;551
1514;2039;549
1514;2048;550
1514;2048;551
1515;2035;551
1513;2037;550
1514;2037;550
1515;2037;550
1515;2048;551
1514;2039;551
1514;2048;550
1515;2048;552
1513;2048;551
1514;2048;551
1515;2048;551
1514;2048;551
1514;2048;552
1514;2039;552
1513;2048;552
1515;2048;551
1516;2034;553
1515;2039;554
1516;2039;552
1513;2039;554
1515;2048;551
1514;2039;552
1514;2048;551
1515;2039;552
1514;2048;551
1514;2048;552
1513;2042;553
1513;2048;550
1511;2051;552
1513;2048;553
1513;2048;552
1517;2041;551
1515;2035;552
1512;2048;554
1512;2048;553
1514;2048;552
1514;2048;553
1515;2039;552
1513;2038;552
1515;2038;553
1517;2037;551
1515;2034;553
1515;2048;553
1512;2048;555
1514;2048;551
1514;2048;553
1515;2048;553
1514;2048;551
1512;2048;554
1515;2041;552
1513;2048;552
1514;2040;553
1515;2039;552
1514;2034;555
1515;2048;555
1514;2040;552
1514;2048;553
1513;2039;552
1515;2040;555
1514;2039;553
1515;2048;553
1513;2037;555
1513;2039;553
1515;2039;551
1514;2048;552
1515;2048;554
1514;2048;554
1514;2048;553
1514;2048;554
1515;2048;553
1513;2048;551
1514;2048;552
1511;2048;553
1514;2039;552
1516;2039;555
1514;2048;553
1515;2048;552
1515;2041;556
1514;2039;553
1515;2039;554
1513;2039;554
1514;2039;555
1514;2038;551
1514;2040;552
1515;2039;552
1515;2048;552
1513;2048;554
1513;2048;554
1509;2048;553
1515;2048;554
1516;2040;553
1515;2048;552
1515;2040;553
1513;2042;554
1514;2048;554
1514;2041;550
1514;2041;552
1514;2048;552
1513;2039;552
1514;2048;556
1514;2048;551
1514;2039;555
1513;2040;553
1514;2038;551
1514;2048;551
1514;2048;551
1515;2048;551
1515;2042;553
1513;2048;557
1515;2048;553
1517;2048;554
1517;2048;554
1514;1792;551
1515;2048;552
1513;2048;553
1515;2039;555
1514;2048;551
1516;2040;563
1514;2037;555
1514;2037;556
1515;2038;553
1516;2033;551
1514;2039;551
1515;2048;553
1515;2040;557
1516;2048;550
1514;2048;555
1514;2048;552
1515;2048;554
1515;2039;554
1515;2039;553
1513;2048;553
1515;2048;553
1515;2048;552
1513;2039;554
1514;2048;553
1514;2048;555
1515;2039;554
1515;2039;552
1515;2037;553
1514;2048;554
1514;2037;552
1513;2037;553
1515;2039;552
1515;2036;552
1515;2039;554
1515;2040;555
1515;2048;553
1514;2048;552
1514;2048;555
1512;2034;552
1514;2048;555
1515;2048;553
1515;2036;554
1514;2039;552
1514;2041;555
1514;2048;554
1515;2039;553
1516;2034;551
1516;2041;555
1516;2039;553
1516;2037;555
1515;2048;554
1515;2039;553
1515;2048;555
1515;2048;553
1513;2037;554
1515;2039;552
1514;2048;553
1514;2048;554
1515;2041;553
1515;2048;556
1515;2048;555
1515;2038;553
1514;2048;555
1514;2040;553
1514;2040;554
1515;2041;555
1515;2039;554
1514;2038;552
1515;2040;555
1513;2037;556
1515;2039;553
1514;2048;553
1512;2048;554
1513;2048;553
1514;2048;553
1514;2048;552
1515;2048;553
1515;2038;552
1515;2041;553
1515;2041;553
1514;2040;557
1515;2041;553
1515;2041;553
1515;2023;550
1516;2041;555
1517;2048;554
1514;2038;554
1513;2038;554
1513;2038;552
1515;2038;554
1514;2036;553
1514;2039;553
1515;2039;554
1515;2048;554
1515;2040;554
1513;2037;553
1514;2048;554
1515;2048;554
1513;2039;554
1514;2048;552
1515;2048;554
1515;2048;555
1516;2038;555
1514;2037;555
1517;2041;554
1514;2039;552
1514;2037;553
1514;2039;553
1513;2048;555
1515;2037;554
1514;2039;555
1515;2039;554
1517;2039;553
1512;2048;554
1515;2039;549
1513;2039;553
1515;2048;555
1514;2039;555
1516;2038;554
1513;2041;555
1515;2048;556
1515;2048;555
1514;2040;555
1513;2048;554
1513;2040;556
1514;2040;554
1515;2035;555
1515;2041;551
1514;2038;554
1515;2033;553
1516;2039;555
1514;2048;555
1516;2040;553
1513;2048;555
1513;2048;557
1515;2039;555
1514;2040;557
1514;2048;555
1514;2048;554
1515;2039;556
1515;2048;556
1515;2048;556
1515;2041;554
1514;2048;556
1514;2039;555
1515;2048;556
1511;2039;555
1516;2038;554
1513;2041;554
1515;2039;555
1514;2036;556
1515;2040;555
1515;2036;555
1514;2041;555
1515;2039;557
1515;2040;556
1515;2048;558
1515;2048;555
1515;2048;555
1513;2048;555
1512;2048;555
1515;2048;554
1514;2036;558
1513;2041;552
1514;2048;554
1513;2048;556
1513;2038;555
1512;2039;557
1515;2031;555
1513;2040;555
1513;2039;557
1514;2037;557
1516;3201;399
1523;2264;507
1524;2096;558
1528;2111;577
1528;2088;592
1529;2067;605
1529;2048;619
1529;2039;625
1530;2038;631
1530;2036;631
1528;2041;636
1530;2048;640
1528;2041;640
1529;2052;640
1529;2052;643
1530;2048;647
1529;2051;645
1527;2048;647
1526;2048;647
1529;2048;647
1529;2057;647
1526;2053;648
1527;2050;648
1527;2050;651
1527;2051;651
1527;2054;650
1527;2189;617
1526;2083;643
1528;2059;649
1527;2053;648
1526;2052;652
1527;2053;654
1522;2053;653
1528;2051;652
1528;2049;652
1528;2052;651
1526;2051;654
1526;2049;667
1527;2052;651
1526;2052;651
1524;2057;647
1524;2052;649
1525;2055;651
1526;2053;648
1527;2060;649
1526;2055;650
1526;2055;649
1524;2056;648
1528;2058;647
1525;2055;648
1526;2058;647
1529;2055;646
1524;2050;644
1523;2061;645
1526;2056;645
1526;2055;644
1526;2055;645
1524;2054;643
1524;2053;645
1524;2059;646
1526;2058;644
1525;2055;642
1523;2058;642
1524;2057;642
1523;2061;643
1523;2065;643
1523;2057;641
1524;2059;642
1525;2061;641
1525;2055;642
1526;2063;640
1525;2054;642
1523;2058;641
1524;2059;643
1524;2053;642
1525;2052;640
1524;2056;641
1522;2057;640
1523;2056;640
1524;2058;640
1525;2057;638
1523;2059;639
1525;2068;638
1523;2061;640
1525;2061;640
1525;2060;640
1525;2057;640
1523;2059;639
1526;2057;637
1523;2057;638
1524;2058;641
1522;2073;636
1525;2060;640
1523;2059;640
1523;2056;642
1523;2052;642
1523;2059;641
1525;2055;640
1524;2055;641
1523;2059;640
1526;2056;637
1522;2058;638
1524;2060;638
1523;2056;640
1523;2062;639
1523;2058;640
1523;2059;642
1525;2058;638
1522;2067;637
1524;2060;638
1524;2059;641
1523;2056;640
1522;2058;637
1523;2055;637
1523;2059;641
1523;2056;638
1522;2053;638
1523;2053;639
1523;2051;637
1524;2055;640
1523;2057;639
1521;2057;638
1523;2055;636
1522;2061;639
1521;2059;635
1523;2061;640
1523;2063;640
1523;2051;629
1521;2063;638
1523;2059;636
1523;2059;637
1520;2082;646
1523;2061;635
1522;2055;635
1522;2057;638
1520;2053;637
1524;2055;637
1522;2057;637
1521;2055;636
1522;2057;637
1522;2055;637
1523;2058;637
1521;2057;637
1521;2062;637
1522;2061;638
1522;2057;638
1521;2048;626
1523;2061;636
1522;2060;636
1522;2061;643
1523;2059;637
1523;2053;637
1519;2060;637
1523;2058;639
1522;2053;637
1521;2057;638
1523;2061;636
1521;2052;636
1521;2053;635
1521;2059;639
1521;2065;640
1523;2061;638
1523;2061;637
1518;2053;638
1522;2058;637
1521;2062;635
1522;2035;629
1519;2074;638
1522;2062;635
1523;2057;635
1521;2055;637
1522;2058;636
1523;2062;638
1520;2056;638
1522;2060;638
1521;2049;640
1519;2056;638
1523;2057;640
1522;2058;638
1521;2037;635
1521;2062;636
1523;2037;630
1521;2066;635
1521;2055;636
1521;2057;637
1521;2061;637
1522;2056;636
1522;2059;638
1522;2057;634
1520;2061;637
1520;2061;638
1520;2052;638
1521;2056;638
1522;2057;635
1522;2059;634
1519;2055;635
1521;2055;636
1521;2056;635
1521;2058;637
1521;2059;638
1519;2053;636
1522;2058;636
1520;2057;637
1521;2054;637
1519;2054;636
1522;2061;636
1521;2057;638
1521;2061;635
1520;2056;635
1521;2055;636
1519;2057;638
1521;2057;636
1519;2060;641
1519;2055;635
1519;2056;636
1522;2051;635
1521;2055;635
1521;2054;635
1523;2053;637
1518;2053;636
1521;2056;634
1519;2054;634
1520;2059;637
1521;2058;634
1520;2053;641
1519;2058;637
1519;2061;637
1519;2053;635
1520;2057;635
1518;2058;637
1521;2057;632
1521;2055;634
1519;2054;635
1519;2055;635
1519;2058;635
1521;2049;635
1519;2054;636
1520;2051;639
1521;2054;635
1521;2056;637
1519;2055;644
1519;2058;639
1519;2055;639
1520;2056;639
1522;2053;636
1519;2061;639
1520;2059;634
1520;2058;636
1519;2056;632
1519;2054;637
1520;2057;638
1521;2058;638
1520;2056;637
1519;2055;639
1522;2052;638
1519;2028;626
1519;2060;638
1521;2055;638
1521;2055;638
1519;2055;638
1519;2050;636
1519;2058;636
1519;2056;636
1519;2056;636
1519;2053;637
1521;2059;636
1521;2055;637
1519;2055;638
1519;2056;636
1519;2052;638
1519;2052;635
1519;2052;637
1519;2054;639
1521;2057;637
1519;2059;635
1521;2051;636
1521;2053;637
1519;2051;638
1519;2055;635
1519;2051;636
1518;2053;638
1519;2051;634
1519;2053;636
1519;2058;637
1520;2057;636
1517;2059;637
1519;2055;638
1518;2057;639
1519;2057;638
1519;2055;639
1519;2054;638
1518;2056;638
1520;2055;637
1521;2056;638
1519;2055;635
1519;2051;639
1519;2053;638
1521;2048;637
1519;2055;637
1521;2057;634
1517;2052;635
1518;2054;638
1519;2060;639
1519;2053;637
1519;2054;636
1519;2057;636
1519;2054;637
1519;2058;636
1519;2055;636
1519;2051;637
1519;2055;637
1517;2053;636
1519;2049;636
1519;2050;635
1519;2053;634
1519;2049;638
1520;2051;633
1519;2049;637
1516;2053;638
1519;2051;639
1519;2050;637
1519;2053;637
1519;2056;637
1517;2056;635
1518;2050;636
1519;2063;638
1521;2057;637
1519;2055;635
1520;2056;637
1519;2051;636
1519;2055;636
1511;2056;636
1517;2051;637
1519;2050;635
1519;2049;635
1519;2051;636
1518;2051;635
1519;2055;640
1518;2050;635
1519;2051;637
1517;2053;637
1518;2053;630
1518;2053;636
1518;2054;638
1519;2053;636
1519;2065;638
1519;2055;637
1519;2059;639
1518;2053;639
1519;2053;637
1518;2053;637
1518;2057;637
1518;2051;640
1517;2051;639
1519;2056;636
1519;2052;639
1517;2053;638
1518;2049;638
1519;2053;636
1518;2052;637
1519;2051;635
1519;2053;637
1520;2058;635
1520;2051;634
1517;2055;637
1519;2052;640
1518;2054;637
1519;2054;637
1518;2055;636
1519;2055;640
1518;2049;637
1518;2054;635
1517;2053;635
1518;2049;637
1517;2054;638
1519;2048;637
1519;2051;639
1519;2048;639
1517;2052;636
1519;2053;639
1517;2049;638
1517;2053;639
1519;2050;640
1518;2058;638
1519;2054;638
1517;2056;639
1518;2052;635
1517;2057;638
1518;2055;637
1517;2051;637
1517;2054;637
1519;2050;637
1517;2049;637
1519;2051;639
1519;2049;636
1517;2050;637
1519;2051;635
1517;2048;639
1518;2050;639
1518;2056;637
1517;2049;635
1518;2054;636
1517;2053;637
1518;2058;636
1517;2054;636
1518;2056;638
1517;2054;637
1519;2055;636
1518;2048;640
1520;2049;635
1519;2051;638
1517;2053;638
1517;2048;644
1517;2048;634
1518;2050;636
1515;2050;638
1518;2053;638
1517;2053;637
1517;2068;652
1518;2053;636
1517;2048;638
1518;2049;637
1515;2053;637
1518;2056;635
1518;2054;636
1518;2059;635
1517;2053;636
1517;2054;636
1517;2051;636
1517;2051;636
1518;2029;628
1518;2053;635
1519;2052;635
1517;2053;634
1518;2053;634
1518;2048;634
1516;2049;633
1517;2049;635
1506;2069;642
1518;2051;633
1519;2051;634
1517;2048;634
1519;2054;635
1518;2041;623
1516;2050;635
1517;2058;635
1519;2074;637
1519;2053;635
1519;2051;635
1519;2048;638
1517;2049;637
1521;2055;636
1519;2055;636
1515;2053;637
1514;2049;639
1517;2051;638
1517;2048;634
1517;2048;638
1516;2049;638
1518;2049;636
1517;2051;639
1517;2048;640
1517;2059;639
1517;2055;637
1517;2054;638
1519;2051;638
1518;2056;639
1518;2051;637
1517;2051;637
1516;2053;638
1514;2055;640
1519;2052;638
1518;2048;638
1516;2053;638
1516;2048;638
1516;2049;639
1517;2051;638
1517;2048;639
1518;2050;639
1516;2053;639
1518;2049;639
1517;2053;639
1517;2053;637
1516;2054;640
1518;2051;638
1516;2049;639
1515;2055;638
1516;2048;637
1518;2054;640
1518;2048;637
1517;2048;637
1518;2053;652
1516;2051;634
1519;2051;640
1518;2048;640
1519;2049;639
1517;2049;640
1516;2048;637
1516;2054;641
1519;2053;638
1518;2050;638
1517;2053;638
1517;2053;639
1516;2052;638
1517;2051;637
1518;2054;637
1518;2055;642
1515;2052;638
1516;2054;640
1517;2051;639
1517;2052;639
1516;2048;639
1517;2051;640
1517;2055;640
1515;2051;641
1517;2048;638
1518;2049;639
1518;2049;640
1515;2048;639
1519;2056;639
1515;2049;638
1517;2050;640
1517;2057;637
1515;2051;638
1517;2050;639
1518;2048;637
1515;2052;638
1519;2051;638
1517;2053;637
1517;2049;636
1517;2051;637
1515;2070;646
1519;2062;646
1518;2056;633
1516;2048;637
1517;2048;636
1516;2049;638
1518;2048;638
1516;2049;641
1518;2050;637
1517;2048;638
1515;2054;638
1518;2054;638
1515;2054;637
1515;2056;639
1516;2049;639
1517;2049;637
1517;2053;636
1517;2053;637
1519;2049;639
1517;2049;638
1517;2053;638
1517;2051;641
1515;2048;639
1518;2058;638
1516;2050;641
1519;2050;637
1517;2048;635
1517;2050;638
1531;2052;639
1517;2052;638
1516;2052;639
1517;2050;639
1517;2050;632
1516;2055;636
1517;2053;640
1516;2053;637
1518;2050;639
1516;2050;639
1516;2051;638
1517;2048;640
1516;2048;640
1516;2050;637
1517;2050;637
1517;2050;639
1517;2049;640
1517;2049;641
1518;2048;640
1517;2049;641
1518;2051;639
1516;2050;639
1517;2051;639
1517;2055;640
1517;2052;640
1518;2033;637
1516;2054;640
1516;2054;639
1516;2053;640
1515;2053;638
1518;2051;638
1517;2049;639
1517;2048;635
1515;2049;636
1515;2049;638
1517;2048;639
1516;2051;640
1517;2050;638
1516;2049;638
1515;2048;638
1516;2048;637
1516;2051;635
1517;2049;639
1515;2051;635
1515;2053;637
1514;2067;640
1516;2048;635
1517;2048;637
1518;2050;637
1516;2048;638
1515;2051;638
1517;2049;640
1517;2051;636
1515;2049;639
1515;2048;639
1518;2048;641
1515;2049;636
1515;2048;638
1517;2048;635
1515;2048;637
