1998;2033;2002
1999;2030;2003
1998;2031;2004
1999;2030;2005
1996;2029;2006
1997;2038;2008
1995;2035;2008
1996;2036;2009
1997;2034;2009
1996;2035;2008
1995;2035;2009
1996;2039;2007
1994;2035;2010
1997;2035;2010
1997;2037;2008
1995;2036;2009
1994;2039;2009
1995;2034;2009
1995;2033;2009
1994;2039;2009
1995;2038;2011
1996;2039;2007
1995;2038;2011
1997;2037;2007
1995;2038;2009
1995;2038;2010
1995;2039;2007
1996;2048;2010
1996;2037;2006
1995;2039;2010
1994;2041;2009
1995;2038;2010
1994;2037;2010
1996;2039;2014
1997;2040;2011
1995;2037;2009
1995;2037;2007
1995;2036;2010
1994;2039;2013
1994;2036;2007
1995;2035;2010
1993;2038;2009
1995;2039;2009
1995;2038;2010
1994;2037;2008
1994;2040;2011
1995;2039;2011
1994;2038;2008
1994;2036;2009
1997;2036;2011
1994;2039;2007
1994;2040;2010
1994;2039;2009
1994;2039;2010
1993;2038;2008
1999;2036;2006
1994;2039;2009
1994;2034;2011
1995;2037;2011
1993;2048;2008
1994;2048;2009
1994;2038;2008
1993;2039;2007
1994;2037;2006
1993;2041;2008
1994;2039;2011
1994;2040;2008
1996;2039;2008
1995;2040;2011
1995;2037;2010
1996;2038;2013
1996;2037;2011
1995;2039;2011
1995;2038;2009
1995;2037;2009
1995;2039;2010
1995;2039;2011
1994;2038;2010
1995;2038;2009
1993;2039;2009
1996;2037;2006
1996;2039;2007
1995;2035;2007
1994;2041;2007
1994;2039;2011
1994;2040;2011
1995;2037;2010
1995;2048;2010
1994;2039;2007
1995;2039;2009
1995;2039;2010
1995;2038;2011
1995;2037;2011
1993;2037;2009
1995;2037;2009
1995;2033;1997
1993;2036;2009
1994;2036;2010
1995;2037;2010
1991;2040;2004
1994;2040;2011
1995;2038;2006
1993;2039;2006
1995;2037;2007
1995;2039;2011
1993;2048;2006
1995;2037;2009
1987;2039;2007
1995;2039;2007
1995;2041;2009
1995;2038;2010
1994;2040;2007
1994;2039;2010
1995;2039;2013
1994;2037;2012
1995;2041;2011
1994;2038;2013
1994;2038;2010
1993;2037;2010
1995;2036;2006
1996;2037;2006
1995;2036;2008
1995;2037;2009
1995;2101;2000
1993;2061;2018
1996;2053;2020
1997;2054;2020
1995;2054;2015
1996;2051;2016
1996;2048;2015
1997;2051;2017
1996;2050;2015
1997;2050;2015
1998;2051;2016
1997;2048;2015
1997;2048;2013
1999;2048;2015
1999;2048;2014
2001;2048;2016
1998;2050;2014
2000;2048;2015
1999;2048;2014
1999;2048;2015
1998;2048;2015
1999;2048;2013
1999;2048;2014
2001;2049;2013
1999;2048;2015
1999;2048;2015
1999;2048;2015
1999;2048;2018
1999;2048;2015
1999;2048;2013
2001;2048;2016
1999;2039;2015
1999;2048;2012
2001;2041;2013
2001;2041;2015
2003;2048;2011
1999;2048;2014
2001;2048;2011
1999;2048;2015
1999;2048;2014
1999;2048;2017
1999;2048;2013
2001;2048;2015
1999;2048;2013
1999;2048;2013
1999;2048;2015
1999;2048;2015
2002;2048;2015
1999;2048;2013
2000;2048;2012
1998;2048;2013
1999;2048;2015
2001;2048;2018
1999;2048;2018
2001;2048;2015
2000;2048;2011
2000;2048;2015
2001;2048;2015
2002;2039;2013
2001;2048;2011
1999;2048;2011
1999;2048;2013
2001;2048;2013
1999;2048;2011
1999;2048;2017
1999;2048;2015
2001;2048;2015
1999;2048;2017
2001;2048;2015
1999;2048;2016
1999;2048;2014
1999;2048;2014
2001;2048;2015
2004;2048;2014
2000;2048;2015
1999;2048;2014
1999;2048;2013
1999;2048;2017
2000;2048;2013
2001;2048;2015
2002;2048;2013
1996;2048;2014
2001;2048;2017
1999;2048;2014
1999;2048;2016
2001;2048;2015
1999;2048;2013
1999;2048;2015
2001;2048;2014
2001;2048;2014
1999;2048;2024
2000;2048;2016
1999;2048;2015
1999;2048;2013
1999;2048;2015
1999;2048;2013
1999;2048;2015
1999;2048;2016
2000;2048;2013
2000;2048;2017
2002;2048;2017
2001;2048;2013
2001;2048;2017
2001;2048;2014
2001;2048;2018
1999;2048;2017
2002;2048;2016
1999;2048;2007
2000;2048;2015
1999;2048;2016
1999;2048;2018
2001;2048;2017
2001;2048;2017
1999;2048;2013
2001;2048;2013
2001;2048;2015
1999;2048;2014
1999;2048;2015
2001;2048;2017
2001;2048;2015
1999;2048;2015
1999;2048;2017
1999;2048;2013
1999;2048;2015
1999;2051;2015
1999;2048;2014
1999;2051;2019
2001;2048;2014
2001;2048;2015
1999;2048;2015
1999;2048;2016
1999;2048;2016
2001;2048;2014
2000;2048;2018
2001;2048;2015
1999;2048;2017
2001;2048;2015
1998;2053;2015
1999;2048;2013
1999;2048;2015
1999;2048;2011
2001;2048;2011
1999;2048;2017
1999;2048;2015
1999;2048;2016
2000;2048;2019
2000;2048;2017
2001;2049;2015
1999;2048;2012
2000;2048;2013
1998;2048;2016
1999;2048;2013
2001;2041;2014
2001;2048;2012
2002;2048;2015
1999;2048;2014
1995;2048;2016
1999;2041;2013
1999;2048;2012
2001;2048;2014
2001;2048;2015
2000;2042;2013
1999;2048;2011
1999;2048;2018
2001;2048;2011
2000;2048;2016
2000;2048;2011
2001;2048;2015
1999;2048;2013
2001;2048;2018
2001;2048;2013
2003;2048;2015
1999;2048;2015
1999;2048;2014
2001;2048;2018
1999;2048;2012
2001;2041;2015
2001;2048;2014
2003;2048;2013
1999;2041;2015
1999;2037;2015
1995;2040;2018
1999;2048;2017
2000;2048;2015
2000;2048;2013
1999;2048;2015
2001;2048;2014
2002;2048;2015
2000;2048;2015
2000;2048;2014
2001;2048;2020
2001;2048;2013
2001;2048;2016
1999;2039;2015
1999;2048;2015
2000;2048;2015
2000;2048;2015
2001;2048;2013
2000;2034;2012
2000;2048;2017
1999;2048;2014
2000;2048;2016
2000;2048;2014
1999;2048;2015
1999;2048;2013
1999;2048;2013
2000;2048;2017
2000;2048;2015
1999;2048;2013
1998;2048;2015
1999;2048;2014
1999;2048;2014
2001;2048;2016
2000;2048;2015
1999;2048;2015
2001;2048;2016
1999;2048;2013
1999;2048;2015
1999;2040;2014
2001;2048;2015
2000;2048;2015
1999;2041;2015
1999;2048;2015
2001;2040;2014
1999;2048;2015
1999;2048;2018
2001;2048;2015
1999;2048;2013
2000;2051;2015
2001;2048;2017
2000;2049;2015
1999;2048;2015
1999;2048;2014
1999;2048;2015
2000;2048;2015
2001;2040;2013
2003;2048;2015
2004;2048;2015
2001;2048;2015
2001;2048;2012
2002;2048;2017
1999;2048;2016
2000;2041;2015
1999;2048;2018
1999;2048;2017
2002;2048;2014
2001;2048;2015
1999;2048;2013
2001;2048;2014
2000;2048;2015
2000;2048;2015
1999;2048;2015
2001;2049;2014
1999;2048;2015
1999;2048;2010
1999;2038;2014
2000;2048;2012
2000;2048;2014
1999;2038;2014
1999;2048;2015
2000;2048;2015
1998;2048;2014
1999;2048;2017
1999;2048;2014
2001;2048;2017
1999;2048;2013
1999;2049;2015
2000;2048;2013
1999;2048;2013
1999;2048;2017
2000;2048;2010
1999;2048;2015
2003;2048;2015
2000;2048;2015
2001;2048;2019
1999;2048;2016
1999;2048;2017
1999;2048;2015
1999;2048;2016
2000;2048;2013
2000;2048;2015
1999;2048;2013
2001;2048;2015
1999;2048;2015
1999;2048;2015
2001;2048;2015
1999;2048;2018
1999;2048;2018
1999;2048;2016
2000;2048;2014
1998;2048;2017
1999;2048;2018
1999;2048;2014
2003;2048;2015
1999;2048;2013
2001;2040;2018
2001;2048;2014
1998;2048;2015
2000;2041;2017
1999;2048;2016
1999;2048;2016
1999;2048;2019
1999;2048;2015
1999;2048;2017
2001;2048;2011
1999;2041;2018
1999;2048;2013
1999;2048;2013
1998;2048;2017
1999;2048;2017
2001;2048;2014
2001;2037;2019
1999;2048;2014
1999;2048;2014
1999;2048;2014
2000;2041;2012
1999;2048;2012
2001;2048;2016
1999;2040;2015
2000;2039;2015
1999;2048;2014
2000;2048;2014
2001;2041;2015
1998;2048;2015
2001;2048;2018
1999;2048;2014
1999;2048;2013
1999;2048;2014
2001;2048;2015
2001;2048;2015
2001;2048;2015
2000;2048;2017
1999;2048;2017
2000;2048;2015
2001;2048;2015
2000;2040;2017
1999;2048;2015
2002;2048;2015
2000;2048;2017
2001;2048;2017
1999;2048;2013
1999;2048;2017
2001;2048;2013
1999;2048;2015
2000;2048;2014
2000;2048;2014
2001;2048;2014
1999;2048;2015
1999;2048;2014
2002;2048;2015
2001;2048;2015
1999;2048;2018
1998;2048;2017
2000;2048;2017
2001;2048;2016
1999;2033;2015
1999;2048;2014
1999;2048;2013
1999;2048;2013
2001;2048;2015
2000;2048;2013
2001;2048;2017
1999;2048;2015
1999;2048;2017
1999;2048;2013
1999;2048;2015
1999;2048;2015
2000;2048;2012
2001;2048;2013
2001;2048;2014
2001;2048;2017
2001;2039;2016
1999;2048;2016
2000;2040;2015
2001;2048;2015
2000;2048;2017
2001;2048;2014
1999;2048;2014
1999;2048;2013
1999;2048;2013
2001;2048;2013
1999;2048;2015
2001;2048;2015
2001;2048;2017
1999;2048;2019
1999;2048;2015
2001;2048;2013
1999;2048;2017
2002;2048;2018
1999;2048;2015
1999;2048;2019
2002;2048;2015
2002;2048;2018
1999;2048;2013
1999;2048;2013
2001;2041;2013
2000;2048;2017
1999;2049;2015
2001;2048;2015
1999;2048;2015
2001;2048;2013
1999;2048;2012
1999;2048;2015
1998;2048;2012
2001;2048;2013
1999;2048;2012
1999;2048;2018
2000;2048;2015
1999;2049;2015
2001;2048;2018
2002;2048;2015
1999;2048;2016
1999;2048;2017
2000;2048;2016
2000;2039;2014
1999;2041;2017
2000;2048;2015
2002;2048;2012
1998;2048;2013
2001;2048;2013
2001;2048;2015
1998;2048;2017
2003;2048;2013
2001;2051;2015
2000;2048;2014
1999;2048;2015
2001;2048;2015
1999;2048;2018
2001;2048;2016
2002;2048;2015
2000;2048;2015
1999;2041;2015
2001;2048;2017
2007;2048;2015
2001;2048;2015
2001;2041;2014
1999;2048;2017
1999;2048;2015
1999;2048;2015
2002;2048;2014
1999;2048;2017
2000;2048;2017
1999;2048;2009
1999;2048;2013
2002;2040;2014
2001;2048;2016
2001;2048;2015
2001;2048;2019
2000;2048;2013
2001;2039;2012
1997;2048;2018
1999;2048;2015
1999;2048;2014
2000;2048;2018
2001;2048;2015
2001;2041;2015
2001;2041;2015
2001;2048;2015
2002;2048;2015
2002;2048;2017
2001;2048;2015
2001;2048;2015
2000;2048;2015
1999;2048;2017
2001;2048;2017
2001;2048;2017
1999;2048;2015
2000;2048;2015
1999;2048;2013
2001;2048;2013
2001;2048;2014
1999;2048;2017
2001;2048;2016
1999;2048;2017
1998;2037;2017
2002;2048;2018
2001;2048;2017
2001;2039;2013
2001;2048;2017
2001;2037;2015
2001;2048;2014
2000;2048;2013
2000;2048;2013
1999;2048;2013
2002;2048;2015
2001;2048;2015
2001;2048;2015
1999;2048;2017
2001;2048;2016
1999;2048;2017
1999;2048;2019
1999;2049;2017
1999;2048;2015
2000;2048;2014
2001;2040;2017
2000;2039;2015
2002;2048;2017
2002;2048;2015
2001;2048;2013
1998;2048;2014
2002;2048;2015
1999;2048;2017
1999;2048;2016
1998;2041;2014
2001;2048;2016
2000;2048;2013
1999;2048;2013
1999;2048;2013
1999;2048;2017
2002;2048;2015
1999;2048;2015
2001;2048;2015
2003;2048;2017
1998;2041;2016
2001;2048;2013
2002;2041;2014
2001;2048;2015
1999;2048;2016
2001;2048;2014
2000;2048;2013
2002;2041;2015
2001;2040;2015
2002;2039;2014
2001;2048;2017
2001;2048;2015
2001;2036;2015
2001;2048;2014
2000;2048;2014
1999;2048;2016
2000;2048;2015
2001;2048;2014
2002;2048;2013
2000;2048;2012
2000;2041;2017
2002;2048;2015
2001;2048;2015
2001;2048;2015
2001;2039;2015
2000;2048;2015
1999;2048;2014
2001;2039;2016
2001;2048;2015
2001;2048;2017
2000;2048;2015
1999;2048;2015
2001;2048;2016
2000;2048;2014
2002;2048;2014
2002;2041;2015
2001;2048;2017
2001;2048;2015
2000;2048;2016
2000;2048;2018
1999;2041;2015
2002;2048;2013
1999;2048;2014
2002;2038;2014
2001;2037;2013
2002;2048;2014
1999;2048;2015
2001;2040;2016
1999;2048;2015
2001;2048;2016
2001;2048;2011
2001;2048;2013
1999;2048;2014
2001;2048;2013
2001;2048;2015
2002;2048;2013
1998;2048;2015
2001;2048;2015
2001;2042;2015
2001;2048;2015
1999;2048;2013
2001;2048;2018
2000;2048;2015
2000;2048;2025
2002;2042;2018
1999;2048;2013
1999;2048;2016
2001;2048;2015
1999;2048;2015
2002;2038;2013
1999;2048;2017
2000;2048;2015
2001;2048;2014
2001;2048;2013
2001;2048;2016
1999;2048;2013
2001;2048;2016
1999;2048;2018
1999;2048;2017
2002;2048;2014
2001;2048;2014
2000;2048;2015
2000;2048;2015
2002;2048;2014
2002;2041;2013
1999;2048;2015
2001;2039;2015
2001;2048;2014
2000;2048;2015
1999;2048;2015
2001;2033;2015
2003;2040;2017
1999;2048;2017
2002;2048;2015
2001;2048;2018
1999;2036;2010
1999;2048;2014
1999;2048;2013
2002;2048;2016
2001;2048;2013
2001;2048;2015
2003;2048;2014
2003;2048;2015
2001;2039;2014
2002;2037;2014
2001;2048;2015
2001;2041;2011
2001;2048;2014
2001;2048;2014
2001;2041;2017
1999;2048;2015
2002;2048;2014
2001;2048;2014
2000;2048;2013
2001;2049;2015
2002;2048;2017
2002;2048;2021
2002;2048;2018
2001;2048;2014
2001;2048;2015
2001;2048;2012
2001;2048;2017
2001;2048;2014
1999;2048;2017
2001;2039;2017
1999;2041;2017
1999;2048;2015
1999;2048;2013
1999;2038;2014
1998;2048;2015
2001;2048;2015
2002;2048;2015
2003;2048;2014
2001;2048;2017
2009;2048;2014
2002;2048;2015
2001;2048;2014
2000;2048;2015
2002;2048;2018
2001;2048;2013
1998;2048;2015
1999;2039;2013
1999;2048;2014
1999;2037;2017
2001;2048;2015
1999;2048;2015
2001;2048;2014
2001;2048;2008
2002;2048;2014
2007;2040;2015
2001;2048;2017
2001;2048;2017
2000;2048;2014
2002;2048;2013
2001;2048;2012
2002;2048;2014
2004;2048;2014
2002;2048;2017
1999;2048;2015
2002;2048;2020
2001;2048;2015
1999;2039;2017
2000;2048;2017
1999;2039;2015
2002;2048;2015
2001;2038;2016
2002;2048;2015
2002;2048;2015
2001;2048;2017
1999;2048;2015
2000;2048;2015
1999;2048;2018
2002;2048;2017
2001;2048;2015
1999;2048;2015
2003;2041;2015
2001;2048;2015
2001;2048;2014
2001;2048;2016
2001;2048;2016
2002;2048;2018
2001;2039;2015
1999;2048;2018
1999;2039;2011
2001;2048;2014
2001;2048;2015
2002;2048;2014
2000;2048;2014
2000;2041;2017
2002;2048;2014
2000;2048;2015
2001;2048;2015
2002;2048;2015
2001;2048;2015
2002;2048;2016
2001;2048;2023
2000;2048;2016
2000;2048;2019
2001;2048;2014
2002;2048;2015
2003;2048;2017
1999;2041;2013
2001;2048;2013
2002;2040;2017
2001;2048;2013
2001;2048;2016
2002;2048;2014
2001;2048;2017
2001;2036;2015
2001;2049;2015
2002;2048;2014
1999;2048;2013
2002;2048;2017
2001;2048;2011
1999;2048;2013
2000;2048;2013
2002;2048;2015
2000;2048;2015
2001;2048;2015
2001;2041;2017
2003;2048;2015
2001;2039;2017
2001;2039;2015
2002;2048;2015
2001;2048;2013
2002;2039;2013
2001;2048;2013
2001;2048;2014
1999;2048;2014
2001;2039;2015
1999;2031;2015
2001;2048;2014
1999;2048;2013
2001;2048;2017
2001;2048;2015
2002;2048;2017
2001;2048;2018
2000;2048;2018
2001;2048;2015
2003;2041;2015
2002;2048;2013
2003;2041;2017
2000;2038;2016
2001;2041;2018
2002;2048;2019
2002;2048;2015
2001;2039;2013
2002;2048;2017
2002;2048;2014
2002;2048;2016
2001;2048;2015
2003;2048;2015
1999;2048;2015
2001;2048;2015
2002;2048;2015
2002;2039;2015
2001;2048;2014
2002;2048;2015
2001;2048;2016
2003;2048;2017
2002;2048;2017
1999;2048;2016
2001;2048;2021
2003;2039;2031
2001;2048;2016
2001;2048;2014
2001;2048;2015
2001;2048;2019
2003;2048;2015
2001;2037;2015
2005;2048;2017
2002;2048;2018
1999;2048;2015
2001;2048;2014
2001;2048;2017
2000;2048;2015
2001;2048;2015
2001;2048;2016
2002;2048;2017
2001;2048;2015
2001;2048;2015
2001;2048;2018
2001;2041;2013
2003;2039;2015
2001;2048;2017
2001;2048;2017
2000;2048;2015
1999;2048;2012
2000;2041;2014
2002;2048;2017
2001;2048;2017
2002;2048;2014
1999;2048;2019
2001;2048;2017
2004;2048;2015
2001;2048;2018
2002;2048;2017
2001;2048;2005
2001;2048;2015
2000;2048;2016
2000;2038;2015
2002;2048;2013
2001;2048;2013
2001;2048;2015
2001;2048;2015
2000;2048;2014
2003;2048;2017
2001;2038;2012
2001;2042;2015
2002;2048;2017
2000;2048;2014
2001;2048;2015
2002;2048;2015
2001;2048;2015
2002;2048;2016
2001;2048;2019
1997;2040;2017
2002;2048;2016
1998;2048;2015
2000;2048;2011
2002;2048;2018
2000;2048;2016
2001;2048;2015
1999;2048;2015
2001;2039;2015
2003;2048;2015
1999;2039;2012
2000;2048;2015
1999;2048;2017
2000;2048;2015
2001;2048;2013
2004;2041;2014
2001;2048;2015
2002;2048;2016
2001;2048;2013
2001;2048;2019
2001;2048;2016
2003;2048;2017
2002;2048;2019
2001;2048;2017
2002;2048;2017
2001;2048;2015
2003;2048;2017
2002;2048;2015
2003;2040;2015
2002;2039;2015
2004;2048;2015
2001;2048;2018
1999;2048;2017
2002;2048;2016
2002;2048;2017
2001;2048;2016
1999;2048;2014
2002;2048;2017
2002;2048;2016
2007;2048;2013
2001;2039;2015
1999;2048;2016
2003;2040;2015
2002;2048;2013
1999;2048;2017
2002;2048;2013
2002;2048;2014
2001;2048;2014
2001;2048;2017
2000;2048;2013
2003;2039;2018
1999;2048;2017
2001;2048;2015
2003;2048;2013
2001;2048;2015
2001;2048;2015
2002;2048;2015
2000;2048;2011
2001;2041;2015
2001;2048;2013
2002;2048;2015
2001;2048;2013
2001;2048;2015
1999;2043;2015
2002;2048;2013
2001;2048;2014
2001;2048;2012
2002;2048;2013
2002;2048;2013
2002;2039;2013
2001;2048;2014
2001;2048;2015
2002;2048;2013
2002;2048;2014
2002;2048;2014
2000;2048;2016
2002;2048;2008
2001;2048;2015
2001;2048;2014
2000;2049;2013
2001;2039;2012
2002;2048;2011
2002;2048;2015
2002;2048;2015
2001;2048;2015
2002;2048;2016
2001;2048;2016
2000;2048;2015
2002;2048;2016
2002;2039;2010
2001;2038;2015
2001;2041;2015
1999;2048;2013
2000;2048;2011
2002;2048;2014
2001;2048;2015
2002;2048;2015
2001;2048;2015
2001;2048;2015
2001;2041;2017
2001;2048;2015
2001;2048;2017
2001;2048;2015
2000;2048;2018
2005;2048;2015
2002;2048;2015
2002;2048;2016
2001;2039;2014
2003;2038;2014
2002;2048;2012
2001;2048;2015
2001;2041;2013
2002;2048;2013
2001;2048;2014
2003;2038;2014
2002;2048;2015
2001;2048;2015
2002;2048;2015
2001;2048;2016
2002;2039;2009
2002;2048;2014
2002;2048;2018
1999;2048;2014
2002;2041;2013
2001;2048;2013
2002;2040;2016
2001;2048;2013
2000;2048;2013
2003;2048;2013
2003;2048;2012
2001;2048;2016
2002;2040;2015
2002;2042;2015
2002;2048;2015
2001;2048;2014
2001;2048;2014
2002;2048;2011
2002;2048;2013
2001;2041;2015
2003;2048;2015
2003;2048;2012
2001;2048;2015
2003;2048;2012
2001;2048;2013
2001;2048;2014
2003;2048;2015
2003;2048;2013
2002;2048;2011
2002;2039;2013
2002;2048;2015
2002;2037;2015
2002;2048;2013
2003;2048;2014
2001;2041;2015
2003;2048;2015
2000;2048;2014
2002;2039;2015
2001;2048;2013
1999;2051;2014
2001;2048;2015
2002;2048;2017
2001;2048;2015
2003;2041;2019
2002;2048;2014
2001;2048;2014
2002;2048;2016
2000;2048;2019
2001;2048;2015
2002;2048;2014
2002;2039;2015
2002;2048;2012
2001;2048;2012
1997;2038;2013
1999;2048;2013
2002;2048;2019
1999;2048;2015
2002;2049;2016
2001;2048;2019
2003;2048;2017
2000;2048;2014
2003;2048;2018
2002;2048;2016
2003;2048;2015
2001;2048;2017
2003;2048;2018
2002;2048;2018
2003;2039;2017
2001;2034;2017
2003;2039;2015
2003;2048;2015
2002;2048;2017
2001;2039;2015
2000;2040;2014
2001;2048;2017
2003;2048;2016
2001;2055;2017
2002;2048;2013
2001;2048;2014
2001;2048;2015
2001;2048;2015
1999;2048;2016
2002;2042;2015
2001;2048;2015
2001;2048;2016
2002;2048;2015
2003;2048;2017
2001;2048;2015
2004;2040;2017
2002;2048;2015
2002;2039;2014
1999;2040;2014
2003;2048;2015
2002;2048;2013
2002;2048;2016
2003;2048;2014
2002;2048;2019
2001;2048;2015
2001;2041;2015
2003;2038;2016
1999;2048;2018
2004;2039;2014
2002;2048;2015
2001;2048;2017
2001;2048;2014
2000;2048;2011
2003;2048;2015
2002;2038;2013
2002;2048;2015
2002;2039;2013
2003;2039;2017
2001;2048;2015
1999;2048;2012
2002;2048;2013
2003;2048;2016
2003;2048;2013
2002;2048;2014
2003;2048;2015
2002;2042;2016
2000;2048;2014
2002;2048;2016
2002;2048;2023
2001;2048;2016
2001;2041;2017
2002;2048;2016
2002;2048;2017
2001;2048;2014
2002;2048;2012
2001;2041;2017
2002;2048;2015
2003;2041;2014
2002;2048;2015
2003;2040;2015
2000;2041;2014
2000;2048;2015
2001;2039;2015
2001;2048;2015
2003;2048;2013
2001;2040;2013
2003;2048;2015
1999;2041;2015
2002;2048;2019
2002;2048;2015
2000;2048;2017
2001;2048;2015
2002;2048;2017
2000;2048;2012
2002;2039;2015
2001;2048;2011
2002;2039;2012
2001;2048;2013
2001;2048;2018
2002;2048;2016
2001;2048;2015
2003;2048;2010
2001;2048;2015
2002;2041;2017
2002;2048;2017
2002;2039;2018
2002;2048;2013
2002;2048;2016
2001;2049;2016
2003;2048;2018
2001;2048;2013
2000;2048;2015
2001;2048;2015
2002;2048;2014
2000;2048;2015
2001;2038;2016
2001;2039;2014
2001;2042;2017
2002;2039;2014
2000;2039;2013
2003;2048;2014
2002;2048;2014
2002;2048;2014
2001;2048;2015
2002;2048;2014
2002;2040;2018
2001;2048;2015
2001;2037;2014
2002;2040;2015
2002;2049;2015
2001;2048;2015
2004;2048;2017
2003;2048;2014
2001;2048;2015
2002;2041;2013
2002;2048;2016
2001;2041;2018
2001;2048;2016
2001;2048;2011
2002;2037;2017
2001;2048;2015
2001;2048;2018
1999;2048;2014
2002;2048;2017
1999;2048;2014
2003;2039;2015
2001;2048;2013
2000;2048;2012
2003;2048;2013
2001;2048;2015
2003;2048;2015
2002;2048;2015
1999;2048;2013
2001;2048;2017
2001;2048;2015
2001;2048;2013
2002;2040;2015
2003;2048;2015
2003;2041;2011
2002;2048;2014
2003;2048;2013
2003;2048;2017
2001;2048;2015
2002;2048;2015
2002;2048;2018
2002;2048;2015
2002;2048;2013
2002;2048;2016
2002;2048;2012
2002;2048;2019
2002;2048;2017
2002;2048;2015
2002;2048;2015
2000;2048;2013
2001;2041;2017
2002;2048;2015
2003;2048;2014
1999;2041;2029
2002;2048;2017
1999;2035;2014
2000;2048;2014
2000;2048;2015
2001;2048;2015
2001;2048;2018
2000;2048;2015
2001;2048;2015
2002;2048;2015
2003;2048;2015
2000;2048;2016
2001;2048;2016
2001;2048;2015
2003;2041;2016
2003;2048;2018
2001;2048;2015
2002;2037;2013
2003;2048;2011
2002;2039;2016
2001;2041;2015
2004;2048;2015
2001;2048;2017
2002;2048;2017
2002;2048;2015
2001;2048;2015
2002;2048;2014
2001;2048;2026
2004;2048;2013
2002;2049;2015
2003;2039;2015
2001;2048;2016
2002;2048;2014
2002;2041;2014
2002;2048;2018
2002;2039;2013
2002;2048;2018
2002;1792;2019
2000;2048;2015
2001;2039;2014
1999;2048;2013
2003;2041;2015
2002;2048;2013
2001;2037;2014
2003;2048;2012
2001;2048;2015
2002;2048;2015
2001;2039;2015
2001;2048;2013
2000;2048;2015
2002;2048;2017
2002;2048;2017
2002;2048;2016
2002;2048;2026
2002;2041;2012
2002;2048;2013
2002;2048;2013
2003;2048;2018
2001;2048;2017
2001;2048;2017
2001;2041;2013
2002;2048;2015
2002;2048;2014
2000;2038;2011
2002;2048;2017
2003;2048;2015
2002;2048;2014
2000;2048;2015
2002;2041;2017
2002;2048;2012
2001;2048;2019
2002;2048;2015
2001;2048;2015
2002;2048;2015
1999;2041;2017
1999;2048;2015
2002;2048;2015
2005;2041;2013
2001;2048;2016
2006;2038;2018
2001;1792;2014
1998;2048;2015
2002;2048;2014
2002;2048;2013
2002;2048;2013
2005;2048;2015
2001;2048;2015
2003;2048;2015
2001;2048;2015
2003;2048;2014
2001;2048;2017
2001;2041;2018
2001;2048;2016
2001;2048;2015
2002;2048;2019
2003;2048;2017
2001;2048;2016
1999;2043;2015
1999;2048;2018
1999;2040;2017
2004;2041;2016
2002;2048;2015
2003;2041;2013
2003;2048;2015
2002;2048;2014
2002;2048;2014
2001;2048;2012
2003;2048;2015
2002;2048;2014
2001;2048;2014
2001;2048;2012
2002;2048;2015
2002;2048;2016
2001;2048;2015
2001;2048;2011
1998;2039;2015
2003;2048;2015
2003;2048;2016
2003;2048;2015
2003;2048;2013
2001;2048;2015
2002;2048;2015
2001;2048;2015
1997;2048;2014
2002;2048;2012
2000;2048;2015
2001;2048;2017
2001;2048;2011
2003;2048;2012
2001;2048;2015
2002;2048;2013
1999;2048;2015
2001;2048;2015
2002;2048;2016
2002;2039;2015
2003;2048;2015
2002;2048;2013
2003;2048;2015
2003;2048;2013
2001;2048;2015
2003;2048;2015
2002;2039;2016
2002;2039;2020
2001;2037;2017
2002;2048;2014
2001;2048;2013
2002;2048;2016
2000;2048;2015
2000;2048;2013
2001;2048;2017
2001;2048;2014
2001;2048;2017
2001;2048;2015
2002;2049;2015
2002;2048;2017
2001;2048;2014
2003;2048;2018
2002;2048;2015
2002;2048;2017
2002;2039;2014
2001;2041;2015
2000;2039;2015
2003;2048;2017
2002;2048;2017
2001;2048;2014
2002;2048;2015
2003;2048;2017
1999;2048;2016
2003;2048;2015
2002;2048;2018
2001;2048;2012
2001;2048;2015
2001;2041;2014
2002;2048;2017
2003;2048;2016
2003;2048;2017
2001;2048;2018
2004;2048;2017
2002;2041;2013
2002;2048;2015
2002;2041;2014
2004;2034;2015
2001;2048;2016
2002;2039;2018
2002;2048;2014
2002;2048;2011
2002;2039;2014
2001;2048;2016
2002;2048;2013
2003;2048;2015
2002;2048;2013
2003;2048;2015
2002;2041;2013
2003;2041;2015
2003;2048;2014
2003;2048;2016
2002;2039;2016
2001;2048;2017
2003;2048;2015
2002;2034;2014
2003;2038;2013
2002;2048;2015
2003;2048;2014
2002;2048;2014
2002;2039;2012
2004;2041;2015
2004;2048;2015
2000;2048;2014
2002;2048;2018
2001;2048;2015
2002;2048;2013
2002;2048;2016
2003;2048;2017
2002;2048;2018
1999;2049;2015
2001;2048;2017
2001;2040;2019
2002;2048;2018
2001;2048;2014
2001;2048;2014
2001;2048;2015
2003;2037;2017
2003;2048;2015
2001;2048;2015
2003;2048;2014
2001;2048;2016
1999;2048;2015
2001;2048;2013
2003;2048;2015
2001;2048;2016
2000;2048;2015
2001;2048;2015
2003;2048;2014
2003;2048;2014
2002;2048;2014
2002;2048;2019
2001;2048;2014
2003;2040;2015
2004;2048;2014
2001;2048;2015
2001;2048;2017
2001;2048;2015
2002;2048;2015
2002;2048;2015
2001;2048;2018
2001;2048;2017
2002;2048;2015
2002;2041;2016
2003;2048;2018
2003;2048;2013
2002;2048;2016
2001;2049;2015
2002;2049;2015
2002;2048;2020
2003;2048;2013
2002;2048;2015
2003;2048;2016
2002;2040;2015
2002;2048;2016
2001;2048;2015
2002;2039;2014
2004;2038;2017
1999;2048;2014
2001;2048;2018
2002;2048;2018
2001;2048;2015
2001;2048;2019
2000;2050;2017
2002;2048;2014
2002;2048;2013
1995;2048;2015
2001;2049;2013
2002;2048;2016
2002;2048;2018
2003;2048;2015
2003;2048;2017
2002;2048;2015
2002;2048;2017
2002;2048;2015
2003;2048;2017
2001;2041;2017
2003;2036;2015
2002;2039;2015
2003;2038;2015
2002;2048;2014
2001;2048;2014
2001;2048;2019
2002;2048;2017
2003;2048;2015
2000;2048;2015
2002;2048;2016
2003;2048;2015
2003;2048;2015
2002;2048;2014
2002;2048;2018
2003;2048;2015
2002;2048;2017
2003;2048;2018
2002;2048;2017
2004;2048;2018
2002;2048;2015
2002;2040;2016
2002;2048;2013
2000;2048;2014
2003;2048;2015
2001;2048;2011
2002;2038;2017
2001;2048;2016
1999;2048;2015
2001;2049;2016
2002;2048;2018
2002;2048;2015
2002;2048;2019
2001;2039;2014
2003;2048;2014
2002;2048;2015
2001;2041;2011
2003;2040;2014
2003;2048;2015
1999;2048;2015
2003;2048;2015
2002;2039;2016
2003;2048;2014
2003;2048;2015
2002;2048;2015
2001;2048;2015
1999;2039;2012
2001;2048;2015
2002;2048;2015
2002;2048;2016
2002;2048;2015
2003;2049;2014
2004;2048;2015
2003;2048;2017
2003;2048;2018
2003;2048;2014
2002;2048;2016
2001;2048;2013
2002;2048;2015
2003;2041;2015
2001;2048;2017
2002;2041;2014
2001;2048;2017
2003;2041;2015
2002;2048;2015
2002;2048;2015
2002;2048;2015
2003;2048;2016
2003;2048;2012
2001;2048;2006
2003;2048;2018
2001;2048;2013
2002;2048;2013
2002;2049;2013
2005;2048;2016
2003;2048;2014
2002;2048;2015
2004;2048;2015
2001;2048;2014
2001;2048;2013
2002;2040;2015
2003;2041;2013
2002;2039;2013
2002;2040;2014
2003;2048;2015
2005;2048;2015
2000;2048;2017
2003;2041;2015
2002;2048;2014
2003;2048;2015
2003;2048;2012
2001;2048;2014
2002;2048;2015
2001;2048;2021
2003;2048;2015
1999;2048;2015
2002;2048;2016
2002;2048;2015
2003;2041;2015
2001;2048;2017
2004;2042;2012
2002;2041;2017
2002;2048;2022
2003;2048;2015
2002;2048;2013
2003;2048;2018
2002;2048;2013
2002;2048;2015
2002;2048;2018
2005;2048;2015
2003;2048;2015
2001;2048;2017
2003;2048;2017
2002;2048;2018
2002;2048;2015
2002;2048;2015
2002;2040;2017
2003;2048;2016
2002;2048;2014
2002;2048;2015
2002;2038;2017
2003;2048;2015
2002;2041;2017
2000;2048;2015
2002;2048;2015
2003;2048;2014
2003;2048;2015
2001;2048;2015
2001;2048;2015
2001;2048;2018
2001;2048;2018
1998;2048;2015
2001;2048;2013
2001;2048;2018
2003;2048;2017
2003;2048;2018
2003;2048;2019
2002;2048;2014
2002;2039;2018
2002;2048;2019
2003;2039;2015
2003;2048;2016
2002;2041;2015
2002;2039;2017
2002;2042;2013
2002;2048;2015
2002;2048;2015
2003;2048;2014
2002;2048;2016
2001;2048;2015
2001;2048;2017
2003;2048;2015
2001;2048;2019
2003;2048;2015
2003;2048;2021
2002;2048;2016
2001;2048;2015
2001;2048;2014
2002;2039;2018
2002;2048;2015
2002;2048;2018
2002;2048;2016
2001;2048;2014
2003;2048;2015
2000;2048;2015
2002;2048;2017
1999;2048;2020
2002;2048;2017
2001;2049;2015
2003;2048;2015
2002;2048;2015
2003;2048;2013
2002;2039;2019
2003;2048;2018
2003;2048;2019
2003;2048;2019
2002;2048;2017
2002;2048;2015
1999;2048;2015
2003;2048;2014
2003;2048;2017
2002;2048;2015
2003;2048;2015
2002;2048;2015
2003;2048;2019
2002;2048;2014
2003;2048;2014
2002;2048;2017
2003;2048;2013
2002;2048;2015
2002;2048;2012
2001;2048;2015
2002;2048;2015
2000;2048;2013
2003;2048;2016
2001;2048;2016
2003;2040;2013
2003;2048;2017
1999;2038;2018
2001;2039;2015
2003;2048;2015
2001;2048;2018
2001;2048;2013
2001;2048;2013
2001;2048;2014
2003;2048;2017
2001;2048;2015
2002;2048;2015
2003;2048;2017
2001;2048;2013
2002;2048;2015
2002;2048;2015
2001;2048;2015
1999;2048;2014
2002;2048;2015
2003;2042;2015
2001;2048;2019
2005;2048;2015
2003;2048;2014
2002;2040;2015
2003;2041;2015
2003;2042;2015
2002;2039;2015
2002;2048;2015
2002;2041;2016
2003;2048;2015
2002;2048;2012
2004;2048;2016
2002;2048;2014
2003;2048;2013
2002;2048;2013
2000;2041;2015
2003;2048;2017
2001;2033;2016
2001;2038;2013
2003;2048;2013
1999;2048;2017
2001;2048;2015
2001;2048;2017
2003;2048;2017
2002;2040;2017
2002;2039;2015
2002;2048;2012
2004;2048;2018
2001;2041;2015
1999;2048;2016
2003;2048;2017
2001;2048;2015
2002;2048;2016
2002;2048;2013
2002;2042;2017
2002;2041;2015
2001;2048;2014
2003;2048;2013
2002;2048;2017
2002;2048;2015
2002;2037;2015
2003;2048;2016
2001;2041;2016
2003;2054;2013
2002;2041;2015
2001;2048;2013
2003;2039;2015
2002;2048;2015
2001;2041;2015
2001;2048;2018
2002;2048;2018
2002;2048;2016
2004;2048;2016
2003;2048;2014
2002;2048;2014
1999;2048;2014
2003;2048;2015
2003;2041;2017
2002;2048;2015
2004;2048;2021
2002;2040;2013
2002;2042;2017
2003;2048;2018
2003;2297;2017
2002;2048;2013
2002;2040;2015
1999;2048;2013
2003;2048;2016
2002;2049;2015
2003;2048;2016
2004;2048;2015
2002;2048;2010
2002;2048;2017
2001;2048;2015
2000;2048;2017
2003;2048;2018
2000;2048;2018
2003;2041;2018
2005;2048;2015
2002;2048;2017
2003;2048;2016
2002;2039;2017
2001;2048;2018
2002;2048;2019
2001;2048;2016
2004;2048;2015
2002;2048;2015
2001;2048;2015
2001;2048;2015
2002;2039;2018
2002;2048;2016
2003;2048;2014
2002;2048;2015
2002;2048;2015
2001;2048;2015
2003;2048;2016
2002;2048;2015
2000;2048;2014
2000;2048;2016
2002;2048;2019
2002;2048;2016
2001;2040;2018
2003;2048;2017
2002;2048;2015
2003;2048;2017
2002;2048;2013
2001;2048;2014
2002;2041;2013
2002;2048;2017
2002;2048;2018
2003;2048;2015
2002;2048;2013
2005;2048;2013
2002;2048;2015
2002;2048;2015
2001;2048;2016
2003;2048;2015
2000;2048;2013
2002;2048;2017
2002;2048;2014
2002;2048;2015
2002;2048;2015
2001;2048;2013
2002;2048;2015
2001;2048;2015
2001;2039;2016
2001;2048;2015
2001;2048;2017
2002;2048;2015
2003;2048;2014
2002;2048;2014
2003;2041;2014
2004;2048;2016
2001;2048;2015
2004;2048;2011
2003;2048;2013
1999;2048;2015
2002;2048;2017
2002;2048;2020
2002;2048;2015
1999;2048;2012
2001;2048;2015
2003;2048;2015
2002;2048;2015
2004;2048;2019
2002;2048;2014
2002;2039;2015
2002;2048;2013
2002;2048;2015
2002;2040;2015
2007;2041;2014
2001;2048;2017
2003;2048;2017
2003;2040;2018
