1994;2033;2000
1995;2034;2001
1994;2031;2000
1995;2038;2003
1993;2037;2001
1993;2035;2002
1993;2037;2002
1991;2048;1999
1991;2033;2000
1994;2037;1999
1993;2038;2002
1991;2039;2004
1992;2041;2004
1992;2040;2003
1993;2048;1998
1991;2048;2000
1993;2048;2003
1991;2048;2003
1992;2048;1999
1992;2048;2001
1990;2048;2001
1990;2048;2003
1983;2048;2003
1991;2039;2002
1990;2039;2001
1989;2048;2001
1991;2040;2003
1991;2039;2002
1990;2048;2002
1991;2048;2002
1989;2048;2003
1990;2048;2001
1989;2048;2005
1991;2040;2003
1991;2048;2001
1991;2048;2003
1990;2048;2001
1993;2041;2002
1991;2048;1999
1991;2048;2003
1991;2048;2001
1991;2048;2001
1991;2039;2003
1991;2048;2005
1991;2040;2002
1990;2039;2002
1991;2034;2002
1989;2048;2002
1990;2048;2001
1991;2041;2003
1991;2048;2003
1989;2048;2002
1990;2041;2005
1991;2048;2002
1987;2048;2005
1989;2041;2004
1992;2048;2001
1990;2048;2003
1991;2048;2001
1989;2048;2003
1990;2048;2003
1991;2048;2003
1991;2048;2004
1991;2048;2005
1990;2039;2005
1989;2048;2002
1992;2039;2004
1989;2039;2000
1989;2048;2002
1989;2039;2002
1993;2048;1997
1991;2048;2003
1990;2048;2002
1991;2040;2005
1991;2048;2002
1989;2049;2005
1990;2048;2006
1994;2048;1999
1990;2048;2003
1991;2048;2001
1990;2039;2004
1989;2048;2004
1991;2048;2005
1991;2040;2006
1989;2040;2004
1989;2048;2001
1990;2048;2010
1990;2039;2003
1988;2048;2004
1989;2048;2002
1991;2038;2002
1991;2037;2003
1988;2048;2004
1990;2048;2003
1990;2048;2004
1988;2048;2005
1991;2048;2003
1992;2048;2002
1991;2048;2005
1990;2041;2010
1989;2048;2002
1990;2048;2004
1991;2038;2005
1990;2048;2003
1991;2048;2003
1991;2039;2001
1989;2041;2003
1990;2048;2001
1991;2048;2005
1991;2048;2003
1991;2041;2001
1989;2048;2002
1991;2048;2001
1989;2040;2002
1989;2048;2001
1991;2048;2003
1990;2048;2004
1989;2048;2003
1990;2048;2005
1991;2041;2004
1991;2048;2001
1991;2039;1999
1991;2079;1995
1989;2063;2005
1991;2054;2011
1992;2054;2010
1992;2050;2006
1992;2051;2011
1991;2050;2007
1991;2052;2004
1993;2049;2007
1991;2049;2006
1992;2050;2004
1992;2051;2005
1993;2053;2005
1992;2048;2006
1994;2048;2006
1993;2050;2010
1995;2048;2007
1994;2049;2005
1992;2048;2008
1995;2048;2007
1994;2048;2007
1991;2048;2007
1994;2048;2007
1995;2048;2004
1995;2048;2006
1995;2030;2007
1995;2048;2002
1993;2048;2005
1994;2025;2005
1994;2037;1999
1994;2031;2003
1992;2035;1999
1993;2037;2001
1993;2048;1999
1993;2040;1999
1992;2033;2002
1992;2048;2002
1991;2037;2001
1992;2033;2002
1991;2036;1999
1991;2037;2003
1990;2041;2002
1993;2037;2003
1990;2048;2004
1992;2040;2001
1991;2039;2002
1993;2048;2001
1991;2039;2000
1990;2039;2002
1990;2036;2002
1990;2034;2003
1991;2039;2005
1991;2048;2004
1992;2048;2002
1992;2042;2004
1991;2048;2004
1992;2060;2003
1991;2048;2001
1989;2053;2003
1991;2036;2004
1989;2029;2004
1990;2036;2005
1991;2030;2003
1990;2035;2001
1990;2048;2001
1989;2049;2004
1992;2049;2001
1991;2050;2005
1993;2048;2002
1990;2035;2004
1991;2048;2002
1991;2039;2001
1993;2048;2004
1990;2048;2004
1991;2048;2001
1991;2048;2001
1991;2048;2002
1991;2048;2005
1993;2039;2003
1989;2048;2002
1990;2041;2004
1990;2048;2003
1990;2040;2002
1991;2048;2004
1990;2048;2001
1990;2040;2002
1991;2048;2005
1991;2041;2007
1991;2041;2002
1992;2048;2002
1990;2048;2003
1991;2048;2002
1991;2048;2003
1991;2048;2005
1992;2048;2004
1991;2041;2002
1991;2048;2003
1991;2048;2004
1991;2048;2003
1991;2041;2002
1991;2048;2002
1991;2048;2003
1991;2048;2002
1991;2039;2004
1991;2048;2003
1990;2048;2004
1989;2048;2003
1992;2048;2004
1992;2048;2001
1991;2048;2001
1991;2048;2000
1991;2048;2005
1992;2048;2004
1991;2048;2002
1993;2048;2005
1991;2039;2002
1990;2048;2006
1994;2048;2003
1991;2039;2001
1993;2039;2009
1991;2039;2003
1992;2048;2003
1991;2039;2001
1991;2039;2002
1991;2048;2000
1993;2048;2008
1990;2048;2002
1991;2048;2003
1991;2048;2005
1991;2048;1999
1991;2048;2005
1991;2041;2003
1991;2048;2003
1993;2048;2004
1992;2048;2006
1992;2041;2005
1991;2048;2001
1992;2048;2002
1994;2048;2004
1994;2048;2002
1993;2041;2003
1993;2041;1999
1991;2040;2003
1991;2048;2003
1993;2033;2003
1992;2048;1999
1993;2048;2007
1994;2048;2002
1990;2048;2004
1992;2048;2004
1992;2048;2001
1991;2048;2006
1989;2048;2002
1992;2048;2002
1993;2048;2002
1992;2048;2003
1993;2042;2005
1992;2048;2002
1991;2048;2005
1993;2048;2004
1994;2048;2005
1991;2048;2003
1992;2036;2004
1994;2037;2005
1991;2039;2003
1992;2036;2001
1992;2041;2001
1991;2048;1999
1991;2048;2002
1993;2048;2003
1991;2048;2004
1992;2048;2003
1991;2048;2002
1991;2037;2001
1989;2048;2003
1995;2048;2001
1994;2048;2002
1993;2048;2005
1994;2048;2003
1993;2048;2002
1991;2039;2003
1992;2048;2001
1991;2048;2005
1993;2048;2006
1991;2048;2004
1995;2048;2003
1991;2048;2003
1993;2040;2005
1992;2041;2002
1992;2048;2000
1993;2048;2005
1992;2048;2003
1991;2048;2001
1994;2048;2001
1992;2048;2004
1993;2039;2003
1993;2050;2006
1992;2048;1999
1993;2048;2004
1993;2048;2004
1996;2048;2003
1991;2048;2003
1994;2048;2002
1991;2048;2001
1993;2048;2000
1993;2048;1999
1992;2048;2006
1993;2041;1999
1993;2048;2004
1992;2048;2002
1991;2048;1998
1994;2048;2003
1987;2048;2002
1993;2048;2003
1992;2048;2003
1993;2048;2004
1992;2048;2003
1993;2048;2005
1991;2039;2001
1993;2048;2005
1993;2048;2005
1993;2048;1995
1993;2048;1999
1993;2048;2003
1994;2040;1999
1993;2048;2003
1993;2048;2002
1992;2048;2002
1993;2048;1999
1993;2048;2005
1993;2039;2003
1991;2048;2001
1993;2048;2003
1993;2048;2002
1994;2048;2002
1991;2048;2002
1993;2042;2003
1993;2040;2003
1993;2048;2002
1993;2048;2002
1994;2037;2004
1993;2048;2003
1994;2048;2000
1994;2039;2002
1993;2049;2000
1994;2038;2001
1993;2037;2002
1992;2039;2002
1992;2048;2002
1995;2048;2003
1994;2048;2005
1992;2048;2004
1994;2048;2002
1994;2048;2004
1991;2048;2003
1994;2048;2006
1993;2048;1998
1995;2048;2006
1994;2048;2002
1994;2048;2002
1993;2040;2004
1992;2048;2003
1993;2041;2006
1993;2039;2002
1993;2039;2001
1994;2039;2003
1993;2039;2000
1992;2040;2000
1994;2040;1999
1993;2037;2003
1993;2048;2000
1993;2041;2005
1993;2041;2003
1992;2048;2004
1993;2048;2004
1993;2048;2001
1995;2048;2004
1992;2048;2004
1994;2048;2001
1995;2037;2004
1996;2048;2002
1993;2048;1999
1995;2040;2001
1991;2040;2002
1994;2040;2003
1994;2039;2003
1995;2048;2004
1994;2041;2003
1993;2048;2005
1994;2042;2002
1993;2048;1999
1993;2039;2010
1992;2048;2005
1993;2048;2001
1995;2048;2002
1994;2048;2007
1992;2048;2001
1993;2039;2005
1995;2049;2003
1994;2048;2002
1991;2048;2002
1994;2048;2001
1995;2048;2003
1993;2048;2003
1994;2048;2002
1993;2041;2001
1993;2048;2003
1994;2048;2002
1994;2042;2001
1995;2048;2005
1992;2048;2003
1993;2048;2002
1993;2039;2002
1994;2048;2001
1996;2049;2003
1994;2040;2006
1994;2048;2001
1995;2048;2005
1993;2048;2003
1995;2048;2006
1995;2036;2004
1995;2048;2003
1993;2048;2003
1992;2048;2003
1994;2048;2003
1993;2048;2000
1995;2039;2000
1994;2040;1999
1993;2048;2001
1993;2048;2003
1991;2048;2004
1994;2048;2013
1995;2048;1999
1993;2042;2005
1993;2048;2004
1993;2048;2005
1994;2048;2006
1995;2048;2003
1994;2048;2003
1993;2037;2008
1994;2039;2006
1995;2048;2005
1994;2048;2005
1994;2041;2002
1995;2039;2002
1994;2041;2003
1994;2039;2005
1994;2048;2004
1994;2048;2002
1995;2048;2002
1993;2048;2000
1995;2048;2004
1994;2048;2002
1993;2048;2003
1994;2048;2005
1994;2048;2005
1995;2048;2007
1995;2048;2005
1995;2040;2005
1994;2048;2007
1995;2048;2005
1994;2048;2003
1993;2048;2005
1995;2039;2003
1996;2037;2004
1996;2037;2002
1995;2039;2003
1994;2039;2004
1995;2040;2005
1995;2048;2005
1992;2048;2006
1995;2048;2005
1993;2048;2001
1995;2048;2003
1994;2048;2003
1994;2039;2005
1995;2048;2005
1994;2048;2004
1994;2048;2004
1994;2048;2004
1995;2048;2007
1996;2048;2006
1995;2048;2001
1995;2040;2002
1995;2039;2001
1994;2039;2003
1993;2048;2001
1995;2048;2002
1994;2048;2004
1996;2048;2000
1996;2048;2002
1997;2048;2002
1996;2048;2004
1994;2048;2002
1994;2048;2007
1992;2048;2001
1994;2048;2002
1993;2048;2005
1994;2048;2007
1994;2048;2004
1994;2048;2004
1995;2041;2004
1996;2048;2004
1993;2035;2005
1994;2048;2004
1995;2048;2001
1994;2048;2002
1994;2040;2002
1995;2049;2003
1995;2037;2005
1996;2039;2005
1995;2048;2005
1994;2041;2003
1994;2048;2006
1993;2048;2005
1994;2048;2004
1994;2048;2005
1995;2048;2004
1994;2048;2006
1995;2048;2001
1997;2048;2006
1996;2042;2003
1995;2048;2001
1995;2041;2004
1993;2048;2006
1994;2040;2004
1995;2039;2006
1995;2048;2003
1997;2048;2004
1995;2048;2005
1993;2048;2003
1996;2036;2003
1994;2041;2002
1995;2048;2004
1994;2048;2010
1994;2048;2003
1995;2048;2007
1996;2048;2004
1994;2048;2003
1994;2048;2003
1997;2048;2004
1994;2048;2004
1993;2048;1997
1995;2048;2002
1994;2039;2002
1995;2039;2003
1995;2039;2003
1995;2048;2002
1995;2048;2003
1995;2041;2005
1995;2048;2004
1994;2048;2001
1994;2048;2004
1995;2048;2006
1995;2048;2006
1994;2048;2005
1996;2048;2002
1996;2048;2002
1995;2048;2005
1994;2041;2004
1995;2048;2005
1993;2048;2005
1995;2048;2004
1995;2048;2002
1994;2041;2004
1995;2048;2003
1995;2039;2003
1994;2048;2002
1997;2048;2005
1994;2048;2001
1994;2048;2005
1996;2048;2004
1995;2048;2005
1995;2048;2005
1994;2048;2006
1994;2048;2004
1994;2048;2005
1996;2048;2002
1995;2048;2007
1995;2039;2001
1995;2048;2003
1994;2048;1999
1995;2048;2001
1995;2039;2003
1997;2048;2004
1993;2039;2005
1998;2048;2003
1995;2048;1999
1994;2039;2004
1994;2048;2000
1995;2040;2003
1995;2048;2005
1994;2048;2005
1995;2048;2003
1995;2048;2001
1995;2048;2001
1995;2048;2002
1995;2048;2006
1995;2048;2003
1993;2048;2004
1996;2048;2005
1996;2038;2003
1994;2048;2002
1995;2048;2002
1995;2038;2003
1995;2041;2004
1995;2039;2001
1995;2048;2000
1995;2041;2002
1995;2049;2003
1995;2048;2001
1994;2048;1998
1996;2048;2004
1995;2048;2003
1996;2048;2000
1998;2048;2003
1996;2048;2003
1996;2048;2004
1994;2048;2005
1997;2041;2007
1995;2048;2002
1996;2048;2005
1995;2048;1998
1996;2048;2005
1997;2048;2002
1996;2041;1998
1995;2041;2003
1995;2037;1999
1995;2048;2001
1994;2048;2001
1995;2039;2002
1995;2048;2004
1995;2041;2006
1997;2048;2006
1995;2048;2003
1998;2048;2001
1995;2048;2002
1997;2048;2003
1997;2048;2003
1995;2048;1998
1996;2048;2001
1995;2048;2002
1995;2048;2003
1996;2048;2001
1997;2048;2006
1995;2048;2001
1994;2048;2000
1995;2039;2003
1996;2048;2003
1997;2048;2000
1995;2048;2002
1997;2048;2005
1994;2048;2006
1995;2048;2003
1997;2048;2006
1995;2048;2003
1995;2048;1999
1994;2048;2006
1996;2048;2003
1997;2048;2004
1997;2048;1994
1996;2041;2004
1995;2048;2004
1996;2048;2003
1996;2048;2005
1995;2048;2004
1995;2041;2000
1997;2039;2005
1996;2048;2004
1994;2048;2002
1995;2048;2002
1994;2048;2002
1995;2048;2003
1995;2048;2004
1995;2048;2002
1997;2048;2002
1995;2048;2005
1995;2048;2009
1996;2048;2004
1997;2048;2003
1997;2048;2007
1997;2040;2008
1997;2048;2006
1995;2039;2004
1997;2048;2005
1995;2048;2002
1995;2048;2002
1996;2048;2003
1997;2048;2004
1995;2048;2003
1995;2048;2002
1995;2048;2002
1994;2048;1997
1996;2048;2001
1996;2048;2006
1995;2048;2004
1996;2049;2002
1995;2048;2005
1995;2040;2002
1997;2048;2001
1996;2041;2003
1995;2039;2005
1995;2048;2001
1996;2039;2003
1996;2037;2001
1989;2037;2002
1997;2048;2003
1995;2041;2005
1995;2039;2003
1995;2041;2003
1996;2048;2003
1995;2048;2000
1995;2048;2002
1997;2048;2003
1997;2048;2004
1995;2048;2003
1995;2048;2004
1996;2048;2000
1997;2048;2006
1993;2048;2000
1995;2041;2004
1996;2039;2004
1995;2048;2002
1995;2048;2004
1997;2039;2001
1995;2048;2004
1999;2039;2003
1997;2040;2005
1997;2048;2005
1995;2037;2003
1994;2048;2001
1997;2048;2002
1995;2048;2003
1995;2048;2002
1997;2048;2004
1996;2048;2005
1996;2048;2003
1997;2050;2005
1997;2048;2004
1998;2048;2004
1998;2040;2004
1993;2048;2005
1995;2048;2003
1996;2040;2003
1994;2048;2001
1996;2041;2003
1997;2048;2004
1995;2048;2002
1997;2039;2006
1995;2048;2005
1995;2048;2002
1998;2048;2002
1997;2042;2002
1995;2048;2006
1997;2048;2003
1997;2048;2004
1995;2048;2004
1997;2048;2006
1996;2048;2002
1995;2048;2005
1997;2035;2007
1995;2048;2005
1999;2048;2004
1997;2038;2005
1997;2041;2004
1997;2048;2003
1997;2048;2003
1996;2048;2004
1998;2048;2005
1996;2048;2005
1998;2048;2001
1995;2048;2006
1997;2041;2004
1996;2048;1999
1995;2048;2004
1996;2048;2004
1995;2048;2006
1997;2048;2004
1997;2039;2003
1997;2048;2005
1995;2048;2005
2003;2048;2005
1995;2048;1994
1997;2039;2006
1997;2048;2005
1997;2048;2003
1995;2048;2002
1994;2048;1999
1997;2048;2003
1996;2048;2001
1996;2052;2003
1997;2052;2003
1997;2048;2001
1996;2048;2005
1999;2037;2005
1992;2048;2003
1995;2048;2005
1997;2048;2003
1996;2048;2003
1996;2048;2005
1995;2048;2002
1997;2041;2004
1997;2039;2005
1997;2048;2011
1994;2048;2003
1995;2048;2005
1996;2048;2003
1997;2048;2000
1998;2048;2000
1995;2048;2004
1997;2048;2003
1997;2048;2001
1997;2048;2006
1997;2048;2003
1996;2048;2002
1997;2048;2003
1998;2048;2005
1997;2048;2004
1995;2048;2000
1997;2048;2005
1996;2048;2003
1996;2048;2005
1996;2048;2005
1996;2048;2005
1996;2048;2002
1996;2048;2003
1997;2049;2003
1997;2054;2002
1996;2048;2002
1997;2039;2005
1998;2048;2001
1993;2048;2003
1997;2048;2003
1996;2048;2006
1995;2048;2007
1997;2048;2007
1996;2048;2006
1997;2048;1999
1997;2048;2008
1997;2048;2007
1997;2039;2004
1997;2048;2002
1998;2048;2005
1995;2048;2003
1995;2039;2004
1997;2040;2003
1996;2048;2003
1997;2048;2004
1995;2048;2005
1998;2048;2005
1997;2041;2005
1992;2048;2001
1995;2048;2003
1999;2048;2005
1996;2048;2004
1997;2048;2004
1995;2048;2005
1997;2048;2005
1996;2048;2005
1997;2048;2004
1996;2039;2005
1997;2048;2005
1997;2039;2007
1996;2048;2004
1997;2048;2003
1996;2048;2005
1998;2048;2003
1997;2048;2005
1996;2048;2004
1997;2048;2005
1997;2048;2003
1995;2048;2005
1995;2048;2003
1996;2048;2006
1997;2048;2002
1997;2048;2003
1997;2041;2005
1998;2048;2002
1997;2048;2005
1996;2048;2001
1997;2048;2003
1997;2041;2007
1995;2048;2005
1997;2039;2004
1996;2041;2005
1997;2048;2002
1998;2048;2002
1997;2038;2005
1997;2048;2005
1997;2048;2000
1995;2048;2003
1997;2048;2005
1998;2048;2006
1996;2048;2002
1995;2048;2004
1995;2048;2003
1999;2048;2003
1997;2048;2002
1995;2048;2003
1999;2048;2004
1995;2048;2001
1998;2048;2004
1998;2040;2003
1995;2048;2007
1997;2036;2005
1995;2039;2007
1998;2048;2005
1997;2048;2001
1997;2048;2002
1997;2048;2003
1997;2048;2004
1998;2048;2004
1996;2048;2003
1997;2048;2003
1996;2048;2005
1996;2048;2004
1999;2048;2004
1997;2048;2004
1996;2048;2005
1996;2048;2005
1998;2048;2003
1999;2048;2001
1997;2039;2004
1997;2048;2003
1995;2048;2001
1997;2039;2001
1996;2048;2004
1995;2048;2003
1995;2048;2003
1998;2048;2006
1998;2048;2003
1996;2048;2002
1996;2048;2003
1997;2048;2000
1996;2048;2002
1997;2048;2005
1996;2048;2003
1996;2048;2002
1997;2038;2002
1997;2048;2002
1997;2048;2005
1997;2048;2001
1998;2048;2003
1998;2048;2002
1997;2042;2003
1995;2039;2002
1998;2040;2001
1996;2048;2003
1997;2041;2003
1999;2048;2005
1997;2048;2003
1997;2048;1999
1997;2048;2005
1997;2048;2005
1997;2048;2005
1995;2048;2003
1998;2048;2003
1997;2039;2002
1997;2048;2002
1996;2048;2005
1997;2039;2003
1996;2050;2002
1996;2048;2003
1997;2048;2005
1997;2048;2003
1997;2038;2000
1999;2048;2004
1995;2041;2002
1997;2048;2004
1997;2039;2001
1996;2039;2002
1997;2048;2003
1997;2048;2006
1996;2048;2007
1998;2048;2003
1995;2048;2004
1998;2048;2002
1998;2048;2005
1997;2041;2004
1997;2048;2002
1998;2048;2002
1997;2048;2003
1998;2048;2002
1998;2048;2001
1997;2048;2003
1999;2040;2006
1996;2040;2003
1998;2048;2002
1997;2039;2002
1997;2048;2003
1999;2041;2002
1998;2048;2004
1998;2048;2009
1998;2048;2002
1997;2048;2002
1997;2048;2003
1999;2048;2006
1998;2048;2007
1998;2048;2005
1995;2048;2006
1997;2048;2003
1997;2048;2004
1998;2048;2003
1997;2048;2004
1997;2048;2003
1998;2041;2005
1998;2048;2003
1997;2042;2002
1997;2048;2003
1997;2040;2003
1997;2041;2006
1998;2048;1999
1997;2048;1995
1998;2048;2005
1999;2048;2001
1998;2048;2003
1998;2048;2005
1998;2048;1995
1999;2048;2004
1999;2048;2005
1996;2048;2004
1997;2039;2004
1997;2048;2004
1999;2048;2005
1999;2039;2005
1997;2037;2002
1999;2048;2001
1997;2048;2003
1997;2048;2005
1999;2039;2007
1996;2048;2004
1996;2048;2005
1998;2048;2005
1997;2048;2003
1998;2048;2003
1997;2048;2005
1997;2048;2003
1999;2048;2003
1998;2048;2004
1998;2048;2004
1997;2041;2003
1997;2041;2005
1999;2048;2003
1997;2048;2005
1997;2041;2006
1997;2039;2005
1999;2048;2004
1996;2048;2006
1998;2048;2003
1997;2048;2005
1998;2038;2006
1999;2048;2003
1997;2048;2004
1999;2048;2002
1997;2048;2004
1997;2048;2005
1996;2048;2009
1999;2048;2004
1998;2048;2005
1996;2048;1999
1997;2048;2003
1997;2048;2004
1999;2048;2003
1999;2048;2006
1998;2048;2005
1998;2048;2003
1999;2039;2006
1998;2048;2005
1999;2048;2008
1999;2048;2007
1995;2041;2001
1998;2048;2004
1997;2048;2005
1996;2048;2003
1998;2048;2007
1999;2048;2006
1997;2050;2007
1996;2048;2005
1998;2048;2002
1998;2048;1999
1999;2048;2003
1998;2048;2002
1997;2042;2006
1995;2048;2003
2000;2048;2002
1998;2048;2001
1998;2048;2005
1998;2048;2005
1997;2048;2004
1998;2048;2002
1998;2048;2005
1997;2048;2003
1997;2048;2001
1996;2048;1999
1998;2048;2004
1999;2048;2007
1996;2048;2002
1998;2048;2007
1999;2048;2005
1997;2048;2001
1998;2048;2007
1997;2048;2005
1998;2048;2004
1997;2048;2001
1997;2048;1999
1999;2048;2005
1996;2048;2001
1999;2048;2001
1998;2039;2003
1998;2048;1999
1999;2041;2003
1997;2048;2006
1997;2048;2003
1998;2040;2001
1997;2048;2001
1998;2048;2003
1998;2048;1999
1998;2048;2002
1997;2048;2003
1999;2041;2005
1998;2048;2002
1998;2048;2004
1997;2048;2002
1997;2048;2003
1998;2048;2004
1996;2048;2004
1998;2048;2000
1999;2041;2001
1997;2048;2001
1997;2048;2000
1999;2048;2003
1998;2042;2003
1996;2049;2001
1999;2048;2003
1999;2048;1999
1998;2048;2003
1999;2048;2003
1997;2048;2006
1999;2048;2004
1999;2048;2003
1997;2048;2005
1997;2048;2005
1997;2048;2004
1999;2048;2004
1996;2039;2003
1996;2039;2006
1998;2048;2005
1997;2040;2006
1998;2048;2005
1999;2048;2007
1997;2048;2002
1996;2048;2005
1997;2048;2002
1997;2048;2005
1996;2048;2004
1997;2048;2005
1998;2048;2005
1997;2048;2003
1999;2048;2003
1999;2048;2007
1997;2041;2004
1997;2048;2002
1998;2048;2007
1997;2048;2004
1997;2038;2003
1997;2048;2006
1997;2048;2006
1998;2048;2003
1998;2048;2003
1998;2048;2001
1997;2040;2004
1997;2048;2005
1997;2048;2007
2000;2048;2001
1998;2048;2006
1995;2048;2004
1998;2048;2006
1997;2048;2003
1998;2048;2006
1996;2048;2007
1998;2048;2007
1997;2048;2001
1997;2048;2004
1996;2048;2003
1997;2048;2003
1999;2048;2005
1997;2041;2004
1997;2048;2003
1998;2048;2005
1997;2048;2005
1997;2048;2002
1997;2048;2003
1995;2048;2002
1999;2051;2006
1997;2048;2002
1999;2048;2005
1999;2048;2006
1997;2048;2007
1998;2048;2007
1999;2041;2007
1999;2048;2005
1999;2048;2006
1999;2039;2005
1997;2049;2001
1999;2041;2005
1999;2048;2007
1999;2048;2002
1999;2048;2007
1997;2048;2005
1997;2048;2004
1999;2048;2005
1998;2048;2006
1997;2048;2005
1997;2048;2005
1997;2048;2002
1997;2048;2005
1998;2048;2002
1997;2048;2002
1997;2048;2002
1998;2048;2005
1997;2048;2006
1998;2048;2003
1999;2048;2006
1998;2048;2003
1998;2048;2005
1998;2048;2005
1997;2048;2002
1997;2048;2004
1999;2048;2003
1999;2048;2004
1999;2048;2001
1997;2048;2002
1998;2048;2004
1998;2041;2003
1996;2048;2002
1998;2048;2003
1997;2039;2006
1997;2048;2003
1998;2048;2003
1999;2048;2005
1996;2048;2002
1997;2048;2004
1997;2048;2003
1999;2048;2006
1999;2039;2007
1997;2048;2002
1997;2048;2000
1998;2048;2003
1999;2041;2006
1999;2048;2001
1999;2048;2004
1999;2048;2003
1997;2048;2003
1999;2039;2004
1998;2048;2005
1997;2048;2005
1998;2048;2003
1998;2048;2007
1985;2048;2003
1999;2048;2002
1999;2040;2001
1997;2048;2005
1998;2048;2004
1997;2048;2005
1994;2048;2002
1999;2048;2006
1997;2048;2003
1997;2048;2003
1997;2048;2003
1997;2048;1999
1999;2041;2004
1998;2048;2003
1999;2048;2003
1998;2048;2002
1999;2048;2004
1998;2048;2003
1998;2048;2007
1999;2048;2002
1997;2048;2004
1997;2048;2006
1998;2040;2003
1999;2048;2005
1995;2039;2004
1997;2048;2003
1999;2041;2005
1998;2048;2003
1997;2048;2005
1998;2048;2004
1997;2048;2005
1997;2041;2003
1999;2040;2003
1999;2048;2003
1998;2048;2004
1999;2048;2006
1998;2048;2002
1997;2048;2003
1999;2048;2006
1999;2048;2004
1995;2048;2004
1997;2048;2004
1999;2048;2006
1999;2048;2005
1999;2048;2004
1998;2035;2006
1997;2048;2003
1999;2048;2004
1997;2048;2003
1996;2048;2002
1999;2039;2005
1998;2048;2005
1997;2049;2003
1997;2048;2002
1998;2048;2004
1999;2048;2005
2000;2048;2003
1998;2048;2005
1991;2048;2003
1999;2048;2003
1996;2048;2005
1997;2048;2003
1998;2048;2005
1997;2040;2006
1998;2048;2004
1998;2048;2002
1996;2041;2004
1998;2048;2003
1999;2048;2005
1991;2048;2006
1999;2048;2003
1999;2048;2004
1998;2048;2004
1997;2048;2003
1997;2048;2002
1998;2048;2004
1996;2048;2003
1998;2048;2006
1996;2048;2003
1997;2048;2002
1999;2048;2002
1999;2048;2006
1999;2048;2005
1998;2048;2002
1997;2041;2005
1998;2048;2005
1997;2048;2001
1999;2041;2004
1999;2048;2005
1997;2048;2001
1999;2041;2002
1997;2048;2006
2001;2048;2005
1997;2048;2003
1997;2048;2001
1998;2048;2005
1997;2048;2002
1997;2048;2006
1998;2048;2006
1998;2048;2004
1999;2048;2003
1999;2048;2002
1997;2048;2005
1997;2048;2006
1998;2048;2005
1997;2048;2004
1997;2048;2004
1999;2048;2002
1999;2041;2006
1997;2039;2004
1999;2040;2001
1998;2048;1999
1999;2048;2005
1998;2048;2004
1997;2048;2000
1997;2048;2002
1998;2048;2003
1998;2048;2007
1998;2049;2005
1997;2048;2004
1998;2048;2007
1998;2048;2003
1997;2048;2007
1999;2048;2003
1999;2048;2005
1999;2048;2003
1997;2048;2003
1999;2048;2009
1998;2041;2006
1999;2041;2007
1999;2040;2004
1998;2048;2004
1997;2048;2002
1998;2039;1999
1999;2048;2003
2000;2048;2004
1996;2048;2005
1998;2048;2004
1997;2048;2005
1997;2048;2003
1999;2048;2007
1999;2048;2005
1997;2048;2004
1999;2048;2007
1999;2048;2004
1999;2048;2003
1998;2048;2009
1998;2048;2004
1998;2048;2001
1998;2048;2003
1999;2041;2006
1996;2048;2006
1998;2048;2007
1998;2048;2003
1998;2049;2004
1997;2048;2004
1997;2048;2004
1997;2048;2004
1999;2048;2003
1999;2048;2005
1998;2048;2002
1998;2048;2004
1999;2048;2006
1997;2048;2005
1996;2048;2003
2002;2048;2005
1997;2048;2002
1998;2048;2005
1997;2048;2003
1997;2048;2005
1998;2048;2005
1999;2048;2001
1999;2048;2004
1996;2048;2003
1997;2048;2003
1998;2048;2002
1999;2048;2002
1997;2048;2003
1995;2048;2001
1999;2048;2004
1999;2048;2005
1998;2048;2005
1998;2048;2004
1997;2048;2007
1997;2040;2004
1999;2048;2005
1997;2048;2001
1997;2048;2004
1997;2041;2002
1999;2048;2005
1995;2048;2004
1999;2041;2004
1999;2048;2002
1998;2041;2005
1999;2048;2005
1999;2042;2007
1998;2048;2005
1997;2050;2003
1999;2050;2004
1999;2042;2003
1997;2048;2003
1997;2048;2004
1998;2048;2007
1998;2048;2005
1999;2048;2010
1999;2048;2003
1999;2048;2002
1999;2041;2007
1998;2037;2004
1998;2048;2005
1997;2048;2002
1999;2048;2006
1999;2048;2005
1996;2039;2002
1999;2049;2004
1997;2048;2005
1998;2048;2004
1998;2048;2005
1998;2048;2006
1999;2048;2006
1999;2048;2003
1999;2048;2004
1998;2048;2002
1999;2048;2004
1999;2048;2003
1999;2048;2006
1996;2048;2007
1997;2048;2006
2000;2048;1999
1999;2048;2004
1999;2048;2002
1998;2048;2005
1998;2048;2005
1999;2048;2001
1998;2048;2003
1998;2048;2006
1998;2048;2007
1999;2048;2005
1997;2048;2003
1999;2048;2005
1998;2048;2006
1997;2048;2005
1997;2048;2005
1997;2049;2002
1999;2048;2002
1997;2048;2007
1997;2048;2007
1999;2048;2004
2000;2048;2006
1997;2048;2005
1999;2039;2005
1997;2048;2003
1997;2048;1999
1997;2048;2003
1998;2048;2003
1999;2048;2010
1999;2042;2005
1998;2049;2005
1998;2049;2004
1997;2048;2004
1999;2048;2005
2003;2040;2006
1999;2048;2004
1999;2049;2004
1998;2048;2006
1998;2048;1996
1999;2040;2005
1997;2048;2005
1997;2048;2003
1998;2048;2004
1999;2040;2003
1999;2048;2004
1997;2040;2005
2001;2042;2002
1998;2048;2003
1995;2048;2003
1998;2048;2003
1998;2048;2005
1998;2048;2001
1998;2048;2005
1999;2048;2007
1997;2048;2002
1997;2048;2004
1999;2048;2003
1999;2048;2004
1998;2048;2002
1999;2048;2004
1998;2048;2004
1999;2037;2011
1998;2042;2005
1998;2048;2002
1999;2048;2005
1998;2048;2004
1998;2048;2000
1997;2048;2001
1998;2048;2001
1997;2048;2007
1999;2035;2003
1997;2048;2003
1999;2048;2003
1999;2048;2003
1997;2048;2002
1997;2048;2005
1999;2049;2005
1998;2048;2003
1997;2048;2001
1999;2048;2002
2001;2048;2002
1999;2041;2005
1999;2048;2001
2000;2048;2003
1998;2041;2007
1999;2048;2003
1997;2048;2003
1998;2048;2005
1999;2048;2005
1999;2048;2003
1999;2048;2005
1999;2048;2003
1997;2048;1999
1998;2048;2003
1999;2048;2002
1999;2048;2003
2001;2048;2007
1997;2048;2007
1999;2048;2003
1999;2048;2000
1998;2048;2005
1999;2048;2006
1998;2048;2007
1998;2048;2001
1999;2048;2006
1997;2048;2003
2000;2041;2003
1997;2055;2004
1997;2048;2005
1999;2048;2006
1999;2048;2004
1999;2048;2005
1998;2048;2003
1997;2048;2004
1998;2048;2004
1999;2048;2004
1999;2048;2008
1998;2048;2007
1999;2048;2005
1999;2048;2004
1998;2048;2002
1998;2048;2007
1996;2070;2003
1995;2053;2009
1999;2048;2011
1999;2051;2009
1998;2061;2007
2000;2050;2009
2000;2053;2007
1999;2053;2007
1999;2052;2013
1999;2051;2007
1999;2052;2008
1998;2051;2006
1996;2051;2010
2000;2048;2007
1999;2048;2009
1999;2053;2008
1999;2049;2007
1999;2051;2011
2001;2048;2009
2001;2050;2010
2002;2050;2010
2000;2049;2009
2002;2048;2008
2001;2049;2010
2001;2051;2007
1999;2049;2009
2001;2054;2005
2002;2052;2012
2001;2051;2008
1999;2049;2011
2002;2051;2007
2003;2048;2013
2003;2049;2010
2003;2050;2011
2002;2049;2007
2002;2053;2007
2003;2049;2010
2003;2050;2011
2003;2049;2007
2002;2048;2009
2001;2048;2009
2002;2048;2009
2001;2048;2006
2003;2052;2007
2001;2050;2011
2002;2050;2007
2001;2053;2010
1999;2052;2007
1999;2051;2009
2002;2050;2008
2003;2048;2008
2003;2049;2007
2001;2051;2011
2002;2049;2009
2003;2048;2009
2002;2049;2007
2002;2048;2012
2002;2049;2006
2001;2050;2007
2003;2048;2007
2001;2050;2007
2002;2048;2006
2001;2048;2005
2001;2048;2007
2002;2048;2010
2005;2048;2012
2003;2051;2008
2003;2048;2009
2003;2052;2010
2001;2052;2007
2002;2051;2010
2003;2050;2010
2004;2050;2010
2002;2048;2004
2003;2048;2011
2004;2049;2007
2001;2048;2007
