1997;2048;2025
1995;2048;2023
1997;2048;2024
1997;2048;2022
1999;2048;2024
1998;2048;2023
1999;2048;2021
1997;2038;2023
1999;2039;2021
1997;2040;2020
1997;2040;2023
1998;2048;2017
1996;2050;2021
1997;2049;2024
1996;2048;2024
1997;2050;2023
1998;2049;2025
1998;2050;2025
1997;2049;2027
1999;2048;2027
1998;2048;2025
1999;2048;2030
1998;2048;2029
1999;2031;2027
1998;2057;2018
1999;2048;2028
1999;2031;2024
1999;2031;2025
1998;2067;2015
1999;2041;2028
1999;2048;2027
1999;2048;2027
1999;2048;2027
1999;2048;2026
1999;2048;2024
1999;2048;2026
1999;2048;2023
1999;2048;2026
1999;2048;2024
1998;2048;2026
1999;2049;2024
1999;2051;2028
1999;2051;2023
2001;2048;2024
1997;2050;2024
2001;2048;2023
1999;2049;2026
2001;2049;2023
1999;2050;2024
2000;2048;2027
1999;2048;2021
2002;2048;2025
1998;2048;2024
2000;2048;2026
2002;2048;2025
2000;2048;2023
2002;2048;2022
1999;2048;2022
2002;2048;2025
2002;2048;2023
1999;2048;2026
2001;2048;2023
2002;2048;2023
2001;2049;2024
2001;2049;2027
1999;2048;2027
2000;2048;2025
2002;2051;2027
2000;2048;2026
2001;2048;2026
1999;2048;2026
2001;2048;2026
2002;2048;2024
2002;2048;2027
1999;2048;2027
2001;2048;2024
1999;2053;2025
2002;2048;2028
2002;2048;2027
2003;2048;2026
2002;2048;2026
1999;2051;2027
2002;2048;2027
2001;2048;2030
2001;2049;2029
2002;2049;2028
1999;2050;2027
2002;2049;2030
1999;2048;2025
2001;2048;2027
2001;2048;2027
2002;2048;2029
2002;2048;2027
2001;2048;2026
2002;2048;2027
2001;2048;2025
1999;2048;2023
2001;2048;2026
2000;2048;2026
2002;2048;2027
2002;2048;2027
2001;2049;2027
2001;2048;2026
1999;2048;2027
2003;2048;2023
2000;2049;2025
2002;2050;2025
2001;2048;2026
2002;2048;2027
1999;2049;2026
2000;2048;2029
2002;2050;2027
2001;2049;2023
2002;2048;2026
2001;2048;2027
2002;2048;2025
2001;2048;2025
2002;2048;2024
2003;2048;2027
2004;2048;2025
2003;2049;2027
2001;2048;2025
1999;2048;2027
2002;2048;2025
2002;2048;2022
1999;2048;2027
2001;2048;2026
2001;2048;2026
2002;2048;2025
2003;2048;2026
2002;2048;2028
2002;2048;2026
1999;2048;2026
2000;2049;2027
2002;2048;2027
1999;2048;2027
2002;2048;2025
2002;2048;2029
2001;2048;2026
2002;2048;2025
2001;2048;2025
1999;2048;2021
2002;2049;2029
2002;2048;2025
1999;2049;2027
2003;2048;2027
2001;2048;2026
2002;2048;2024
2003;2048;2027
2001;2048;2029
2002;2048;2026
2002;2048;2025
2001;2048;2024
1999;2048;2024
2000;2048;2023
2001;2039;2023
2001;2048;2024
2000;2048;2021
2001;2048;2023
2000;2048;2021
2001;2048;2019
2001;2048;2023
2000;2053;2025
1999;2048;2026
2000;2048;2025
2001;2049;2023
2002;2048;2023
1996;2048;2025
1999;2049;2023
1999;2048;2024
2002;2048;2025
1999;2048;2027
2001;2048;2026
2001;2048;2023
2003;2048;2021
2000;2048;2023
2002;2048;2026
2000;2039;2025
1999;2041;2027
1999;2048;2027
2001;2048;2027
1999;2048;2025
1999;2048;2024
1999;2048;2027
2001;2048;2025
2001;2048;2025
2000;2048;2023
1999;2048;2026
1999;2048;2025
2001;2048;2023
1999;2048;2021
2001;2039;2023
1999;2048;2023
2002;2038;2025
1999;2048;2022
2001;2048;2022
1997;2048;2021
1999;2048;2021
1999;2048;2020
1997;2048;2021
1999;2048;2025
1999;2048;2020
1999;2048;2022
2001;2048;2021
1998;2039;2019
1999;2048;2021
1998;2049;2023
1999;2048;2025
1999;2057;2023
2000;2040;2023
1998;2048;2024
2000;2048;2022
1999;2041;2019
1999;2040;2022
1999;2048;2022
1998;2048;2020
1999;2048;2025
1999;2048;2022
1999;2049;2023
1999;2048;2024
1999;2048;2024
1999;2048;2022
1997;2048;2025
1999;2048;2021
1999;2048;2025
1999;2049;2029
1998;2048;2023
1998;2048;2025
2001;2048;2037
1999;2048;2024
1999;2048;2026
1999;2048;2027
2001;2048;2026
2001;2048;2026
2001;2042;2021
1998;2048;2027
1999;2048;2023
1997;2048;2026
1999;2048;2025
1999;2048;2025
1999;2048;2024
1998;2048;2023
1999;2048;2023
1998;2048;2021
1997;2048;2025
1999;2048;2021
1999;2048;2025
1997;2048;2024
1999;2048;2026
1998;2048;2022
1999;2048;2024
1999;2048;2024
1999;2048;2023
1999;2048;2025
1999;2048;2021
2001;2041;2022
2001;2048;2023
1999;2048;2023
1998;2048;2021
1997;2048;2023
1998;2038;2022
1999;2037;2022
2000;2037;2017
1999;2039;2013
1998;2035;2015
1999;2033;2016
1997;2039;2020
1999;2036;2017
1997;2037;2018
1997;2040;2019
1997;2039;2019
1997;2037;2022
1998;2037;2015
1998;2036;2019
1995;2040;2017
1998;2036;2019
1999;2038;2019
1997;2035;2018
1997;2041;2019
1997;2048;2019
1997;2041;2020
1998;2041;2020
1996;2038;2018
1997;2048;2019
1995;2048;2021
1996;2048;2019
1993;2041;2023
1995;2038;2023
1994;2048;2023
1996;2048;2020
1996;2039;2020
1995;2040;2020
1996;2038;2019
1995;2038;2018
1994;2041;2015
1996;2038;2019
1995;2041;2019
1995;2048;2020
1996;2038;2019
1996;2048;2018
1995;2048;2018
1997;2048;2018
1994;2048;2017
1996;2039;2020
1996;2037;2019
1994;2041;2019
1995;2038;2016
1995;2039;2021
1995;2048;2023
1994;2048;2018
1996;2037;2021
1996;2048;2015
1997;2039;2018
1995;2038;2017
1995;2041;2015
1997;2039;2019
1996;2048;2017
1995;2033;2019
1997;2048;2023
1995;2048;2016
1997;2048;2017
1995;2048;2018
1995;2040;2017
1994;2048;2017
1995;2040;2018
1995;2048;2019
1995;2040;2022
1995;2061;2023
1998;2039;2015
1995;2039;2021
1994;2048;2021
1995;2040;2020
1996;2038;2017
1996;2048;2019
1996;2039;2017
1995;2036;2019
1995;2048;2019
1996;2039;2020
1996;2038;2020
1996;2038;2019
1995;2048;2022
1994;2048;2021
1995;2039;2018
1994;2041;2016
1994;2040;2018
1995;2048;2020
1997;2048;2019
1994;2048;2015
1995;2040;2015
1996;2048;2020
1996;2038;2017
1997;2038;2019
1995;2039;2019
1995;2039;2019
1995;2039;2017
1995;2041;2019
1994;2039;2020
1995;2039;2017
1997;2039;2021
1994;2038;2016
1995;2048;2019
1995;2048;2018
1995;2039;2018
1997;2048;2020
1994;2037;2018
1996;2041;2020
1994;1792;2015
1996;2040;2021
1995;2048;2021
1996;2039;2017
1994;2040;2022
1995;2040;2021
1995;2048;2015
1995;2039;2021
1995;2041;2017
1995;2041;2022
1995;2048;2021
1997;2048;2018
1995;2041;2015
1995;2048;2021
1995;2048;2019
1994;2040;2021
1993;2040;2017
1993;2048;2019
1994;2048;2021
1995;2048;2021
1995;2048;2023
1995;2048;2021
1993;2040;2019
1995;2038;2019
1994;2039;2018
1993;2041;2018
1994;2038;2017
1995;2048;2020
1995;2038;2019
1997;2039;2020
1994;2048;2021
1994;2039;2018
1994;2048;2015
1994;2048;2015
1995;2048;2019
1995;2039;2017
1995;2048;2020
1995;2037;2018
1994;2038;2019
1995;2041;2018
1994;2048;2017
1995;2048;2019
1996;2019;2019
1994;2048;2021
1995;2048;2022
1994;2041;2018
1995;2038;2019
1996;2048;2018
1995;2042;2020
1995;2048;2021
1995;2048;2018
1997;2048;2019
1995;2041;2020
1997;2048;2017
1996;2048;2023
1995;2048;2021
1996;2048;2021
1995;2048;2019
1995;2048;2020
1995;2048;2019
1995;2037;2019
1995;2048;2023
1995;2048;2016
1997;2039;2018
1995;2039;2021
1996;2039;2017
1995;2048;2019
1995;2048;2018
1994;2039;2019
1995;2039;2019
1995;2048;2022
1996;2038;2015
1995;2040;2019
1995;2039;2021
1995;2039;2021
1995;2041;2021
1994;2038;2019
1994;2039;2017
1995;2048;2017
1998;2037;2020
1993;2039;2019
1995;2048;2020
1994;2048;2022
1996;2041;2019
1995;2039;2022
1995;2039;2021
1997;2295;2019
1996;2048;2019
1996;2039;2019
1996;2039;2019
1995;2040;2016
1995;2040;2020
1997;2039;2017
1996;2048;2020
1995;2048;2020
1995;2048;2020
1995;2035;2019
1995;2041;2019
1996;2039;2015
1995;2039;2021
1995;2048;2021
1995;2040;2019
1995;2041;2019
1994;2040;2018
1995;2040;2019
1996;2048;2018
1995;2041;2019
1996;2039;2020
1994;2039;2019
1996;2048;2018
1997;2048;2018
1997;2037;2020
1995;2040;2018
1994;2048;2020
1997;2048;2019
1994;2041;2020
1995;2048;2019
1995;2048;2021
1995;2048;2018
1996;2048;2021
1995;2048;2021
1995;2048;2020
1994;2048;2021
1995;2048;2020
1995;2048;2019
1997;2041;2021
1994;2048;2020
1995;2040;2021
1996;2039;2022
1994;2048;2021
1994;2039;2022
1997;2037;2020
1995;2039;2018
1995;2048;2016
2001;2039;2021
1995;2040;2021
1996;2040;2015
1994;2048;2017
1996;2048;2017
1995;2039;2020
1995;2039;2021
1996;2049;2019
1997;2041;2021
1995;2041;2019
1996;2048;2017
1997;2040;2017
1997;2039;2016
1995;2037;2020
1995;2038;2018
1995;2039;2019
1996;2048;2017
1997;2048;2017
1997;2040;2017
1995;2039;2019
1998;2041;2018
1995;2048;2016
1996;2048;2025
1997;2048;2019
1998;2041;2020
1996;2048;2019
1994;2040;2018
1995;2048;2022
1995;2048;2021
1995;2048;2021
1995;2048;2019
1995;2041;2023
1994;2048;2019
1994;2048;2021
1997;2040;2020
1996;2038;2020
1996;2041;2023
1994;2040;2017
1995;2048;2018
1996;2048;2018
1993;2038;2019
1997;2040;2018
1995;2039;2019
1996;2038;2019
1994;2048;2019
1995;2048;2020
1995;2048;2019
1995;2039;2019
1996;2041;2020
1996;2048;2018
1996;2037;2018
1995;2039;2018
1995;2039;2017
1995;2042;2019
1997;2048;2017
1997;2038;2021
1993;2038;2018
1995;2037;2020
1997;2041;2015
1997;2039;2018
1994;2036;2018
1995;2040;2018
1995;2038;2014
1995;2048;2020
1996;2048;2017
1997;2040;2021
1995;2048;2020
1995;2041;2020
1995;2048;2021
1995;2039;2018
1995;2048;2020
1995;2039;2020
1997;2048;2018
1995;2048;2021
1997;2039;2020
1996;2040;2017
1995;2048;2015
1997;2042;2017
1997;2041;2020
1996;2039;2018
1995;2048;2020
1995;2038;2017
1996;2038;2020
1995;2048;2021
1994;2048;2020
2003;2048;2015
1995;2048;2020
1996;2041;2017
1995;2048;2017
1994;2039;2018
1995;2039;2021
1997;2040;2019
1995;2039;2016
1995;2039;2018
1997;2039;2018
1994;2041;2017
1996;2039;2020
1995;2040;2017
1993;2038;2018
1996;2039;2019
1995;2038;2018
1995;2041;2017
1995;2039;2021
1994;2048;2022
1994;2048;2022
1996;2048;2020
1995;2048;2018
1994;2048;2021
1995;2040;2020
1995;2048;2020
1996;2048;2019
1995;2038;2020
1997;2039;2023
1994;2048;2021
1997;2048;2022
1996;2035;2022
1996;2041;2018
1996;2040;2019
1995;2048;2021
1995;2039;2017
1996;2038;2021
1996;2039;2019
1995;2048;2025
1995;2048;2023
1996;2048;2020
1997;2048;2022
1995;2041;2019
1996;2041;2017
1995;2039;2020
1995;2038;2021
1998;2048;2020
1995;2048;2023
1996;2048;2019
1995;2048;2018
1995;2037;2019
1995;2039;2019
1995;2039;2017
1995;2048;2015
1995;2048;2020
1997;2037;2019
1995;2048;2018
1996;2048;2013
1996;2048;2021
1995;2040;2018
1997;2039;2019
1995;2048;2018
1997;2048;2018
1997;2048;2017
1996;2039;2017
1995;2053;2017
1995;2039;2020
1995;2048;2021
1996;2048;2017
1991;2048;2017
1996;2048;2019
1997;2038;2017
1997;2048;2019
1997;2039;2019
1994;2039;2019
1996;2038;2020
1997;2048;2020
1995;2041;2019
1993;2040;2021
1995;2048;2020
1997;2048;2021
1996;2048;2020
1994;2048;2023
1996;2040;2021
1995;2048;2021
1998;2048;2019
1996;2048;2018
1997;2048;2019
1997;2048;2021
1996;2040;2021
1995;2048;2021
1993;2048;2019
1997;2039;2018
1995;2048;2020
1995;2038;2015
1995;2037;2018
1996;2039;2021
1994;2048;2021
1995;2039;2018
1996;2040;2019
1994;2039;2018
1997;2037;2017
1995;2048;2019
1996;2048;2019
1996;2048;2019
1995;2039;2022
1997;2041;2019
1995;2048;2021
1995;2036;2023
1997;2041;2020
1996;2041;2019
1995;2039;2019
1995;2039;2018
1995;2040;2015
1995;2048;2016
1995;2048;2019
1995;2040;2023
1995;2048;2019
1995;2048;2018
1996;2040;2019
1995;2039;2021
1996;2048;2022
1997;2048;2017
1997;2040;2023
1995;2040;2020
1998;2039;2020
1998;2048;2021
1995;2048;2021
1995;2040;2021
1994;2048;2022
1997;2048;2018
1996;2035;2022
1996;2039;2019
1996;2038;2019
1995;2048;2022
1995;2039;2007
1995;2048;2020
1995;2048;2017
1996;2039;2019
1995;2048;2019
1995;2048;2019
1997;2041;2017
1997;2048;2018
1996;2048;2018
1995;2048;2020
1996;2048;2021
1996;2048;2021
1995;2048;2021
1995;2039;2018
1995;2048;2021
1994;2038;2017
1995;2048;2018
1995;2048;2017
1995;2038;2018
1997;2037;2015
1996;2038;2017
1996;2048;2019
1997;2048;2018
1995;2048;2018
1997;2048;2018
1997;2048;2021
1995;2048;2018
1995;2048;2019
1995;2048;2016
1995;2048;2019
1994;2048;2018
1997;2048;2018
1995;2048;2020
1997;2039;2020
1996;2048;2022
1995;2048;2019
1997;2040;2019
1997;2040;2019
1995;2039;2019
1995;2035;2017
1994;2039;2021
1993;2040;2023
1996;2048;2022
1999;2048;2020
1995;2048;2018
1996;2041;2016
1997;2048;2018
1998;2048;2019
1994;2048;2017
1997;2041;2021
1997;2048;2021
1995;2039;2022
1996;2048;2018
1997;2040;2023
1995;2048;2021
1996;2038;2015
1997;2038;2019
1995;2037;2018
1997;2038;2021
1995;2039;2020
1997;2048;2020
1995;2041;2020
1996;2048;2021
1995;2048;2019
1995;2048;2021
1996;2038;2023
1997;2048;2018
1995;2048;2015
1997;2048;2018
1997;2041;2019
1996;2048;2021
1995;2039;2018
1996;2038;2017
1995;2048;2021
1996;2048;2021
1996;2040;2019
1998;2040;2016
1998;2039;2019
1996;2039;2019
1996;2039;2020
1997;2041;2022
1996;2040;2019
1996;2037;2015
1997;2048;2020
1996;2041;2019
1996;2048;2019
1995;2035;2021
1997;2039;2017
1995;2048;2021
1997;2048;2021
1997;2037;2023
1995;2039;2019
1996;2048;2019
1995;2039;2021
1996;2039;2019
1998;2048;2020
1995;2039;2022
1997;2038;2018
1995;2038;2018
1997;2048;2018
1998;2040;2016
1996;2039;2013
1997;2041;2019
1996;2048;2019
1995;2041;2024
1995;2048;2021
1997;2048;2020
1995;2048;2022
1997;2048;2018
1996;2048;2019
1996;2037;2020
1997;2040;2019
1995;2048;2018
1995;2038;2020
1996;2041;2020
1996;2048;2019
1996;2048;2023
1996;2048;2023
1997;2042;2021
1997;2048;2019
1997;2039;2017
1997;2048;2021
1995;2048;2018
1996;2048;2019
1995;2048;2023
1995;2041;2014
1997;2048;2022
1997;2048;2021
1996;2048;2021
1995;2048;2020
1996;2048;2020
1996;2039;2017
1995;2039;2020
1997;2039;2022
1995;2036;2021
1997;2048;2018
1995;2039;2020
1997;2048;2016
1997;2048;2019
1996;2038;2019
1996;2048;2018
1997;2048;2019
1995;2038;2019
1995;2048;2019
1995;2040;2019
1995;2048;2023
1995;2040;2020
1997;2039;2022
1996;2037;2021
1997;2048;2019
1996;2048;2018
1996;2038;2018
1995;2041;2018
1998;2039;2023
1997;2039;2017
1995;2039;2021
1998;2037;2020
1995;2048;2019
1993;2048;2019
1997;2048;2022
1998;2048;2021
1995;2048;2021
1998;2048;2018
1996;2048;2023
1997;2048;2022
1996;2048;2018
1997;2039;2020
1997;2037;2022
1997;2049;2022
1997;2048;2020
1996;2048;2020
1996;2037;2020
1996;2039;2020
1998;2039;2019
1996;2048;2019
1997;2033;2019
1997;2040;2018
1996;2048;2018
1994;2048;2019
1997;2037;2015
1997;2048;2019
1996;2039;2017
1997;2048;2018
1997;2048;2019
1997;2048;2018
1998;2048;2019
1997;2039;2019
1997;2034;2019
1995;2041;2019
1997;2048;2017
1995;2048;2023
1995;2048;2021
1997;2048;2021
1999;2036;2018
1997;2041;2019
1997;2048;2019
1997;2048;2018
1998;2037;2020
1998;2048;2018
1997;2048;2020
1997;2041;2021
1996;2048;2020
1996;2039;2018
1996;2039;2023
1995;2048;2024
1996;2050;2019
1999;2048;2021
1997;2039;2015
1996;2040;2021
1997;2034;2021
1999;2048;2023
1996;2039;2021
1995;2048;2017
1996;2048;2023
1997;2039;2021
1997;2041;2021
1997;2048;2019
1997;2039;2018
1995;2040;2021
1997;2038;2016
1995;2048;2019
1997;2048;2022
1997;2048;2020
1997;2048;2021
1998;2040;2023
1997;2048;2021
1997;2048;2020
1997;2039;2019
1997;2039;2019
1997;2048;2021
1993;2037;2019
1997;2049;2021
1996;2048;2023
1997;2048;2023
1997;2048;2022
1995;2039;2020
1991;2048;2019
1998;2048;2018
1997;2033;2018
1997;2048;2017
1997;2048;2019
1999;2048;2019
1998;2048;2018
1995;2048;2020
1995;2048;2023
1996;2048;2019
1997;2041;2018
1996;2037;2017
1997;2040;2021
1999;2048;2023
1997;2048;2021
1997;2048;2018
1998;2040;2020
1997;2039;2020
1995;2048;2021
1997;2048;2019
1995;2048;2018
1995;2048;2019
1997;2039;2020
1997;2048;2017
1997;2036;2022
1997;2048;2018
1996;2048;2019
1997;2048;2018
1998;2048;2023
1996;2048;2023
1995;2048;2021
1999;2038;2020
1998;2048;2023
1995;2048;2023
1996;2048;2015
1997;2048;2021
1997;2051;2022
1998;2048;2034
1998;2048;2019
1997;2039;2022
1997;2048;2023
1997;2052;2017
1998;2040;2021
1997;2040;2019
1997;2040;2018
1997;2039;2025
1999;2048;2023
1998;2039;2021
1997;2048;2020
1997;2048;2021
1997;2048;2023
1996;2040;2021
1998;2048;2019
1997;2048;2019
1995;2039;2021
1997;2048;2019
1999;2048;2018
1996;2048;2017
1997;2048;2020
1997;2039;2022
1997;2048;2020
1998;2048;2019
1997;2040;2020
1998;2048;2019
1998;2048;2018
1997;2048;2018
1999;2048;2026
1998;2039;2021
1996;2048;2019
1998;2048;2020
1997;2039;2020
1999;2048;2020
1999;2048;2021
1998;2048;2021
1999;2048;2019
1999;2039;2019
1997;2048;2022
1997;2048;2021
1997;2048;2021
1999;2048;2022
1997;2048;2022
1997;2048;2023
1998;2048;2023
1998;2048;2018
1996;2040;2021
1999;2048;2021
1997;2048;2021
1997;2048;2019
1999;2048;2023
1997;2048;2020
1996;2048;2023
1998;2039;2023
1997;2048;2023
1997;2048;2021
1998;2048;2022
1997;2048;2016
1999;2048;2019
1998;2048;2024
1998;2039;2022
2001;2048;2021
1999;2048;2022
1998;2048;2031
1999;2048;2019
1996;2048;2021
1998;2048;2019
1996;2048;2019
1995;2048;2020
1997;2048;2018
1998;2048;2022
1998;2048;2023
1997;2048;2021
1998;2048;2011
1998;2048;2021
1998;2048;2018
1997;2048;2021
1997;2048;2019
1998;2048;2021
1999;2048;2019
1997;2048;2023
1996;2048;2017
1997;2041;2025
1997;2048;2019
1999;2048;2018
1999;2048;2018
1997;2048;2019
1999;2048;2019
1997;2039;2019
1997;2048;2024
1996;2048;2018
1998;2048;2022
1997;2048;2022
1998;2048;2019
1998;2048;2020
1996;2048;2023
1999;2048;2020
1997;2048;2023
1998;2048;2018
1997;2048;2025
1998;2048;2021
1998;2048;2019
1998;2048;2026
1998;2048;2022
1999;2048;2019
1998;2048;2019
1998;2048;2018
1997;2048;2020
1995;2040;2021
1997;2048;2022
1997;2048;2023
1998;2048;2021
1998;2048;2022
1997;2048;2022
1999;2048;2023
1998;2048;2021
1998;2039;2023
1999;2048;2019
1998;2048;2021
1998;2048;2020
1998;2048;2023
1999;2048;2023
1998;2048;2022
1998;2048;2023
1997;2048;2021
1997;2048;2021
1995;2039;2020
1999;2048;2015
1998;2048;2022
1997;2040;2023
1999;2048;2019
1999;2048;2023
1999;2048;2022
1998;2048;2021
1999;2048;2021
1999;2048;2022
1998;2048;2019
1998;2048;2020
1997;2048;2021
1999;2048;2022
1998;2041;2021
2001;2048;2018
1998;2048;2020
1997;2065;2020
1997;2051;2027
1998;2050;2027
1999;2052;2024
1999;2057;2026
1999;2049;2027
1999;2050;2031
1999;2050;2023
1999;2050;2028
1999;2053;2023
1999;2059;2025
1999;2051;2029
1999;2049;2021
2002;2051;2025
2001;2053;2026
2001;2048;2025
2002;2048;2026
2002;2050;2026
2001;2048;2023
2001;2052;2025
2002;2048;2028
2001;2049;2029
2000;2048;2019
2000;2053;2024
2003;2048;2023
2003;2051;2029
2001;2048;2026
2002;2048;2026
2002;2048;2020
2003;2051;2028
2003;2051;2026
2003;2048;2023
2002;2048;2030
2002;2051;2027
2002;2051;2025
2004;2051;2027
2002;2050;2025
2002;2053;2026
2004;2048;2027
2003;2048;2027
2003;2048;2026
2004;2050;2027
2001;2048;2019
2002;2048;2024
2002;2049;2022
2001;2048;2023
2001;2049;2025
2003;2051;2027
2003;2049;2025
2002;2050;2025
2001;2053;2023
2003;2051;2026
2003;2049;2029
2002;2050;2027
2003;2048;2026
2002;2048;2025
2002;2050;2025
2003;2048;2025
2002;2050;2026
2004;2048;2022
2003;2048;2028
2001;2048;2023
2003;2048;2026
2004;2049;2025
2003;2048;2027
2002;2048;2021
2005;2048;2027
2003;2048;2027
2003;2048;2023
2003;2048;2024
2003;2051;2027
2003;2050;2028
2003;2048;2026
2003;2052;2027
2004;2048;2026
2004;2051;2024
2003;2049;2026
2004;2050;2026
2004;2049;2028
2002;2050;2027
2003;2048;2030
2004;2048;2026
2002;2048;2024
2003;2048;2024
2002;2048;2025
2002;2048;2027
2003;2050;2027
2003;2049;2027
2003;2049;2028
2004;2048;2027
2002;2051;2028
2004;2050;2028
2003;2050;2027
2003;2049;2028
2005;2053;2023
2002;2049;2027
2003;2048;2025
2002;2048;2023
2003;2048;2024
2004;2048;2025
2002;2048;2026
2003;2048;2023
2006;2048;2025
2003;2048;2023
2003;2048;2022
2003;2048;2031
2004;2039;2025
2002;2048;2027
2002;2049;2024
2004;2048;2023
2003;2049;2025
2003;2051;2025
2003;2048;2024
2005;2048;2027
2005;2051;2025
2003;2048;2026
2005;2048;2028
2003;2048;2027
2003;2049;2027
2004;2048;2025
2002;2050;2029
2003;2048;2025
2003;2048;2025
2005;2048;2027
2005;2049;2029
2002;2052;2027
2003;2049;2024
2003;2049;2025
2003;2048;2027
2003;2050;2026
2002;2053;2023
2003;2049;2027
2004;2052;2035
2001;2049;2025
2002;2052;2028
2004;2051;2027
2004;2050;2027
2003;2048;2028
2004;2048;2024
1995;2048;2025
2005;2048;2028
2005;2048;2024
2002;2048;2025
2003;2049;2024
2003;2050;2027
2005;2048;2025
1999;2048;2025
2002;2050;2026
2002;2048;2022
2003;2048;2025
2004;2050;2025
2003;2048;2023
2005;2049;2025
2003;2050;2027
2003;2051;2024
2003;2051;2025
2003;2048;2025
2005;2048;2024
2004;2048;2027
2003;2048;2026
2002;2048;2025
2002;2049;2026
2002;2049;2027
2004;2051;2025
2004;2049;2025
2002;2048;2030
2002;2049;2027
2004;2051;2025
2003;2048;2025
2001;2048;2027
2002;2049;2025
2003;2048;2029
2003;2050;2027
2002;2052;2025
2005;2050;2028
2003;2048;2028
2004;2048;2026
2003;2048;2028
2010;2050;2026
2002;2048;2025
2003;2049;2025
2003;2048;2024
2003;2050;2023
2003;2048;2026
2003;2051;2026
2002;2049;2027
2003;2049;2028
2003;2052;2027
2004;2048;2027
2004;2051;2025
2001;2049;2027
2002;2049;2023
2002;2049;2026
2002;2048;2023
2004;2048;2026
2004;2049;2024
2003;2051;2026
2003;2048;2026
2003;2050;2023
2002;2048;2021
2003;2048;2023
2003;2048;2025
2003;2048;2025
2004;2048;2025
2004;2049;2025
2003;2048;2026
2002;2049;2027
2004;2053;2025
2003;2048;2029
2003;2051;2027
2003;2048;2027
2004;2053;2025
2001;2052;2025
2003;2048;2025
2003;2048;2030
2003;2048;2026
2002;2052;2028
2003;2048;2021
2002;2051;2029
2004;2048;2026
2003;2048;2025
2002;2050;2023
2003;2048;2026
2003;2048;2024
2004;2051;2023
2003;2049;2026
2002;2048;2026
2002;2048;2023
2007;2048;2023
2003;2050;2024
2003;2048;2025
2003;2049;2023
2002;2050;2025
2002;2050;2027
2004;2050;2026
2002;2050;2024
2003;2048;2025
2002;2048;2027
2004;2048;2026
2001;2048;2029
2004;2050;2027
2002;2049;2025
2002;2048;2026
2005;2048;2026
2003;2048;2025
2005;2048;2024
2003;2048;2026
2002;2049;2026
2003;2050;2023
2003;2051;2026
2002;2053;2024
2003;2048;2027
2002;2052;2026
2002;2048;2021
2003;2048;2028
2004;2049;2027
2003;2048;2027
2002;2048;2026
2001;2049;2027
2002;2048;2027
2001;2050;2027
2003;2051;2028
2002;2052;2024
2002;2048;2025
2003;2051;2024
1999;2048;2022
2001;2048;2027
2001;2048;2023
2003;2048;2025
2004;2049;2024
2001;2048;2028
2003;2048;2025
2002;2049;2021
2002;2048;2023
2003;2050;2022
2002;2048;2026
2002;2049;2025
2003;2048;2029
2003;2050;2026
2002;2048;2027
2003;2048;2026
2003;2055;2023
2002;2048;2022
2003;2049;2023
2002;2049;2022
2007;2052;2026
2003;2050;2027
2004;2051;2025
2002;2048;2027
2003;2054;2026
2003;2049;2026
2003;2050;2029
2003;2052;2030
2005;2051;2026
2003;2048;2027
2006;2049;2029
2004;2050;2027
2003;2051;2031
2005;2049;2026
2005;2048;2029
2005;2053;2026
2005;2048;2028
2003;2048;2029
2003;2049;2026
2004;2049;2025
2003;2052;2027
2003;2048;2027
2005;2048;2028
2003;2050;2026
2003;2052;2027
2003;2051;2030
2003;2051;2027
2004;2051;2027
2003;2054;2023
2003;2048;2026
2004;2048;2025
2003;2048;2029
2003;2048;2031
2007;2048;2029
2003;2049;2027
2004;2052;2028
2003;2051;2027
2002;2049;2025
2004;2048;2025
2003;2049;2024
2007;2051;2024
2005;2050;2029
2003;2051;2022
2004;2049;2027
2004;2051;2029
2003;2051;2027
2004;2049;2027
2002;2052;2022
2005;2051;2025
2005;2050;2028
2003;2050;2027
2003;2048;2029
2006;2049;2027
2005;2049;2024
2004;2050;2028
2002;2051;2031
2003;2053;2021
2003;2051;2023
2004;2048;2025
2003;2052;2023
2005;2051;2029
2005;2053;2027
2004;2053;2027
2003;2052;2023
2002;2053;2031
2004;2050;2030
2005;2051;2029
2005;2049;2030
2005;2050;2027
2005;2050;2029
2004;2050;2031
2005;2049;2031
2005;2051;2031
2004;2048;2031
2005;2049;2029
2003;2049;2028
2004;2050;2026
2005;2051;2026
2005;2049;2027
2005;2049;2030
2005;2051;2028
2005;2052;2029
2005;2052;2026
2005;2051;2029
2003;2052;2021
2005;2051;2027
2004;2049;2031
2006;2053;2027
2003;2052;2018
2002;2049;2028
