1498;2050;579
1498;2049;577
1499;2049;576
1498;2050;577
1497;2052;576
1497;2051;579
1498;2053;578
1498;2048;581
1499;2051;579
1498;2050;580
1497;2049;580
1499;2049;580
1498;2048;582
1498;2051;581
1497;2052;580
1499;2051;580
1499;2048;579
1500;2053;577
1497;2048;577
1499;2051;581
1499;2050;581
1494;2050;579
1498;2049;581
1499;2050;578
1498;2053;579
1498;2052;581
1497;2050;579
1496;2049;583
1499;2050;580
1499;2050;581
1497;2048;581
1498;2051;581
1499;2050;582
1498;2050;582
1498;2050;581
1499;2048;579
1497;2050;581
1498;2048;579
1497;2051;578
1499;2049;582
1497;2051;580
1500;2050;581
1499;2050;582
1497;2050;582
1498;2050;581
1497;2051;582
1496;2050;584
1497;2050;583
1496;2048;582
1497;2049;583
1498;2048;582
1498;2049;581
1497;2048;581
1499;2049;580
1498;2048;583
1498;2050;580
1497;2051;582
1499;2050;581
1499;2050;585
1498;2055;583
1498;2051;580
1498;2049;582
1497;2052;581
1498;2050;581
1499;2049;580
1499;2050;581
1499;2050;584
1498;2051;584
1498;2049;584
1499;2048;581
1497;2048;581
1498;2050;582
1499;2048;582
1499;2048;581
1499;2049;580
1497;2049;581
1501;2049;583
1499;2049;581
1497;2049;582
1497;2049;583
1496;2050;584
1498;2049;581
1498;2050;581
1499;2048;582
1499;2054;580
1499;2048;581
1497;2048;580
1497;2049;585
1497;2048;584
1496;2048;583
1499;2048;585
1501;2050;584
1497;2048;583
1498;2048;582
1497;2048;583
1497;2051;583
1497;2049;584
1497;2048;581
1498;2049;581
1499;2049;582
1505;2049;583
1499;2048;583
1498;2050;584
1498;2049;584
1498;2051;582
1498;2049;585
1497;2048;582
1498;2048;583
1497;2052;583
1498;2048;583
1499;2048;585
1498;2048;584
1497;2048;584
1498;2048;583
1499;2048;585
1499;2049;584
1497;2049;582
1498;2048;583
1498;2049;583
1497;2048;583
1499;2049;571
1495;2050;585
1498;2050;586
1498;2049;584
1498;2048;583
1498;2048;585
1498;2049;585
1499;2048;586
1502;2052;583
1499;2050;586
1498;2048;585
1499;2051;585
1497;2048;582
1500;2048;585
1500;2050;585
1496;2049;582
1497;2050;585
1497;2049;583
1495;2051;584
1499;2049;583
1498;2049;583
1499;2051;585
1498;2050;585
1500;2048;584
1497;2050;585
1499;2050;587
1500;2049;584
1496;2048;588
1495;2048;589
1497;2048;587
1499;2049;586
1496;2049;586
1497;2048;588
1499;2049;585
1499;2049;586
1499;2050;584
1499;2048;586
1499;2049;586
1498;2048;586
1498;2048;586
1498;2049;584
1497;2048;586
1498;2050;583
1498;2051;587
1498;2050;586
1499;2050;589
1497;2048;585
1497;2052;586
1497;2048;585
1499;2048;589
1498;2048;586
1498;2048;587
1499;2048;584
1499;2049;583
1499;2048;584
1499;2048;586
1499;2048;587
1498;2048;587
1499;2048;583
1499;2048;587
1496;2048;585
1498;2050;586
1499;2049;585
1499;2048;584
1499;2048;584
1497;2048;586
1499;2049;585
1499;2048;585
1500;2048;587
1497;2048;586
1497;2049;587
1499;2048;587
1496;2048;588
1499;2048;582
1497;2048;584
1498;2054;587
1496;2048;580
1499;2048;583
1495;2048;584
1499;2048;585
1497;2048;585
1497;2050;583
1498;2048;579
1497;2048;585
1499;2048;583
1499;2048;584
1496;2050;583
1499;2048;585
1497;2048;584
1499;2048;584
1499;2048;585
1499;2048;584
1498;2048;583
1496;2058;586
1497;2040;583
1496;2048;582
1498;2048;583
1496;2048;583
1497;2048;584
1498;2055;585
1498;2048;581
1497;2048;580
1498;2048;582
1495;2048;581
1497;2048;586
1498;2048;584
1495;2048;584
1496;2048;584
1497;2048;584
1497;2048;586
1497;2049;584
1497;2048;583
1497;2048;579
1496;2048;583
1495;2048;583
1498;2048;581
1496;2048;583
1497;2048;584
1496;2048;584
1496;2048;583
1497;2037;585
1496;2068;591
1494;2048;579
1497;2054;580
1497;2035;579
1496;2048;581
1498;2086;726
1498;2001;717
1499;2035;692
1501;2040;679
1501;2048;663
1499;2048;652
1499;2048;646
1500;2048;638
1502;2048;630
1498;2048;625
1495;2048;619
1498;2048;615
1500;2048;614
1498;2048;610
1499;2041;606
1499;2039;598
1498;2048;597
1498;2049;598
1499;2048;596
1498;2048;597
1498;2048;600
1499;2048;598
1498;2050;597
1497;2048;597
1499;2048;598
1498;2048;597
1496;2048;596
1497;2048;595
1498;2048;593
1499;2061;591
1499;2048;591
1498;2048;591
1498;2048;591
1499;2048;588
1498;2048;591
1499;2048;590
1499;2048;590
1498;2048;592
1498;2048;591
1499;2048;589
1499;2048;594
1497;2048;594
1496;2048;593
1498;2048;594
1498;2048;594
1497;2048;594
1497;2053;590
1497;2057;592
1497;2048;591
1498;2048;591
1499;2048;590
1497;2048;590
1493;2149;652
1500;1887;643
1497;2038;579
1497;2054;572
1497;2048;575
1494;2049;581
1497;2048;581
1495;2049;587
1496;2048;581
1495;2048;587
1497;2048;587
1495;2048;588
1495;2038;589
1497;2048;591
1497;2038;587
1495;2048;586
1494;2125;730
1499;2039;673
1501;1927;642
1494;2065;718
1494;2100;627
1497;2015;560
1492;2149;679
1497;1967;618
1495;2031;541
1501;2057;542
1498;2049;540
1495;2048;548
1495;2048;557
1493;2048;561
1495;2039;564
1496;2048;566
1495;2048;572
1494;2035;575
1495;2049;577
1495;2041;574
1495;2048;572
1495;2039;573
1495;2048;574
1493;2048;577
1493;2048;580
1493;2048;578
1496;2048;579
1495;2048;581
1494;2048;582
1494;2069;593
1494;2037;582
1493;2048;582
1495;2048;583
1493;2039;585
1493;2096;623
1495;2071;608
1494;2041;595
1494;2036;582
1495;2048;575
1494;2039;576
1493;2035;575
1494;2053;577
1494;2048;579
1494;2048;576
1493;2041;578
1493;2039;578
1494;2040;578
1494;2048;578
1491;2048;579
1493;2039;583
1491;2048;581
1493;2048;581
1491;2040;581
1491;2040;578
1492;2039;580
1493;2041;582
1492;2037;581
1491;2048;583
1493;2039;582
1493;2048;583
1491;2048;585
1493;2048;583
1492;2041;586
1491;2039;581
1493;2040;583
1491;2039;583
1491;2041;579
1493;2041;582
1491;2071;591
1493;2038;583
1492;2039;584
1491;2037;583
1493;2038;584
1491;2037;581
1493;2039;585
1491;2038;585
1493;2037;586
1491;2034;586
1489;2036;584
1495;2009;573
1491;2036;599
1490;2039;597
1491;2036;590
1491;2037;588
1492;2034;581
1491;2038;578
1490;2055;583
1491;2034;581
1490;2039;579
1491;2030;579
1491;2039;575
1491;2037;575
1492;2038;575
1493;2038;578
1488;2037;578
1493;2010;570
1491;2034;576
1490;2036;580
1489;2039;579
1491;2037;581
1490;2032;579
1488;2035;578
1491;2026;583
1491;2033;579
1489;2039;579
1489;2037;579
1490;2037;581
1490;2030;583
1490;2031;583
1489;2038;578
1489;2037;580
1489;2035;579
1489;2036;579
1489;2048;583
1490;2027;583
1490;2031;580
1489;2036;579
1487;2034;580
1487;2038;582
1487;2048;585
1489;2036;588
1487;2017;613
1487;2018;593
1488;2036;588
1486;2069;612
1487;2015;604
1488;2031;586
1488;2038;576
1487;2033;573
1487;2033;573
1487;2033;572
1487;2036;576
1487;2031;576
1487;2031;579
1487;2039;581
1487;2030;578
1487;2033;577
1486;2033;576
1487;2033;576
1486;2033;575
1487;2031;572
1487;2031;570
1487;2031;573
1487;2034;573
1485;2037;575
1487;2033;573
1486;2033;574
1486;2029;579
1486;2033;576
1486;2035;577
1487;2039;582
1486;2028;576
1485;2031;575
1486;2031;575
1486;2039;573
1487;2031;578
1485;2049;584
1486;2034;579
1485;2026;573
1486;2035;573
1487;2033;572
1487;2029;572
1487;2031;573
1485;2031;573
1486;2031;573
1485;2035;571
1485;2035;573
1483;2033;575
1487;2029;575
1485;2033;575
1486;2033;576
1487;2030;576
1486;2030;573
1485;2034;572
1485;2030;573
1487;2030;573
1485;2030;573
1484;2031;572
1483;2031;574
1483;2032;573
1486;2031;574
1486;2033;573
1482;2148;618
1483;2014;576
1485;2034;571
1487;2029;571
1483;2029;569
1485;2031;570
1483;2029;573
1485;2031;572
1482;2034;574
1485;2030;572
1484;2027;573
1485;2033;571
1483;2029;574
1484;2031;575
1487;2029;575
1483;2032;574
1485;2033;573
1486;2029;576
1483;2029;573
1482;2031;574
1482;2027;572
1483;2048;607
1482;2048;702
1482;2038;689
1483;1974;574
1484;2031;538
1482;2039;535
1484;2033;537
1482;2031;545
1482;2023;549
1482;2027;550
1481;2028;554
1482;2026;556
1484;1939;592
1484;2019;561
1481;2033;555
1482;2031;559
1483;2025;563
1479;2025;563
1482;2026;566
1479;2033;567
1480;2026;574
1483;2029;567
1483;2029;567
1479;2027;567
1483;2027;567
1482;2029;568
1480;2027;568
1481;2026;568
1479;2027;571
1482;2027;572
1480;2020;573
1481;2023;574
1481;2025;576
1482;2025;575
1479;2027;572
1479;2085;598
1478;1998;592
1479;2009;589
1480;2023;573
1479;2041;583
1481;2021;578
1480;2027;578
1480;2021;576
1479;2021;573
1479;2029;576
1479;2017;573
1478;2023;569
1476;2079;623
1477;1968;583
1478;2034;572
1479;2023;566
1478;2036;568
1475;2019;563
1478;1994;563
1477;2017;572
1477;2021;567
1479;2023;567
1477;2085;638
1479;2000;570
1478;2024;559
1479;2031;561
1477;2018;559
1476;2018;559
1475;2019;560
1479;2021;565
1475;2024;565
1476;2010;572
1476;2023;563
1477;1993;581
1478;1999;569
1476;2021;557
1476;2024;559
1477;2017;601
1477;2007;567
1475;2026;561
1477;1997;581
1477;2094;611
1477;2013;622
1479;1999;552
1475;2029;544
1475;2028;545
1477;2019;555
1476;1981;555
1474;2048;607
1477;1973;566
1476;2029;544
1477;2011;544
1475;1994;569
1476;2005;554
1471;2068;602
1475;1998;543
1473;2114;589
1474;1989;613
1476;2001;541
1475;2025;535
1476;2025;535
1475;2012;550
1476;1976;587
1476;1985;553
1476;2029;546
1473;2024;545
1475;2005;546
1474;2025;555
1474;2018;553
1474;2010;552
1475;2027;571
1481;2048;624
1474;1960;557
1475;2023;558
1475;2013;541
1473;2027;542
1473;2023;544
1472;2018;547
1473;2022;544
1473;2021;545
1471;2021;555
1476;1999;559
1473;2021;558
1473;2004;564
1472;2068;596
1472;2023;627
1473;1987;549
1472;2026;538
1472;2023;538
1470;2014;550
1471;2018;545
1469;2067;573
1471;2097;587
1467;2055;610
1471;1967;553
1470;2057;617
1470;2012;672
1474;1897;548
1472;2031;501
1470;2030;499
1469;2031;509
1470;2019;510
1470;2008;527
1469;2017;524
1469;2015;517
1471;2015;524
1470;2017;525
1469;2019;533
1471;2019;534
1469;2021;540
1466;2035;619
1467;1953;589
1471;2009;531
1468;2025;525
1468;2023;531
1468;2020;536
1468;2015;537
1467;2018;545
1469;2001;545
1468;2014;542
1467;2019;545
1466;2099;594
1467;2005;623
1466;2071;591
1468;1994;582
1469;1947;535
1466;2025;525
1468;2018;524
1465;2011;527
1465;2012;533
1466;2018;538
1467;2011;539
1465;2014;540
1466;2014;546
1464;2014;545
1466;1998;543
1464;2017;545
1466;2015;547
1463;2014;547
1464;2003;538
1463;2041;591
1465;1973;551
1465;2007;539
1463;2011;537
1462;2005;550
1466;1995;555
1461;2048;566
1464;2004;546
1461;2092;590
1463;1998;609
1465;2002;602
1463;2005;591
1462;1986;561
1462;2020;554
1462;2034;570
1463;2007;576
1463;2009;571
1463;2011;571
1465;2014;573
1462;1990;523
1461;2010;496
1461;2017;493
1461;2021;497
1461;2014;500
1462;2019;512
1462;2006;506
1458;2019;512
1461;2017;522
1460;2011;523
1461;2019;530
1461;2022;537
1460;2005;545
1460;2026;554
1461;1991;541
1461;2022;539
1460;2026;549
1462;2011;551
1462;2015;553
1462;2013;555
1461;2015;566
1461;2009;562
1461;2017;562
1461;2026;565
1461;2019;576
1461;2048;609
1460;1999;609
1461;2002;575
1463;1998;555
1461;1985;520
1462;2019;508
1457;2076;559
1460;2033;593
1453;1997;578
1462;2028;601
1460;2005;601
1458;2004;593
1461;1998;573
1460;2013;560
1460;2015;552
1461;2017;551
1458;2022;560
1459;2029;577
1461;2013;590
1459;2007;587
1459;2010;582
1459;2002;559
1461;2017;554
1459;2019;556
1459;2015;558
1460;2033;586
1461;2007;593
1461;2005;584
1460;2013;564
1459;2018;562
1460;2013;561
1461;2019;582
1460;2009;584
1458;2011;583
1460;2009;583
1460;2013;577
1460;2013;578
1460;2011;572
1459;2007;570
1459;2016;566
1459;2011;560
1459;1995;541
1458;2015;530
1458;2020;530
1460;1960;447
1458;2004;418
1459;2033;424
1457;2048;480
1458;1983;470
1459;2010;468
1457;2036;482
1455;2001;477
1458;2011;476
1460;2025;489
1459;2017;497
1459;2036;513
1458;2023;518
1458;2017;533
1458;2003;523
1458;2029;537
1457;2033;553
1459;2000;527
1459;2010;520
1457;2023;535
1459;2009;526
1461;2017;532
1455;2014;534
1460;2019;539
1458;2013;534
1459;2008;536
1457;2006;535
1459;2007;528
1458;2017;525
1460;2015;529
1459;2015;530
1456;2048;540
1458;2021;541
1457;2010;542
1458;2015;545
1458;2013;542
1458;2013;549
1459;2011;540
1459;2012;540
1457;1995;559
1460;1997;545
1458;1985;581
1458;1994;522
1457;2019;507
1457;2015;507
1458;2010;499
1455;2029;505
1460;2017;512
1457;2010;518
1457;2013;512
1457;2033;525
1458;2026;557
1458;1983;535
1456;2010;523
1458;2018;520
1455;2071;562
1457;2007;572
1458;1971;555
1458;1993;539
1457;2013;527
1458;2018;522
1458;2011;529
1458;2009;555
1458;1975;555
1459;2007;525
1458;2018;525
1458;2015;523
1455;2013;525
1455;2048;562
1457;1993;536
1457;2025;535
1455;2054;563
1456;2015;588
1457;1989;579
1455;2011;563
1457;1999;544
1457;2048;555
1458;1993;533
1457;2008;523
1455;2039;536
1453;2002;539
1455;1997;536
1457;2001;527
1454;2022;531
1457;2017;550
1457;2002;546
1455;2012;544
1454;2026;551
1457;1995;532
1457;2010;520
1459;2019;524
1455;1993;528
1455;2001;521
1454;2025;515
1455;2013;514
1455;2010;512
1453;2009;510
1455;2011;508
1455;2007;515
1456;2012;510
1453;2015;512
1455;2007;512
1454;2014;514
1455;2018;518
1455;2053;544
1455;2001;532
1455;2007;528
1453;2015;528
1455;2011;531
1454;2006;527
1454;2011;530
1454;2012;534
1453;2023;546
1455;2006;545
1453;2007;540
1451;2011;538
1453;2013;541
1455;2005;540
1454;2005;528
1454;2020;529
1453;2011;527
1452;2010;525
1455;2011;526
1451;2014;523
1452;2007;521
1453;2029;529
1453;2017;527
1453;2010;526
1452;2010;525
1450;2026;555
1452;1983;538
1451;2005;543
1452;2009;532
1449;2011;529
1450;2011;527
1451;2012;534
1450;2009;533
1451;2006;533
1451;2010;529
1451;2012;534
1451;2017;540
1450;2009;535
1448;2008;526
1450;2013;526
1451;2013;523
1450;2017;530
1450;2006;527
1450;2019;535
1450;2003;526
1451;2009;525
1450;2009;524
1451;2013;524
1450;2007;526
1449;2009;536
1450;2004;530
1450;2006;531
1450;2011;532
1450;2003;523
1449;2017;525
1450;2011;526
1447;2013;532
1449;2011;534
1449;2008;529
1447;2014;530
1450;2010;533
1449;2005;533
1448;2008;532
1448;2010;530
1448;2013;535
1448;2009;534
1450;2004;535
1449;2013;535
1446;2010;534
1449;2007;537
1448;2014;536
1447;2013;541
1447;2009;540
1447;2013;541
1447;2007;543
1447;2004;543
1446;2010;537
1447;1994;542
1448;2009;535
1448;2009;533
1446;2010;528
1446;2007;523
1447;2010;525
1446;2005;528
1447;2003;529
1445;2011;526
1445;2004;523
1447;2013;527
1447;2008;526
1444;2011;527
1446;2006;529
1446;1995;534
1445;2013;531
1447;2007;530
1447;2010;531
1446;2011;534
1445;2009;537
1445;2004;538
1444;2003;529
1444;2007;529
1443;2010;526
1445;1993;526
1445;2012;524
1443;2011;525
1444;2012;524
1445;2003;528
1445;2006;527
1443;2007;528
1445;2004;529
1445;1999;528
1445;2006;529
1445;2005;527
1445;2004;524
1442;2005;528
1444;2006;526
1444;2009;527
1444;2011;531
1443;2010;533
1443;2006;534
1443;2006;533
1443;2005;533
1441;2005;533
1444;2011;537
1442;2009;531
1441;2007;530
1443;2009;529
1443;2005;534
1443;2004;536
1443;2005;533
1442;2005;535
1443;2004;534
1444;2008;533
1442;2004;528
1441;2005;528
1442;2009;527
1441;2009;529
1441;2006;528
1443;2007;529
1443;2003;530
1441;2009;530
1440;2009;528
1443;2009;531
1441;2009;532
1441;2006;532
1443;2007;533
1442;2005;535
1442;2006;535
1442;1997;538
1438;2093;597
1442;1952;561
1441;2005;538
1443;1993;539
1441;2000;527
1441;2007;518
1439;2010;520
1440;2008;519
1441;2009;525
1440;2007;528
1440;2007;529
1441;2004;527
1438;2013;535
1440;2011;537
1436;2165;645
1440;2009;615
1440;1993;609
1440;1974;537
1439;2008;515
1440;2021;527
1440;2013;535
1443;1951;541
1441;2019;548
1439;2004;536
1439;2023;573
1435;2099;617
1443;1931;544
1440;2018;535
1440;2002;509
1439;2021;502
1437;2011;520
1439;2004;507
1435;2007;495
1435;2022;519
1439;2031;559
1437;2023;545
1434;2171;666
1438;1905;540
1439;1997;488
1435;2153;628
1439;1885;586
1440;1971;523
1438;2011;514
1436;1990;502
1442;2014;499
1435;2009;513
1437;1997;506
1438;2003;501
1437;2003;504
1437;1997;507
1437;1990;504
1437;2005;502
1435;2005;502
1437;2003;503
1436;2003;505
1435;2001;507
1435;2004;512
1435;2001;510
1437;2003;512
1434;1994;514
1435;1999;515
1435;1999;515
1437;2001;515
1433;2005;534
1434;1957;528
1434;1979;519
1433;1999;513
1434;1998;511
1433;2001;509
1433;1997;509
1431;2000;512
1433;1998;509
1432;1994;508
1431;1997;510
1431;1997;511
1432;1999;514
1431;1997;515
1430;1996;515
1433;1998;518
1433;1995;519
1426;1995;517
1433;1995;518
1431;1995;517
1430;1993;517
1428;1993;518
1428;1993;519
1429;1989;518
1428;1994;518
1428;1986;519
1430;1994;517
1426;1991;520
1427;1990;516
1428;1994;519
1428;1995;517
1429;1996;518
1427;1994;521
1426;1985;526
1428;1983;521
1424;1987;513
1426;1989;512
1426;1984;508
1423;1992;506
1425;1988;506
1424;1991;507
1423;1988;505
1423;1989;505
1425;1842;350
1421;2033;335
1419;2011;361
1419;1997;384
1419;1991;402
1418;1987;419
1418;1988;433
1419;1990;440
1420;1990;450
1419;1985;459
1415;2151;606
1418;1941;626
1423;1791;471
1418;2015;433
1417;1998;439
1418;1988;448
1417;1980;456
1415;1978;462
1417;1984;466
1414;1980;471
1413;1983;477
1409;2177;542
1417;1954;642
1421;1683;532
1415;1999;443
1415;2008;445
1413;1989;452
1412;1981;462
1411;1979;468
1412;1983;471
1411;1983;478
1413;1965;488
1411;1979;485
1411;1981;486
1411;1962;492
1407;2256;610
1411;1941;658
1414;1955;639
1412;1978;630
1414;1969;616
1414;1977;596
1413;1978;581
1413;1973;581
1411;1981;568
1411;1977;562
1411;1981;559
1412;1982;548
1410;1980;544
1410;1949;548
1411;1967;540
1407;2016;542
1410;1978;530
1411;1976;523
1409;1979;525
1409;1980;522
1408;1981;524
1406;1981;522
1407;1977;523
1407;1974;521
1407;1967;522
1408;1977;521
1405;1983;515
1406;1978;514
1407;1981;513
1403;1977;514
1404;1981;512
1405;1978;512
1404;1979;517
1404;1980;514
1405;1978;515
1404;1978;514
1404;1976;516
1403;1981;517
1405;1979;515
1402;1981;514
1403;1979;516
1403;1976;513
1401;1981;514
1402;1979;512
1403;1981;511
1403;1983;516
1403;1983;513
1403;1983;517
1401;1981;515
1401;1978;517
1403;1979;516
1401;1984;517
1401;1975;512
1403;1983;508
1401;1981;512
1403;1755;379
1399;2021;343
1398;2006;366
1396;1991;390
1396;1983;406
1396;1983;423
1397;1985;437
1391;2223;534
1397;1965;459
1396;1987;462
1394;1982;469
1397;1980;472
1398;1981;478
1397;1981;481
1397;1979;488
1391;2245;579
1399;1949;662
1400;1943;644
1407;1753;542
1401;2001;427
1399;2012;434
1396;1990;446
1397;1983;458
1398;1983;467
1397;1981;474
1398;1947;486
1396;1982;485
1397;1982;488
1397;1983;492
1397;1982;497
1397;1977;497
1397;1983;498
1397;1983;500
1399;1978;501
1397;1992;503
1396;1981;505
1396;1979;504
1397;1981;508
1396;1979;509
1395;1982;512
1395;1979;511
1397;1979;510
1397;1978;513
1399;2001;675
1400;1803;514
1398;2009;479
1397;1997;480
1397;1983;487
1395;1984;492
1394;1981;495
1396;1983;499
1397;1981;501
1396;1983;503
1395;1982;507
1395;1985;506
1395;1983;509
1394;1982;513
1396;1980;512
1395;1979;513
1397;1982;512
1396;1981;514
1390;2033;557
1396;1959;686
1399;1824;509
1395;2013;478
1396;1997;481
1395;1983;485
1395;1985;492
1395;1983;497
1396;1982;502
1396;1987;503
1396;1983;507
1398;1821;530
1395;1985;500
1397;1991;494
1403;1989;502
1395;1985;506
1394;1985;507
1395;1987;512
1388;2179;586
1397;1912;518
1396;1991;506
1396;1986;508
1395;1984;509
1393;1983;509
1394;1983;512
1394;1983;512
1395;1985;514
1394;1987;514
1395;1983;515
1394;1986;518
1395;1987;517
1395;1983;517
1395;1982;515
1394;1989;516
1394;1986;518
1395;1981;518
1396;1986;519
1396;1981;519
1395;1983;517
1393;1986;516
1395;1985;516
1396;1985;517
1396;1983;517
1398;1985;520
1394;1991;519
1390;2237;657
1396;1937;699
1398;1959;671
1399;1975;646
1399;1983;626
1399;1987;616
1397;1977;599
1399;1986;582
1396;1987;576
1397;1985;569
1398;1987;566
1398;1988;560
1396;1986;558
1395;1989;552
1398;1989;555
1395;1988;547
1397;1955;372
1397;2030;377
1391;2006;398
1393;1994;418
1386;1923;447
1394;1987;443
1392;1994;456
1391;1973;468
1391;1987;472
1394;1995;480
1394;1990;485
1394;1986;493
1391;2134;659
1395;1941;674
1399;1961;653
1398;1986;634
1398;1961;607
1399;1979;587
1404;1924;515
1397;2011;395
1394;2023;409
1395;2003;427
1393;1994;443
1392;1992;452
1393;1989;462
1395;1992;472
1391;1990;482
1393;1991;486
1394;1987;491
1393;1989;494
1395;1983;501
1395;1993;501
1391;2248;609
1396;1917;512
1395;1998;649
1398;1827;506
1395;2022;467
1395;2006;474
1396;1999;483
1393;1976;492
1395;2112;633
1397;1947;640
1402;1763;563
1397;2008;454
1396;2015;456
1395;1996;467
1395;1997;476
1395;1993;485
1395;2005;494
1397;1976;656
1399;1988;648
1400;1976;633
1397;1955;581
1399;2002;435
1393;2019;437
1394;2003;453
1395;1998;462
1395;1995;474
1394;1995;484
1393;1991;488
1395;1993;492
1393;1993;500
1395;1995;503
1394;1997;507
1393;1990;508
1395;1992;509
1395;1988;513
1390;2273;623
1396;1953;677
1396;1957;657
1397;1987;636
1398;1991;623
1399;1999;619
1399;1987;604
1398;1993;591
1397;1994;585
1399;1995;577
1397;1994;571
1396;2026;576
1397;1991;561
1397;1992;551
1398;1994;553
1399;1994;547
1397;1997;550
1397;2007;551
1395;1995;543
1397;1967;550
1397;1989;540
1397;2002;544
1397;2000;534
1397;1994;527
1397;2002;528
1398;1963;537
1396;1999;523
1398;2002;524
1395;2013;533
1396;1994;535
1397;1996;534
1395;2010;560
1399;1967;546
1396;1999;535
1396;1999;532
1397;1999;533
1395;1997;532
1397;1997;531
1395;1993;534
1396;1987;559
1398;1974;540
1397;1988;537
1397;1995;529
1395;1999;527
1398;1999;526
1395;1999;527
1397;1999;528
1397;1994;535
1397;1997;533
1395;1999;536
1392;2095;574
1397;1980;546
1398;1999;526
1397;1993;528
1397;1999;528
1395;1999;531
1395;1998;525
1396;2001;519
1399;2005;516
1396;1996;531
1396;1999;529
1396;2002;522
1396;1999;527
1396;2002;527
1396;2000;527
1397;1997;524
1397;2001;529
1395;2001;527
1396;2003;529
1395;2006;529
1395;2031;560
1395;1973;534
1397;1995;529
1395;2006;532
1396;2031;534
1396;1999;525
1395;2007;530
1398;1999;521
1396;1995;525
1396;1999;573
1399;1981;586
1398;1977;523
1395;2029;523
1394;2001;512
1396;2010;539
1394;2001;523
1398;1999;507
1399;2005;512
1395;1995;510
1395;2003;504
1396;2003;507
1396;2005;514
1394;2000;514
1395;1999;518
1395;2000;519
1397;1989;528
1396;1997;523
1395;2002;532
1397;1981;551
1396;2001;533
1393;2014;529
1395;2006;515
1399;1954;546
1395;2002;531
1395;1997;519
1397;1979;516
1395;2016;515
1395;1988;522
1395;1989;514
1394;2006;515
1398;1998;512
1394;2015;527
1391;2071;547
1395;2057;552
1397;2002;535
1396;1983;526
1396;2023;534
1396;2003;548
1396;1994;520
1397;2004;523
1397;1986;525
1395;1995;520
1397;2005;519
1396;2021;540
1396;2002;542
1396;2007;526
1397;1996;513
1397;2017;517
1399;1974;510
1395;2003;520
1396;2031;539
1398;1998;549
1394;2038;559
1399;1961;527
1397;2004;523
1398;2007;526
1395;2021;521
1396;1971;533
1399;1942;501
1395;2021;585
1392;2079;590
1396;2004;539
1396;2068;525
1395;1971;509
1396;2007;500
1396;2004;519
1397;1990;491
1397;2011;496
1396;1990;503
1395;2005;513
1397;1970;512
1394;2027;514
1395;2019;514
1396;1984;492
1396;2003;504
1397;2010;515
1396;2052;539
1396;1999;523
1395;2004;507
1395;2016;519
1397;1972;514
1397;2018;512
1397;2011;527
1397;2026;523
1396;2029;526
1397;2007;523
1394;1977;533
1395;2002;525
1397;2013;526
1397;2001;518
1395;1979;545
1399;1966;530
1397;2020;548
1397;2001;533
1396;1997;515
1397;2018;529
1399;1985;516
1395;2013;512
1398;1996;503
1398;2039;512
1396;2015;507
1398;1995;506
1396;2006;503
1398;2001;510
1394;2015;512
1396;1997;523
1396;2001;518
1395;2007;498
1397;2009;508
1396;2021;516
1398;2002;513
1398;2002;516
1395;2001;515
1398;2003;521
1397;2005;512
1398;2001;517
1398;2010;519
1397;2003;517
1397;2002;517
1397;2009;514
1396;2021;523
1396;2010;518
1397;2018;527
1397;2007;521
1396;2018;533
1396;2011;521
1397;2013;522
1399;1998;521
1394;2029;538
1396;1999;519
1396;2013;523
1396;2010;517
1396;2006;522
1396;2019;525
1399;2031;532
1397;1999;518
1399;2003;518
1398;2012;522
1397;2003;521
1396;2013;524
1394;2013;527
1397;2014;528
1396;1999;522
1396;2001;526
1397;1993;531
1398;2013;528
1396;2014;529
1395;2027;531
1397;2009;520
1398;2026;528
1395;2017;527
1395;2021;532
1396;2001;526
1397;2022;540
1399;2002;527
1398;2011;523
1396;2013;554
1400;2001;540
1396;2019;532
1399;2015;531
1397;2011;541
1396;2015;545
1397;2022;547
1397;2029;550
1398;2010;537
1396;2003;534
1397;2006;526
1396;2020;523
1397;2016;530
1393;2142;606
1397;1989;545
1399;1989;521
1397;2028;518
1395;2035;533
1397;2029;525
1396;2020;519
1397;2023;529
1398;2007;521
1399;2007;520
1400;2008;528
1398;2017;524
1398;2012;522
1399;2021;520
1397;2023;527
1399;2017;525
1399;2008;518
1397;2019;529
1399;2023;523
1399;2019;524
1399;2023;523
1399;2009;528
1398;2021;527
1397;2014;520
1398;2011;523
1397;2014;523
1399;2017;527
1399;2012;526
1399;2022;527
1397;1999;531
1384;2002;526
1398;2029;530
1399;2001;526
1399;2012;520
1398;2009;524
1399;2011;518
1398;2030;526
1398;2025;528
1400;2009;535
1398;2027;544
1399;2007;531
1396;2008;529
1396;2014;524
1398;2014;520
1399;2032;526
1397;2018;525
1399;2053;532
1397;1996;531
1396;2019;531
1398;2007;533
1398;1986;546
1399;2005;531
1399;2011;524
1399;2027;520
1397;2027;520
1398;2007;519
1398;2018;519
1397;2015;520
1399;2018;511
1399;2034;518
1399;2008;506
1397;2036;515
1398;2015;516
1398;2012;520
1401;2027;527
1397;2037;532
1398;2029;528
1401;2015;519
1399;2014;523
1398;2050;540
1397;2007;527
1399;2009;515
1399;2029;543
1399;2020;538
1400;2033;548
1401;2006;532
1398;2013;543
1398;2013;541
1399;2011;539
1399;2017;536
1398;2007;557
1399;2033;556
1400;2007;533
1402;2018;528
1400;2048;538
1401;1990;528
1398;2034;530
1399;2003;551
1399;2036;544
1400;1997;536
1398;2015;541
1401;2002;534
1399;2021;534
1398;2007;531
1399;2035;534
1398;2007;530
1397;2015;531
1398;2039;542
1398;2027;545
1397;2038;539
1399;2031;531
1397;2010;530
1400;2039;540
1399;2040;539
1398;2010;526
1399;2037;530
1398;1989;522
1398;2030;522
1399;2017;525
1399;2018;517
1396;2023;526
1399;1994;538
1399;2031;527
1399;2007;522
1398;2037;536
1398;2005;534
1398;2028;530
1402;2023;561
1399;1996;560
1400;2026;541
1397;2137;632
1400;1920;614
1399;2093;524
1400;2027;484
1397;2057;495
1399;2011;496
1402;1971;515
1397;2064;512
1400;2014;498
1399;2026;496
1399;2069;523
1399;2022;544
1399;2037;532
1400;2010;537
1399;2069;563
1399;2015;570
1401;1983;500
1397;2092;529
1399;2009;510
1399;1995;501
1399;2033;516
1399;2034;515
1401;2029;531
1401;1992;496
1399;2055;517
1402;2001;517
1400;1972;525
1399;2009;524
1400;2015;496
1399;2009;493
1399;2026;481
1399;2030;483
1400;2027;479
1398;2031;493
1396;2101;544
1400;1996;532
1403;1999;504
1398;2048;516
1400;2012;498
1399;2018;487
1399;2033;493
1398;2014;502
1400;2031;507
1400;1990;510
1399;2048;509
1399;1997;510
1399;2031;512
1399;2023;518
1400;2007;523
1401;2048;551
1399;2007;552
1401;1980;551
1399;2011;512
1400;2031;517
1400;2036;517
1399;2039;515
1400;2014;513
1399;2017;498
1400;2015;506
1400;2023;522
1399;2014;508
1405;1741;411
1399;2059;315
1396;2059;335
1395;2039;366
1397;2033;389
1395;2026;407
1396;2026;423
1391;2310;567
1398;1989;637
1400;1982;618
1400;2020;623
1400;2004;596
1400;2080;612
1401;2057;595
1402;1994;563
1401;2023;547
1399;2035;544
1401;2048;551
1401;2015;545
1400;2057;568
1401;2019;528
1400;2039;530
1400;2007;537
1402;2023;538
1399;2025;529
1401;2049;549
1402;2007;538
1401;2014;523
1398;2048;539
1401;2033;539
1399;2114;559
1400;2010;525
1395;2144;581
1400;2041;568
1401;2013;545
1400;2074;551
1402;2001;557
1401;2009;530
1400;2041;542
1401;2007;517
1398;2050;542
1402;2006;518
1399;2077;539
1399;2014;517
1400;2021;515
1401;2041;534
1401;2019;518
1402;2021;529
1401;2014;524
1401;2048;524
1400;2026;541
1398;2037;576
1400;1995;530
1407;1760;406
1399;2056;308
1397;2063;331
1397;2048;359
1395;2028;383
1399;1867;423
1398;2041;405
1397;2026;419
1394;2195;588
1400;1980;631
1405;1709;479
1399;2065;406
1395;2226;521
1396;2206;586
1400;1993;623
1401;1998;612
1401;2011;602
1400;2018;588
1401;2017;583
1401;2028;581
1401;2041;591
1401;2019;590
1402;1993;558
1400;2031;551
1399;2029;540
1401;2018;528
1399;2015;535
1399;2017;526
1400;2053;550
1401;2021;531
1399;2018;527
1401;2031;529
1400;2024;531
1398;2037;553
1398;2026;557
1399;2051;544
1399;2048;548
1399;2025;528
1400;2023;523
1400;2039;513
1401;2030;500
1399;2027;497
1398;2028;499
1399;2037;509
1399;2020;539
1399;2006;512
1399;2021;512
1399;2035;523
1403;1997;520
1400;2003;547
1399;2037;539
1400;2024;527
1399;2062;529
1401;2013;516
1400;2033;506
1399;2026;497
1399;2022;523
1402;2012;516
1400;2027;509
1399;2037;518
1401;2021;507
1399;2019;514
1399;2025;507
1397;2087;543
1398;2051;544
1401;2021;512
1401;2029;505
1401;2031;512
1399;2024;511
1399;2029;510
1400;2033;515
1403;2026;517
1403;2025;520
1400;2023;528
1399;2048;539
1403;1999;532
1401;2034;524
1400;2029;522
1401;2015;529
1403;2018;523
1399;2026;527
1399;2026;525
1399;2027;528
1400;2027;530
1399;2030;533
1399;2119;557
1401;2010;544
1401;2021;527
1399;2025;536
1400;2019;532
1402;2015;513
1402;2012;522
1403;2021;512
1399;2005;520
1400;2018;505
1401;2035;503
1399;2015;507
1401;2041;512
1399;2015;513
1402;2012;513
1397;2065;535
1397;2026;555
1401;1999;541
1400;2005;517
1399;2065;540
1401;2005;531
1399;2053;549
1401;2011;518
1400;2033;501
1399;2023;498
1398;2055;545
1408;1717;407
1399;2074;320
1391;2206;405
1399;1767;411
1397;2037;374
1397;2048;390
1397;2033;410
1396;2026;424
1400;2020;525
1399;2004;443
1397;2059;458
1398;2013;471
1395;2026;462
1399;2027;640
1401;1959;462
1399;2054;448
1397;2048;475
1397;2025;481
1398;2021;485
1401;2020;475
1399;2031;477
1394;2322;602
1400;1845;505
1399;2040;471
1399;2038;478
1402;1803;525
1397;2027;475
1398;2037;477
1397;2057;485
1407;2021;487
1399;2022;489
1397;2031;493
1398;2028;498
1399;2029;500
1394;2299;638
1401;1989;683
1401;1999;653
1402;2006;636
1399;1978;633
1402;2023;598
1403;2019;587
1399;2102;616
1403;1963;592
1405;1995;553
1401;2061;576
1403;1999;567
1401;2007;554
1405;2008;559
1399;2077;561
1402;2019;553
1401;2009;529
1399;2050;542
1400;2033;542
1402;2021;531
1399;2018;524
1402;2015;524
1398;2015;541
1399;2026;548
1401;2021;548
1401;2031;526
1402;2031;523
1400;2023;519
1399;2029;522
1400;2022;521
1398;2017;525
1399;2022;519
1400;2037;541
1400;2032;531
1400;2017;530
1401;2001;528
1400;2054;535
1400;2059;536
1402;2029;550
1399;2048;528
1400;2030;526
1399;2028;518
1402;2017;524
1402;2013;511
1399;2035;551
1399;2011;534
1401;2036;528
1399;2023;527
1400;2019;526
1400;2023;522
1400;2031;519
1401;2025;520
1399;2027;523
1399;2025;539
1401;2014;533
1404;1994;542
1399;2024;563
1400;2014;557
1394;1983;578
1401;2028;554
1400;2022;547
1403;2017;526
1402;2002;527
1399;2020;532
1399;2069;560
1402;2021;537
1398;2050;535
1399;2048;544
1400;2029;537
1399;2001;555
1403;1965;537
1399;2015;550
1397;2040;559
1399;2073;593
1400;1985;573
1399;2019;539
1399;1995;530
1399;2029;488
1399;2026;471
1396;2032;484
1398;2063;502
1399;2049;509
1399;2007;507
1403;2001;492
1399;2040;516
1399;2059;522
1399;2048;534
1399;2005;538
1398;2041;531
1400;1972;512
1399;2029;519
1396;2048;512
1397;2020;511
1399;2035;508
1402;2026;506
1399;2034;512
1400;2026;520
1401;2038;520
1397;2027;520
1399;2031;505
1398;2031;499
1399;2059;533
1400;2021;514
1398;2054;541
1400;2021;567
1400;1987;519
1401;2015;499
1401;2018;502
1401;2017;488
1399;2026;501
1401;2026;482
1399;2050;519
1404;2034;492
1400;2010;522
1400;2010;501
1399;2026;490
1406;2048;496
1399;2029;489
1402;2013;492
1399;2037;508
1401;2014;512
1399;2064;537
1400;2031;533
1403;2031;544
1401;2010;515
1401;2023;500
1399;2025;490
1401;2031;495
1402;2029;495
1400;2054;519
1402;2015;508
1401;2030;496
1401;2027;497
1400;2029;505
1399;2027;506
1402;2034;514
1400;2063;522
1401;2017;525
1401;2027;514
1403;2003;523
1399;2017;523
1401;2029;520
1400;2032;521
1400;2025;525
1401;2026;525
1402;2048;544
1401;2067;545
1400;2037;543
1400;2029;522
1402;2048;521
1401;2030;519
1400;2025;512
1401;2026;505
1399;2048;510
1401;2027;503
1402;2038;504
1401;2039;519
1400;2024;512
1399;2083;547
1401;1991;532
1402;2027;512
1403;2027;509
1402;2033;509
1402;2030;515
1403;2034;517
1401;2029;529
1401;2019;529
1406;2011;550
1404;1999;531
1402;2038;519
1403;2026;519
1403;2019;517
1403;2031;515
1401;2048;527
1402;2021;526
1401;2034;525
1405;2030;527
1401;2019;520
1403;2032;515
1399;2048;522
1400;2021;518
1401;2031;512
1401;2037;518
1403;2039;526
1403;2019;525
1399;2027;526
1403;2063;564
1401;2048;536
1401;2023;528
1405;2023;526
1401;2035;544
1402;2012;531
1402;2075;560
1407;2014;544
1402;2033;545
1405;2010;505
1401;2025;506
1401;2033;520
1396;2013;527
1399;2072;526
1402;2063;547
1402;2033;522
1402;2031;515
1403;2036;513
1398;2086;536
1401;2072;542
1403;2001;531
1402;2036;516
1402;2012;520
1402;2041;515
1402;2033;516
1403;2048;509
1403;2000;534
1403;2001;524
1401;1999;505
1401;2054;505
1401;2020;520
1403;2011;499
1399;2011;504
1401;2027;509
1401;2037;510
1404;2015;507
1401;2082;540
1402;2005;510
1402;2040;498
1403;2033;503
1403;2025;496
1402;2050;521
1403;2030;522
1403;2021;510
1403;2016;504
1402;2038;519
1403;2022;507
1403;2063;520
1402;2029;511
1402;2021;498
1402;2037;518
1402;2031;529
1403;2065;529
1403;2048;524
1404;2023;503
1402;2023;499
1403;2033;509
1403;2030;500
1403;2018;504
1403;2037;514
1402;2048;535
1402;2007;519
1403;2033;515
1405;2015;514
1406;2009;515
1402;2064;537
1404;2027;526
1405;2026;517
1405;2031;516
1402;2048;531
1401;2104;582
1403;2009;536
1402;2077;562
1406;1985;525
1404;2009;517
1401;2048;516
1404;2012;509
1403;2036;507
1403;2027;506
1404;2066;526
1404;2029;513
1401;2067;525
1405;2006;512
1404;2050;522
1403;2057;515
1403;2049;522
1404;2024;508
1405;2036;503
1403;2050;511
1403;2030;536
1402;2000;545
1403;2012;538
1405;2041;537
1403;2006;531
1404;2053;515
1403;2011;523
1403;2002;517
1398;2057;533
1403;2027;499
1403;2048;505
1403;2048;530
1405;2014;527
1404;2023;503
1406;2036;513
1404;2022;527
1403;2008;515
1403;2055;520
1404;2006;503
1403;2024;504
1403;2051;535
1403;2005;530
1403;2048;532
1404;2048;522
1402;2065;522
1403;2030;513
1402;2063;539
1401;2048;527
1404;2035;525
1403;2029;550
1405;2005;518
1402;2069;537
1402;2051;567
1403;2026;557
1410;1984;529
1405;2015;521
1404;2025;500
1402;2048;508
1403;2048;522
1404;2007;507
1405;2027;485
1403;2039;479
1401;2037;491
1402;2048;499
