1316
1318
1315
1315
1311
1312
1314
1322
1310
1311
1311
1307
1310
1314
1316
1313
1319
1319
1316
1316
1317
1322
1319
1315
1316
1311
1316
1287
1309
1314
1309
1310
1314
1311
1315
1319
1315
1310
1319
1320
1315
1316
1306
1311
1315
1318
1315
1317
1313
1312
1310
1313
1309
1325
1311
1324
1313
1314
1315
1319
1320
1314
1314
1319
1315
1314
1319
1341
1306
1313
1310
1318
1313
1315
1314
1315
1317
1319
1319
1317
1317
1317
1319
1315
1313
1314
1307
1312
1306
1313
1311
1311
1286
1310
1313
1314
1293
1307
1320
1318
1321
1320
1318
1314
1309
1327
1309
1309
1308
1314
1316
1307
1293
1321
1314
1315
1315
1295
1309
1317
1319
1318
1325
1323
1314
1306
1312
1308
1311
1309
1309
1277
1309
1307
1306
1314
1322
1317
1311
1319
1320
1319
1318
1316
1316
1298
1313
1307
1311
1307
1309
1299
1312
1310
1318
1313
1326
1312
1318
1328
1318
1319
1323
1323
1333
1317
1314
1314
1311
1308
1282
1311
1310
1318
1315
1318
1317
1314
1317
1319
1317
1320
1316
1319
1318
1322
1317
1313
1307
1309
1311
1318
1315
1314
1317
1307
1317
1323
1320
1317
1319
1318
1318
1327
1316
1315
1320
1307
1314
1312
1312
1310
1310
1311
1316
1316
1314
1319
1321
1322
1322
1312
1305
1319
1313
1316
1317
1304
1315
1312
1312
1309
1311
1310
1313
1328
1319
1316
1310
1318
1319
1318
1321
1316
1310
1320
1320
1309
1311
1306
1315
1324
1310
1305
1314
1317
1325
1324
1320
1322
1316
1317
1280
1315
1320
1314
1315
1279
1309
1309
1315
1312
1309
1307
1313
1317
1319
1317
1318
1317
1328
1317
1319
1318
1314
1312
1314
1312
1307
1317
1310
1313
1371
1306
1313
1313
1314
1319
1319
1321
1319
1312
1342
1315
1315
1316
1316
1315
1313
1315
1310
1306
1305
1315
1313
1325
1316
1334
1312
1315
1323
1317
1319
1316
1316
1318
1317
1313
1303
1315
1307
1317
1308
1317
1313
1313
1313
1323
1317
1317
1316
1303
1319
1312
1315
1314
1315
1338
1312
1311
1311
1311
1311
1315
1300
1318
1316
1321
1320
1319
1321
1319
1315
1316
1321
1297
1317
1303
1331
1310
1317
1312
1321
1317
1307
1313
1315
1317
1316
1322
1320
1322
1318
1318
1313
1316
1307
1316
1328
1311
1311
1330
1308
1312
1313
1320
1316
1317
1317
1317
1319
1325
1327
1315
1319
1321
1315
1313
1309
1309
1311
1310
1308
1309
1310
1303
1316
1360
1308
1320
1312
1319
1317
1313
1298
1317
1313
1313
1286
1311
1311
1333
1314
1318
1311
1316
1305
1299
1311
1320
1320
1317
1316
1319
1315
1318
1315
1309
1309
1307
1315
1311
1309
1314
1308
1316
1317
1317
1288
1319
1319
1316
1322
1319
1317
1314
1319
1304
1312
1311
1310
1310
1311
1322
1309
1313
1311
1318
1336
1318
1317
1317
1303
1321
1314
1314
1311
1312
1311
1310
1307
1310
1310
1313
1312
1311
1317
1328
1317
1318
1321
1321
1319
1321
1315
1318
1311
1332
1314
1311
1309
1309
1322
1309
1315
1313
1314
1311
1317
1315
1319
1317
1320
1320
1311
1320
1317
1316
1313
1312
1312
1311
1307
1311
1311
1314
1318
1330
1330
1319
1321
1319
1317
1318
1318
1307
1316
1295
1319
1313
1311
1310
1309
1302
1311
1316
1314
1319
1325
1319
1324
1317
1315
1323
1316
1311
1313
1337
1313
1310
1311
1310
1311
1309
1311
1314
1329
1319
1323
1320
1320
1319
1319
1318
1317
1317
1317
1318
1309
1326
1312
1312
1311
1313
1312
1309
1317
1317
1318
1319
1319
1319
1316
1307
1317
1315
1313
1312
1347
1311
1312
1312
1309
1314
1311
1311
1313
1316
1320
1322
1320
1291
1320
1317
1317
1318
1315
1325
1309
1314
1311
1309
1276
1276
1305
1311
1314
1319
1317
1327
1321
1321
1316
1316
1317
1326
1314
1312
1327
1310
1313
1311
1310
1312
1315
1313
1314
1319
1314
1322
1318
1316
1319
1321
1319
1317
1316
1330
1314
1313
1313
1310
1311
1311
1309
1314
1317
1317
1311
1319
1318
1313
1321
1319
1317
1310
1315
1314
1312
1296
1312
1311
1308
1310
1313
1313
1324
1315
1319
1319
1322
1319
1317
1319
1316
1323
1313
1310
1315
1311
1309
1309
1330
1302
1305
1317
1314
1318
1317
1316
1318
1319
1318
1320
1317
1319
1316
1315
1312
1311
1314
1310
1311
1309
1312
1315
1313
1318
1317
1324
1319
1317
1321
1320
1317
1320
1313
1319
1315
1313
1311
1313
1311
1309
1311
1319
1323
1325
1318
1319
1322
1332
1307
1322
1318
1316
1314
1318
1311
1312
1309
1310
1286
1321
1309
1313
1317
1312
1316
1318
1299
1318
1332
1320
1324
1314
1318
1318
1305
1311
1310
1307
1306
1298
1312
1313
1315
1346
1315
1317
1317
1318
1321
1322
1319
1319
1312
1311
1287
1312
1311
1311
1310
1323
1313
1306
1298
1317
1309
1317
1321
1317
1321
1323
1318
1315
1315
1314
1320
1327
1311
1314
1312
1310
1314
1313
1314
1320
1319
1318
1321
1320
1315
1319
1318
1321
1310
1313
1313
1313
1308
1310
1309
1311
1326
1315
1313
1309
1317
1321
1310
1320
1321
1323
1319
1319
1312
1278
1310
1335
1313
1310
1309
1357
1312
1315
1315
1315
1320
1321
1322
1321
1322
1321
1300
1315
1323
1319
1315
1317
1309
1309
1311
1313
1311
1313
1317
1314
1316
1303
1319
1322
1320
1317
1315
1313
1311
1313
1317
1312
1313
1311
1296
1313
1309
1312
1318
1322
1359
1321
1319
1320
1322
1310
1319
1314
1322
1313
1333
1313
1311
1308
1313
1312
1312
1311
1314
1318
1281
1345
1320
1320
1321
1325
1317
1319
1315
1328
1311
1309
1310
1288
1309
1309
1312
1311
1299
1314
1317
1328
1316
1299
1319
1319
1315
1330
1314
1308
1321
1319
1312
1309
1309
1312
1310
1316
1314
1320
1307
1290
1321
1318
1317
1318
1317
1317
1308
1315
1301
1303
1309
1317
1310
1307
1307
1309
1316
1318
1299
1319
1317
1319
1321
1319
1321
1305
1316
1315
1313
1311
1313
1311
1309
1323
1314
1314
1316
1321
1315
1329
1322
1317
1318
1315
1316
1311
1331
1317
1326
1313
1310
1311
1311
1311
1307
1317
1307
1314
1315
1308
1317
1320
1318
1323
1318
1319
1315
1311
1276
1343
1306
1311
1314
1307
1310
1313
1311
1315
1319
1317
1319
1320
1321
1303
1313
1318
1318
1313
1312
1311
1312
1311
1327
1310
1309
1307
1323
1309
1317
1312
1317
1319
1323
1316
1318
1319
1314
1311
1312
1309
1310
1314
1313
1314
1313
1311
1316
1317
1316
1312
1332
1327
1316
1317
1317
1320
1316
1311
1321
1332
1311
1307
1316
1307
1311
1313
1303
1317
1317
1318
1321
1317
1320
1319
1319
1319
1317
1308
1282
1271
1308
1306
1309
1311
1316
1313
1312
1316
1315
1307
1314
1318
1342
1321
1316
1315
1314
1315
1305
1316
1312
1309
1309
1311
1311
1311
1314
1330
1300
1317
1319
1316
1319
1316
1323
1316
1315
1312
1315
1312
1314
1310
1312
1306
1310
1312
1316
1317
1317
1319
1319
1322
1295
1317
1324
1317
1315
1313
1317
1311
1308
1312
1312
1308
1237
1315
1317
1314
1315
1317
1316
1321
1319
1319
1319
1318
1316
1314
1328
1313
1309
1314
1313
1314
1310
1315
1311
1313
1316
1317
1325
1316
1320
1317
1319
1320
1326
1327
1317
1317
1312
1311
1307
1309
1311
1312
1315
1316
1314
1322
1323
1305
1320
1318
1319
1315
1311
1317
1314
1309
1314
1311
1310
1277
1269
1310
1314
1315
1313
1315
1319
1320
1316
1319
1339
1307
1325
1319
1316
1315
1309
1310
1310
1322
1351
1313
1313
1312
1311
1318
1318
1320
1319
1297
1315
1329
1316
1306
1315
1313
1313
1309
1313
1314
1325
1313
1311
1319
1311
1387
1318
1321
1322
1319
1316
1307
1316
1322
1318
1309
1319
1313
1307
1407
1309
1307
1312
1308
1312
1314
1319
1316
1316
1327
1318
1317
1322
1323
1283
1387
1310
1313
1305
1300
1355
1265
1332
1311
1599
1308
921
1322
1442
1283
1327
1611
1284
1309
985
1287
1396
1287
1305
1314
1342
1173
1287
1273
1150
1334
1302
1269
1314
1308
1258
1316
1266
1323
1234
1376
1232
1091
1307
1222
1293
1280
1328
1311
1254
1413
1235
1372
1230
1393
1492
1323
1508
1272
1264
1274
1322
1281
1187
1304
1223
1309
1317
1296
1436
1336
1315
1301
1303
1258
1327
1256
1333
1370
1233
1523
1292
1280
1230
1303
1314
1271
1215
1149
1154
1400
1317
599
1191
1349
1280
1302
1296
1324
1267
1016
1281
1249
1242
1286
893
1218
1299
1293
1244
1240
1254
1232
1275
1207
1362
1230
1360
1382
1255
1204
1236
1213
1272
1246
1350
1242
1282
1241
1237
1277
1228
1252
1294
1357
1310
1286
1239
1266
1223
1239
1280
1269
1209
1178
1061
1291
1307
1292
1284
999
1249
1261
1199
1358
969
1387
1238
1293
1393
1287
1239
1231
1277
1205
1279
1267
1223
1251
1266
1224
1266
1167
1245
1244
1303
1262
1165
1223
1168
1305
1242
1315
1235
1196
1161
1120
1270
1128
1204
1487
1194
1247
1592
1170
1375
1185
1237
1263
1229
1182
1234
1220
824
1212
1234
1215
1242
1175
1177
1227
1191
1201
1152
1211
1253
1550
1172
1153
1332
1180
1132
1169
1202
1076
1203
1205
1245
1208
1220
1192
1213
1376
1153
1138
1222
1173
1209
1119
1173
1466
1087
1195
1509
1081
1177
1112
1210
1183
1194
1252
1169
1234
1176
1147
1243
932
1175
1165
1133
1125
1127
1144
1105
952
1155
1197
1175
1128
1183
1184
1175
1191
1163
1129
1191
1161
1103
1099
1215
1208
1071
1173
1125
1047
1145
1147
1182
1164
1207
1082
1167
1152
638
1083
1241
1079
1131
1094
1044
1121
1126
1153
1146
1122
1117
922
1095
1202
1129
1172
1132
1130
1137
974
1126
1123
1101
1139
1145
1143
1180
1136
1171
1162
1085
1113
1294
1074
1048
1166
1097
1078
1140
1181
1158
1067
1124
1057
1093
1082
1089
1067
1200
1119
1040
1162
1069
1070
1161
1060
1128
1103
1175
1079
1050
1135
1077
1107
1032
1126
1151
1060
1081
1103
1189
1090
1146
1052
1071
1046
1127
1106
1074
1105
1121
1109
1088
1089
1071
999
1086
1078
1053
1096
1116
1122
1043
1112
1002
1097
1051
1114
1489
1038
1026
1151
1101
1123
1109
1020
1067
1211
1101
1072
1112
1044
1100
1103
1062
1088
1055
1058
1067
1108
1135
1145
1146
954
1096
1081
1052
1106
1025
1037
1094
1125
1083
1026
1019
1045
1034
1066
1172
1115
1024
1027
1001
977
1158
1014
1042
1095
1060
1062
1059
1068
1075
1063
1115
1134
985
1016
1037
1014
1122
1011
987
1083
1065
1110
1019
1024
901
994
1060
1026
1013
1055
1029
1028
1044
1015
1012
990
1074
1168
1074
1134
1056
1072
1050
983
1021
1012
1068
1063
1192
1045
1027
1066
1092
1076
1306
1070
992
1034
974
975
1009
1089
1016
1039
1040
832
999
1084
985
983
1077
1030
990
999
1283
1048
972
958
1025
954
1024
912
964
997
1040
1036
1068
1319
1038
969
1044
1028
1108
978
911
1061
1003
1028
974
949
975
1058
1033
1051
1042
923
957
982
1053
1032
1047
917
1035
1030
1026
1052
1037
1024
1061
1040
1004
937
975
1024
901
1038
977
1099
974
986
1035
993
965
965
1028
1052
1043
980
1024
984
1237
955
1031
973
1035
1026
1029
1035
1032
1046
977
1035
1015
1175
1035
1040
952
961
948
939
1014
1007
947
979
987
1021
453
991
1001
945
1051
999
1118
1013
1053
992
1233
1085
1015
963
1026
1032
969
1005
1007
968
997
997
1011
965
1030
969
915
1031
1290
1050
1031
1009
955
1018
937
964
894
982
1009
1027
1000
1463
1005
1010
1005
1044
1036
1020
927
962
1011
908
1016
1048
1031
1111
995
966
999
1008
1005
935
1001
1035
1006
1063
1046
1014
980
1001
949
1013
955
934
853
1024
967
987
1011
1071
1044
1001
1050
1011
1038
939
958
929
955
1042
1027
932
991
980
905
946
981
990
929
986
936
994
982
990
950
1092
1010
1031
1009
986
948
1245
963
943
902
943
910
995
989
927
964
1038
1024
1048
898
1036
975
1001
1046
824
1021
958
1037
959
928
971
982
783
921
947
1241
1040
961
993
977
1003
962
965
957
981
919
982
920
1112
1027
919
942
999
980
1015
900
1016
967
1001
984
1012
1000
993
931
917
1018
941
1035
1019
1073
999
979
1051
1013
962
1031
990
971
956
1029
977
987
1055
988
924
916
1033
965
1021
995
886
1000
1021
943
1024
986
981
1020
1018
964
995
1055
1013
1012
943
1070
958
989
956
997
918
977
1028
929
1007
977
1052
917
1031
955
989
981
1066
1007
1079
1031
899
923
1005
927
1021
983
1020
1006
1001
540
972
972
1007
1017
961
1021
974
966
974
1121
1035
977
937
995
907
1017
1035
1005
999
946
970
986
1012
958
1013
981
1026
1046
1012
1083
1233
917
981
948
1031
948
991
919
978
946
1006
1024
959
1220
1029
969
945
1004
1344
1073
1003
1024
1035
1027
1017
944
995
960
941
1294
915
951
981
989
1049
959
1180
983
1000
1038
1029
939
1040
996
1005
940
997
983
1026
999
968
928
970
952
975
1000
1019
1004
955
963
1031
1013
1110
1000
919
959
1002
1099
943
543
991
893
1070
976
951
961
935
935
947
992
1118
1032
1025
938
961
981
986
903
963
915
984
1026
979
983
1018
948
1008
1031
990
1014
1033
977
1037
790
960
956
980
936
993
956
971
1018
1019
1024
951
1013
1069
1038
1031
969
993
1333
1024
1047
1012
1038
949
963
979
925
952
1005
1030
949
1083
1024
1035
961
952
1067
968
1011
1015
993
1001
1003
1001
931
978
1043
1045
937
936
995
1035
961
957
1047
1015
1160
1137
911
998
954
1027
1030
1013
1019
1023
1006
1217
1085
1066
945
933
959
1039
1059
1021
975
1095
909
965
1001
947
1024
999
959
941
1016
969
1062
955
1023
1039
786
1043
995
1003
1123
944
939
988
976
1024
958
1026
1055
1019
941
1079
1005
1035
991
1043
1052
1042
956
1017
1001
1024
1039
967
942
1002
943
964
996
1035
1036
929
1061
1000
1058
1040
972
1024
978
1010
1049
1031
947
1021
949
1095
1030
963
999
942
945
981
1025
987
1024
1064
1011
958
972
1024
960
1055
1042
938
1034
970
966
987
1028
965
987
1005
1098
986
958
973
1053
952
1000
1041
1200
979
946
995
977
1016
913
807
1025
1026
939
1059
950
943
926
1010
980
1004
1037
1071
1047
916
975
558
1009
970
1103
1026
1040
979
1027
944
1236
969
939
1025
1068
1027
1026
858
966
1039
1011
1063
995
992
1009
1045
953
1013
1014
903
1065
1015
977
1039
1124
957
977
1063
967
1018
916
981
1043
940
994
991
994
932
982
910
948
977
958
1015
1042
958
1061
1055
954
1039
1010
950
948
947
969
1008
1236
1004
991
930
1091
1015
975
1021
977
967
1091
1021
1142
943
973
938
942
991
831
879
909
930
941
1028
916
968
955
947
1047
1012
952
1046
967
1003
1111
990
952
975
1014
1043
1073
1017
1007
1056
797
969
851
1062
1034
1047
1019
785
1016
981
1024
975
995
1045
955
956
996
926
1117
907
1030
1057
1024
1034
1003
1054
1012
966
1013
1044
1012
1017
1005
971
1021
965
932
954
805
1008
895
1029
1042
1014
974
951
1033
1065
1051
1013
914
1041
937
966
1089
982
951
964
1055
1026
1001
952
1053
1026
1077
945
1096
1071
973
692
1110
1039
1019
964
923
926
1028
933
1033
1045
634
1061
1070
881
934
1160
1073
997
991
1074
1110
1056
1020
983
925
1029
1010
981
895
1069
1011
1017
1243
1094
1106
1049
1059
1129
1063
952
954
1045
931
1105
1075
1081
440
1060
1198
1089
1280
1073
1109
1012
1065
983
817
1068
1003
1015
1044
1031
999
1052
1044
1027
1036
1039
1033
1037
1022
1042
1000
1049
1051
1044
1034
1083
1059
1051
1078
1061
1058
1059
1059
1053
1060
1057
1065
1059
1020
1069
1064
1068
1062
1069
1060
1081
1078
1081
1085
1083
1083
1083
1082
1077
1092
1082
1086
1091
1092
1087
1076
1096
1092
1100
1097
1100
1101
1106
1108
1112
1101
1123
1100
1097
1073
1103
1101
1103
1103
1106
1106
1110
1110
1116
1120
1129
1121
1120
1121
1121
1122
1127
1119
1120
1077
1117
1118
1123
1121
1123
1125
1130
1131
1136
1139
1138
1139
1139
1138
1121
1139
1135
1137
1106
1150
1137
1140
1137
1137
1120
1152
1137
1147
1150
1155
1153
1154
1155
1165
1154
1157
1148
1154
1164
1152
1152
1156
1152
1154
1172
1165
1153
1167
1206
1163
1167
1171
1172
1169
1165
1165
1171
1179
1147
1166
1167
1175
1168
1159
1151
1171
1175
1175
1215
1174
1173
1178
1183
1183
1179
1180
1180
1177
1175
1171
1181
1186
1179
1180
1166
1177
1180
1182
1191
1188
1193
1193
1245
1194
1189
1192
1192
1191
1189
1184
1190
1191
1191
1191
1193
1195
1199
1210
1194
1199
1207
1208
1202
1202
1207
1212
1205
1203
1237
1213
1200
1199
1201
1203
1199
1203
1207
1203
1204
1193
1213
1213
1213
1210
1211
1214
1216
1210
1211
1200
1207
1195
1211
1211
1234
1211
1222
1217
1219
1222
1219
1223
1223
1224
1230
1224
1219
1220
1221
1216
1220
1215
1220
1249
1201
1207
1223
1228
1223
1232
1229
1231
1230
1231
1232
1229
1229
1225
1217
1224
1227
1225
1222
1226
1228
1231
1230
1229
1233
1235
1252
1240
1236
1238
1239
1237
1220
1238
1199
1231
1233
1233
1231
1235
1226
1235
1235
1241
1239
1240
1246
1248
1248
1244
1234
1250
1251
1242
1247
1239
1239
1241
1239
1204
1240
1246
1247
1246
1249
1250
1259
1250
1252
1250
1251
1250
1249
1245
1219
1249
1225
1243
1246
1250
1246
1246
1251
1250
1253
1244
1256
1259
1255
1261
1256
1257
1250
1251
1253
1252
1251
1252
1254
1254
1251
1253
1253
1253
1253
1257
1263
1267
1263
1273
1262
1261
1262
1255
1259
1260
1255
1255
1258
1255
1247
1250
1259
1266
1257
1263
1267
1269
1263
1278
1269
1268
1279
1261
1263
1260
1260
1258
1267
1239
1262
1266
1261
1273
1268
1265
1263
1274
1271
1274
1270
1277
1274
1271
1266
1272
1266
1269
1271
1256
1272
1268
1271
1270
1271
1274
1273
1276
1279
1274
1271
1256
1268
1274
1270
1269
1271
1268
1269
1269
1275
1271
1273
1277
1292
1271
1276
1280
1281
1272
1280
1279
1279
1275
1278
1276
1275
1287
1274
1272
1277
1271
1296
1276
1280
1286
1282
1282
1284
1281
1280
1282
1281
1027
1263
1279
1280
1279
1271
1284
1274
1266
1286
1281
1275
1280
1284
1285
1286
1284
1284
1279
1286
1285
1280
1283
1279
1278
1277
1278
1280
1280
1291
1284
1285
1294
1290
1289
1288
1291
1289
1281
1286
1284
1273
1290
1281
1283
1299
1283
1272
1285
1285
1287
1287
1249
1289
1294
1293
1289
1293
1291
1289
1288
1290
1281
1288
1282
1286
1284
1280
1285
1290
1291
1289
1291
1295
1293
1286
1293
1307
1287
1294
1286
1289
1309
1289
1284
1285
1288
1288
1289
1280
1320
1294
1292
1301
1297
1297
1310
1293
1295
1292
1292
1290
1331
1290
1284
1287
1302
1289
1293
1289
1291
1287
1295
1296
1295
1298
1298
1295
1294
1295
1295
1294
1330
1293
1290
1288
1292
1303
1293
1282
1288
1295
1338
1297
1296
1299
1301
1303
1299
1286
1298
1280
1292
1290
1290
1291
1291
1328
1294
1294
1294
1295
1327
1283
1301
1299
1301
1302
1307
1298
1297
1295
1293
1297
1292
1279
1298
1289
1293
1295
1295
1305
1283
1314
1301
1303
1314
1307
1302
1298
1303
1300
1323
1276
1291
1295
1293
1295
1297
1294
1297
1303
1305
1305
1306
1306
1303
1301
1312
1298
1302
1303
1294
1307
1298
1293
1295
1298
1301
1295
1299
1302
1335
1271
1304
1291
1305
1306
1306
1301
1299
1309
1293
1297
1297
1299
1297
1301
1272
1300
1300
1303
1335
1331
1303
1303
1307
1308
1304
1309
1302
1291
1300
1301
1297
1298
1303
1296
1299
1301
1302
1299
1268
1304
1309
1307
1308
1307
