2021
2061
2023
2022
2013
1962
2041
2168
2048
2064
2049
2033
2027
2023
2048
2089
2082
1919
2023
1997
2017
2074
2031
2031
2023
2005
2098
2133
2058
2035
2048
2013
2038
2033
2066
2079
2025
1921
2023
2018
2029
2084
2055
2049
2024
2029
2087
2133
2057
2078
2053
1993
2009
2048
2048
2079
1998
1926
2017
2048
2016
2077
2053
2052
2031
2031
2127
2155
2061
2049
2054
1993
2028
2048
2041
2083
1970
1919
2058
1983
2012
2050
2048
2082
2037
2021
2119
2140
2057
2074
2069
2001
2026
2055
2059
2080
1949
1943
2012
2038
2031
2067
2083
2054
2029
2004
2134
2185
2060
2048
2067
2024
2058
2071
1995
2078
1959
1955
2009
1981
2003
2036
2068
2031
2022
2035
2125
2180
2025
2066
2069
2036
2048
2035
2058
2055
2005
1890
2057
2040
2049
2021
2075
2031
2054
2048
2106
2159
2091
2052
2069
2083
2025
2048
2021
2061
2009
1979
2021
2024
2048
2013
2081
2032
2048
2033
2048
2184
2083
2074
2091
2104
2092
2039
2067
2071
2048
1943
2030
2030
2019
1989
2055
2029
2065
2068
2081
2151
2083
2078
2123
2152
2053
2081
2075
1978
2082
1998
2015
2004
1979
1972
2079
2019
2035
2003
2069
2129
2064
2048
2121
2135
2086
2094
2078
2048
2061
1929
2015
2017
1994
1972
1993
2021
1974
1983
1963
2102
2018
2021
2106
2087
2070
2031
2021
1971
2050
1946
2013
2019
1935
1935
2021
2022
2065
2050
1950
2078
2070
2067
2100
2108
2048
2051
2006
2019
2048
1927
1999
1997
1941
1935
1982
2008
2002
2025
1971
2105
2062
2053
2140
2123
2090
2058
2033
1993
2074
2012
2018
2011
1930
1945
2038
1997
2023
2054
2001
2084
2063
2082
2154
2112
2079
2034
2071
2031
2085
2059
1988
2023
1951
2015
2014
2019
2022
2066
2007
2048
2077
2083
2143
2091
2078
2055
2085
2022
2127
2055
2007
2005
1959
2048
2007
2034
2039
2048
1972
2015
2095
2071
2133
2051
2078
2056
2095
2048
2118
2062
2009
2041
1977
2048
1974
2031
2035
2095
2013
1990
2091
2061
2105
2087
2075
2069
2079
2037
2137
2065
2018
2040
1955
2035
2025
2048
2061
2055
1980
1993
2109
2067
2116
2070
2063
2077
2057
2031
2097
2076
1973
2013
1950
2021
2003
1993
2033
2027
1960
1987
2119
2021
2069
2048
2053
2027
2018
2022
2093
2092
1955
1998
1947
2011
2017
1977
1983
2020
1949
1967
2086
2011
2084
2026
2026
2027
2035
2058
2113
2077
1916
1983
1921
1994
2031
2014
1981
2003
1956
1993
2091
2037
2070
2020
2033
2053
2035
2055
2107
2074
1908
1983
1940
2022
2076
2007
2027
2018
2001
2015
2121
2048
2006
2020
2004
2048
2014
2022
2085
2033
1924
2018
1973
1998
2052
1995
2048
1975
2048
2038
2111
2034
2067
2025
1981
2023
2012
2050
2050
1975
1912
2005
1995
1999
2087
2017
2025
1999
2018
2057
2127
2049
2030
2049
1983
2033
2030
2052
2048
1985
1933
2008
2023
2015
2079
2038
2052
2019
2019
2097
2137
2048
2080
2055
1996
2015
2019
2023
2071
1959
1935
2018
2031
2008
2068
2075
2048
2032
2017
2076
2166
2063
2048
2062
2013
2048
2048
2039
2051
1959
1945
2015
2019
2007
2048
2064
2022
2027
2026
2146
2174
2031
2075
2074
2025
2030
2048
2048
2058
1964
1949
1985
2052
2019
2038
2053
2053
2048
2048
2148
2129
2053
2053
2080
2048
2016
2028
2057
2048
1996
1958
2026
1991
2021
2030
2048
2031
2052
2023
2137
2169
2069
2071
2081
2078
2028
2064
2048
2063
2011
1915
2003
2048
2031
1985
2067
2048
2065
2054
2109
2158
2055
2048
2067
2091
2006
2077
2038
2048
2019
1965
2029
2033
2003
1987
2048
2048
1981
2034
2048
2135
2082
2081
2114
2110
2056
2112
2065
2087
2012
1930
2032
2040
2029
1975
2062
2035
2032
2039
2022
2145
2097
2071
2131
2092
2029
2051
1993
2075
2102
1907
2039
2033
1991
1974
2048
2015
2050
2070
2031
2145
2097
2038
2112
2142
2086
2063
2059
1986
2115
2007
2031
2048
1977
1979
2011
1971
2048
2048
1970
2153
2105
2097
2128
2062
2071
2050
2090
2061
2117
1965
2007
1994
1912
1925
2030
2005
2048
2050
1983
2058
2021
2054
2144
2098
2062
2065
2038
2033
2113
1979
1954
2015
1938
1917
1996
1975
1995
2074
1966
2020
2035
2019
2089
2114
2091
2009
2021
2037
2121
1999
2012
2025
1946
1963
1992
2031
1999
2028
1961
1999
2084
2067
2125
2058
2074
2048
2072
2029
2097
2054
2004
2007
1958
2034
2007
2039
1995
2059
1977
1993
2087
2081
2107
2070
2071
2083
2077
2022
2126
2073
2001
2031
1963
2048
2031
2005
2019
2069
1983
2002
2095
2061
2111
2071
2070
2069
2075
2038
2091
2090
1989
2036
1977
2057
2017
2049
2026
2063
1968
1978
2060
2072
2121
2060
2095
2077
2081
2052
2120
2117
1989
2035
1993
2028
2036
2039
2037
2019
1961
1998
2128
2073
2123
2061
2049
2053
2062
2051
2111
2098
1971
2008
1947
2039
2048
2029
2037
2050
1977
2020
2105
2059
2118
2062
2063
2064
2064
2036
2180
2100
1947
2015
1970
1991
2048
2037
2048
2025
1959
2000
2125
2048
2088
2036
1997
2037
2048
2035
2117
2012
1899
1983
1947
2010
2055
2034
1999
1990
1969
1999
2107
2035
2048
2011
2009
2012
2023
2017
2056
2019
1925
2015
1971
1997
2058
2018
2039
1979
1962
2035
2115
2022
2048
2048
1986
2025
2020
2050
2082
1993
1922
1997
1990
2023
2060
2009
2019
1983
2004
2031
2131
2028
2048
2039
1983
2018
2019
2027
2049
1974
1939
1988
2009
2010
2056
2031
2016
1993
1995
2081
2005
2072
1792
2028
1981
2026
2013
2022
2048
1953
1950
1981
2010
1997
2065
2035
1999
2029
2048
2110
2115
2056
2038
2063
2026
2021
2014
2049
2048
1981
1937
2011
2020
2009
2052
2063
2037
2033
2006
2119
2139
2057
2048
2056
2023
2010
2055
2048
2053
1973
1954
1977
2034
2006
2021
2061
2048
2052
2051
2103
2131
2086
2064
2069
2059
2026
2050
2041
2058
1986
1917
2005
2025
1988
2005
2051
2023
2040
2050
2093
2127
2053
2057
2058
2061
2018
2061
2039
2065
1991
1927
2025
2014
2002
1975
1981
2048
2011
2035
2048
2146
2117
2059
2079
2109
2023
2055
2048
2031
2015
1902
1994
2021
1967
1962
2048
2039
2019
2057
2003
2146
2080
2059
2115
2117
2081
2071
2048
2050
2086
1960
2026
2039
1971
1910
2060
2048
2017
2048
1987
2120
2067
2036
2165
2156
2065
2063
2054
2035
2102
1934
1987
2027
1973
1911
2034
1999
2048
2084
2018
2137
2116
2067
2170
2179
2089
2061
2065
2058
2085
2025
2022
2048
1980
1918
2048
2048
2061
2074
2025
2083
2084
2061
2129
2106
2050
1984
2019
2032
2105
2030
2015
2031
1939
2010
2022
2003
1971
2050
1966
2035
2048
2068
2095
2065
2048
2038
2048
2048
2048
2038
1979
2005
1918
2039
1973
1978
2005
2061
1990
2027
2071
1981
2048
1985
2055
2040
2048
1986
2095
2070
2040
2022
1918
1969
2016
2037
2017
2054
1975
1962
2056
2039
2093
2012
2048
2031
2064
2048
2101
2076
2019
2060
1981
2085
1985
2083
2031
2041
1962
2011
2069
2048
2103
2049
2059
2055
2063
2070
2031
2088
2013
2038
1996
2057
2038
2048
2048
2061
1986
2021
2083
2051
2091
2034
2051
2048
2051
2054
2098
2117
2012
2063
1987
2067
2072
2022
2089
2068
1904
2004
2089
2048
2114
2013
2004
2054
2074
2048
2134
2114
1963
2061
2003
2062
2083
2035
2031
2098
1989
2048
2093
2035
2067
2001
2016
2059
2055
2052
2122
2062
1997
2075
2029
2079
2098
1995
2079
2061
2031
2019
2098
2021
2060
2011
1993
2033
2041
2020
2097
2007
1992
2048
2034
2067
2065
2019
2051
2023
2010
2034
2084
2013
2032
2021
1969
1992
2009
2023
2048
2007
1994
2050
2019
2048
2070
2022
2038
2005
2009
2020
2037
1975
2007
1997
1969
1986
1985
1989
2048
1948
1979
2048
2014
2068
2100
2051
2040
2025
2001
2074
2085
1993
2023
1973
1922
1993
2010
2015
2026
1943
2006
2057
2017
2048
2107
2049
2037
2005
2035
2081
2068
2001
2006
1969
1950
1977
1985
2019
2024
1938
1970
2015
2027
1973
2129
2004
2020
2018
2003
2109
2029
1973
2004
1963
1938
1968
1986
2025
2030
1911
1938
2065
2053
2058
2097
2036
2057
2090
2003
2096
2051
1985
1998
1976
1966
1975
2021
2013
2059
1939
1982
2049
2034
2071
2064
2060
2054
2040
2015
2112
2048
2015
2014
1964
1991
1990
2048
2048
2031
1941
1942
2056
2036
2067
2053
2056
2048
2048
2039
2095
2092
2027
2023
1979
1999
1983
2048
1995
2015
1943
1966
2037
2035
2069
2017
2069
2018
2064
2058
2084
2130
1992
2014
1987
2071
2013
2017
1997
2029
1993
1974
2058
2050
2037
2048
2073
2048
2027
2035
2050
2108
1991
2015
2027
2031
2006
2000
2015
2056
2031
1932
2082
2057
2048
2010
2035
2010
2035
2013
2031
2134
1982
2007
2048
2067
2037
2035
2033
2048
2039
1939
2062
2039
2020
1978
2067
2033
2073
2064
2017
2093
2001
2026
2075
2108
2023
2048
1990
2071
2063
1955
2066
2059
1989
2002
2038
2039
2050
2055
2048
2119
2015
2013
2105
2101
2076
2055
2041
2019
2084
2009
2079
2002
2022
2038
2009
2070
2030
2071
2051
2064
2026
2057
2056
2078
2086
2061
2055
2054
2067
2024
2127
2083
2029
2080
2048
2048
1956
2037
2005
1992
2005
1935
1989
1993
1997
2025
1982
1938
2048
2074
2056
2048
1985
2003
2019
2041
1993
2082
1974
1983
1935
2020
2021
2048
2027
1988
2055
2025
2048
2090
2067
2051
2006
2094
1997
1961
2002
2031
1980
1996
1941
1963
2041
1953
2048
2039
2064
1978
1989
2040
2061
2048
1999
2011
2015
2003
2035
2053
1985
1943
2030
1965
2075
1991
2048
2029
2048
2015
2098
2105
2003
2048
1994
2085
2050
2011
2054
2086
1970
2009
2088
2028
2056
2026
2012
2055
2040
2069
2129
2048
2011
2065
2015
2074
2056
2013
2039
2031
1988
1992
2036
2056
2078
2000
2013
2053
2079
2051
2119
2080
1997
2058
2019
2081
2084
2058
2085
2037
2030
2001
2079
2027
2054
2007
1977
2052
2029
2053
2037
2053
2049
2069
2049
2071
2126
2049
2048
2027
2031
2055
2102
2048
2036
2004
1958
2053
2031
2069
2088
2024
1980
2105
2083
2072
2107
2051
2071
2031
1994
2035
2090
1998
2011
1975
1954
1972
1969
2039
2039
1971
1971
2065
2078
2087
2131
2081
2056
2048
1995
2091
2100
2016
2013
1983
1939
2024
1982
2034
2048
1969
1963
2035
2019
2109
2102
2048
2051
2013
1994
2077
2064
1978
1994
1967
1929
1973
1981
2032
2008
1945
1971
2034
2067
2031
2087
2050
2048
2026
2024
2125
2055
1974
2009
1981
1969
1952
2001
2054
2029
1904
1933
2035
2027
2060
2078
2028
2048
2032
1998
2076
2060
1976
1979
1969
1939
1946
2014
1981
2048
1884
1965
2024
2023
2054
2054
2048
2021
2019
2024
2087
2048
1985
2006
1956
1965
1985
2006
1999
2039
1943
1994
2048
2029
2069
2055
2048
2061
2000
2013
2076
2074
1985
2031
1989
2023
1982
2034
2007
2022
1953
1961
2048
2048
2061
2011
2077
2031
2025
2023
2079
2105
1993
2009
2017
2033
2002
2020
1999
2022
2016
1958
2104
2048
2031
2022
2053
2011
2015
1792
2051
2093
2021
2039
2009
2048
2015
2009
2007
2061
2027
1943
2056
2027
2033
1997
2033
2013
2028
2029
2022
2099
1972
2016
2050
2081
2001
2007
2023
1999
2048
1946
2088
2040
1997
2020
2033
2018
2100
2054
2025
2089
1999
2048
2088
2093
2023
2013
2011
2002
2061
1971
2056
2030
1985
2035
2025
2034
2048
2062
2015
2081
2006
2021
2075
2077
2034
2048
2025
1999
2005
1991
2099
2053
1995
2021
2015
2073
2048
2048
2007
2019
2015
2028
2139
1818
2063
2060
2063
2005
2051
2010
2056
2053
1999
2091
2013
2077
1988
2052
2048
1985
2027
1996
2093
2039
2082
2067
2033
2005
2105
2083
2038
2010
2022
2061
2026
2052
1981
2071
2048
2019
2072
2018
2066
2017
2071
2086
2013
2036
2078
2101
2101
2072
2023
2101
2113
2059
2074
2083
1973
1991
2019
2004
2055
1978
2085
2075
2098
2048
2111
2134
1987
2032
2038
2088
2023
2003
2048
2051
1921
2006
2054
2059
2000
2015
2048
2048
2089
2062
2062
2048
1992
2054
1978
2067
2038
1980
1990
2048
1965
1974
2053
1963
2049
2013
2024
2023
1989
1995
2040
2093
2025
2033
1965
2037
2087
2034
2025
2019
1965
1962
2078
2029
2072
1987
1975
2011
2052
2015
2112
2048
1967
2048
2017
2087
2068
2048
2016
2013
2027
2027
2068
2009
2048
1995
1991
2048
2030
2048
2083
2015
1995
2063
2079
2097
2133
2052
2059
2055
2035
2081
2091
2013
2031
2037
1982
2053
2014
2034
2071
2015
2014
2075
2059
2062
2107
2059
2034
2037
2034
2091
2071
2030
2031
1999
1951
2040
2013
2113
2066
1971
1967
2052
2039
2079
2104
2013
2061
2024
2005
2101
2112
1988
2041
1999
1954
2022
2023
2033
2076
1935
1974
2075
2037
2048
2086
2066
2048
2057
2021
2154
2080
2033
2030
2023
1986
2020
2029
2070
2069
2036
1975
2090
2041
2083
2132
2082
2107
2039
1985
2117
2097
2027
2030
2008
1953
1971
2003
2055
2049
1921
1937
2041
2016
2048
2089
2024
2048
1986
2013
2099
2048
2009
1991
1976
1953
1979
2023
1994
1998
1880
1966
2026
2023
2063
2055
2077
2122
2071
1994
2122
2100
1992
1985
1957
1971
1967
2007
1989
1996
1923
1958
2048
1963
2058
1962
2037
2005
2007
2008
2069
2094
2001
2000
1968
1991
2003
1999
1988
1995
1943
1839
2011
2026
2036
1997
2050
2006
2005
2016
2055
2081
1995
2006
1999
2048
1986
2001
1975
2017
1953
1953
2027
2009
2027
2003
2037
1982
2036
2033
2048
2111
2003
2013
2019
2055
1982
2014
2030
2035
2064
1944
2057
2025
2033
1991
2036
2000
2035
2057
2029
2090
2009
2030
2081
2066
2011
2007
2032
2011
2036
1943
2048
2048
2024
1973
2069
2015
2033
2054
1994
2122
1999
2022
2056
2097
2021
2027
2007
2009
2057
1925
2063
2039
1987
1971
2036
1792
2048
2069
1996
2063
1995
2014
2060
2081
2031
2034
2029
2007
2038
1981
2057
2054
1999
1994
2021
2031
1991
2031
1964
2091
2031
2019
2048
2037
2034
2034
2010
2053
2050
2048
2083
2037
2000
2048
2015
1994
2048
2048
1996
2033
2007
2025
2103
2048
2081
2025
2048
2011
2020
2037
2063
2048
1970
2078
2059
2059
1986
2056
1981
2013
2040
2071
2072
2005
2078
2055
2106
2019
2052
2112
2066
2049
2027
2053
2048
2062
2010
2050
2021
2038
2038
2031
2103
2015
2069
2039
2097
2030
2083
2123
2074
2076
2016
2065
2007
2035
2090
2082
1978
1987
2077
2039
2080
2048
2048
2078
2098
2049
2134
2014
2053
2048
2024
2048
2039
2025
2030
2078
1983
2048
2084
2048
2164
2015
2063
2082
2049
2024
2131
2133
2030
2086
1959
2053
2048
2024
2048
2025
1923
2008
2119
2060
2116
1934
1937
2095
2084
2052
2089
2053
1991
2068
1951
2063
2077
2019
2003
2048
1998
1961
2111
1999
2065
1971
1973
2048
2023
2037
2090
1978
1959
2082
2004
2068
2025
1983
2020
2037
1991
2006
2126
2002
2003
2006
1974
1968
1933
1994
2022
2059
1974
1996
2054
2053
2100
2059
2036
2021
2039
2035
2133
1978
1973
2012
1909
2034
2026
2024
2087
2021
1979
2061
2050
2066
2137
2027
2050
2052
2025
2107
2092
2023
2026
2055
1957
2031
2024
2038
2093
2004
1986
2050
2041
2076
2141
2074
2079
2085
2048
2141
2100
2051
2048
2048
1998
2029
2039
2065
2069
1963
1993
1987
2078
2086
2141
2092
2125
2067
2048
2131
2066
2009
2048
2025
1951
2048
2048
2063
2020
1923
1978
2103
2064
2074
2117
2081
2081
2048
2033
2170
2091
2061
2031
2031
2010
2013
2048
2020
2074
1943
1994
2078
2092
2066
2092
2111
2051
2062
2054
2095
2115
2037
2034
1988
2001
1973
2018
2014
2048
1901
1973
2039
2004
2085
2067
2063
2028
2018
2013
2114
2119
1979
2035
1991
2001
2005
2050
2012
2048
1967
1963
2026
2023
2048
1985
2075
1984
1998
1993
2090
2100
2031
2014
1964
2033
1967
2003
2048
1989
2010
1905
2062
1998
2027
1982
2034
2006
2023
2022
2057
2111
2005
2001
2026
2048
1974
2028
2004
1999
1997
1915
2026
2006
2027
1989
2066
1850
2069
2068
2031
2090
1960
1989
2019
2048
1987
2002
1989
1967
2031
1914
2021
2018
2005
1967
2048
2025
2016
2022
1979
2095
1979
2013
2020
2065
1992
2033
2008
1997
2049
1917
2048
2007
1985
1975
2031
2030
2023
2025
1998
2070
1983
2022
2074
2101
2026
2039
1992
2003
2027
1968
2050
2011
1969
1967
2036
2036
2039
2049
1974
2069
1995
2027
2067
2099
2034
2018
2027
2028
2054
1979
2052
2032
1981
1999
2025
2021
1991
2048
1993
2070
2024
2048
2093
2048
2048
2024
2048
2021
2061
2026
2054
2038
1981
2037
2020
2029
2039
2075
2037
2053
2009
1967
2095
1997
2055
1995
2061
2014
2072
2064
2039
2035
2013
2078
2048
2020
2022
2063
1979
2014
2060
2033
2085
1985
2048
2059
2098
2014
2083
2052
2014
2064
1932
2051
2006
2024
2001
2064
1983
2002
2024
1999
2037
2050
2054
2060
2098
2022
2098
2077
2008
2034
1983
2057
2049
2060
2048
2048
1979
1984
2090
2039
2097
2020
2039
2109
2052
2041
2129
2103
2049
2113
1985
2071
2095
2048
2057
2054
1970
1948
2031
2021
2023
2073
2048
2051
2081
2060
2173
2091
2023
2067
1995
2100
2090
2023
2015
1971
1993
2037
2121
1983
2087
2048
2034
2037
1987
2084
2151
2093
2017
2101
2038
2081
2063
2077
2096
2071
2056
2072
2098
2059
2085
2048
1968
2035
2015
2094
2133
2085
1993
2075
2020
2055
2131
2068
2024
2041
2026
2124
2099
2007
2033
2009
1941
2029
2024
2073
2057
1999
1973
2056
2036
2057
2092
1997
2023
2011
2017
2097
2113
2006
2048
2000
2003
2033
1969
2033
2084
1931
1962
2048
2017
2037
2088
2019
2107
2051
2034
2105
2121
2037
2035
1947
1995
2007
2048
2014
2083
1932
1965
2065
2057
2037
2145
2069
2098
2053
1995
2127
2106
2061
2032
2031
1969
2048
2039
2034
2067
1909
1990
2077
2058
2085
2098
2048
2082
2036
2048
2155
2123
2021
2048
2040
1996
2051
2048
2040
2059
1946
1967
2071
2067
2103
2106
2071
2095
2057
2041
2147
2144
2036
2078
1976
2003
2031
2051
2013
2057
1962
1989
2081
2065
2106
2059
2083
2088
2083
2067
2159
2159
2017
2031
2021
2013
2029
2048
2021
2077
2013
1974
2049
2065
2146
2054
2094
2019
2053
2026
2159
2133
2005
2038
2057
2015
2052
2048
2059
2050
2017
1923
2018
2057
2073
1983
2036
2029
2075
2051
2097
2098
2017
1987
1990
2069
1998
2037
2033
2019
2018
1927
2048
2067
2070
2004
2055
2020
2048
2056
1989
2101
2009
2020
2012
2056
2021
2048
2048
2029
2049
1904
2058
2018
2027
1971
2048
2006
2039
2060
2024
2103
2004
2031
2048
2143
1987
2029
2048
1998
2057
1926
2055
2048
1969
1951
2026
2025
2015
2010
1946
2090
1972
1996
2033
2135
1999
2023
1945
1970
2031
1966
2051
2010
1976
1943
2019
1995
1996
2048
1959
2066
1999
1999
2064
2064
1995
2025
2031
2002
2048
1973
2012
2014
1978
1989
1998
1998
2048
2027
1962
2059
2025
2005
2048
2031
2055
2029
2027
2018
2083
2015
2036
2050
1983
2019
2017
2010
2006
2067
1965
2049
2001
2020
2065
2001
2053
1995
2071
2005
2075
2031
2061
2082
1981
2027
2018
2014
2017
2069
1984
1991
2018
2017
2063
1995
2048
2034
2057
2014
2083
2053
2040
2039
1978
2049
2011
2023
2029
2033
1976
1963
2001
2013
2076
2005
2035
2011
2106
2007
2099
2055
2025
2059
1995
2083
2029
2020
2023
2038
1912
1939
2095
2037
2067
2016
2049
2048
2050
2011
2076
2092
2013
2050
2022
2064
2030
2013
2065
2077
1966
1940
2064
2048
2024
2004
1955
2056
2069
2051
2143
2071
1987
2073
1972
2100
2065
2040
2001
2028
2009
2006
2094
2007
2067
2019
2025
2069
2015
2049
2118
2123
1948
2073
2001
2107
2101
2034
2034
2054
2019
2076
2137
2048
2034
2001
2015
2052
1987
2078
2090
2055
1965
2070
2051
2066
2121
2058
2107
2060
2056
2066
2037
2050
2062
2011
1964
2071
2075
2082
2082
2016
2027
2102
2072
2096
2173
2063
2004
2033
2019
2130
2080
2033
1953
2080
1963
2031
2074
2056
2055
1903
1948
2087
2105
2056
2065
2048
2017
2071
2028
2102
2112
1967
1985
1995
1941
1991
2039
1983
1997
1924
1947
2021
1999
2004
2161
2082
2011
2002
1999
2059
2106
2016
1999
1970
1952
2006
2018
1994
2038
1879
2007
2010
2097
2048
2077
2062
2055
2023
2055
2106
2081
2016
2024
2012
2010
2019
2017
2031
2008
1967
2009
2059
2079
2081
2050
2097
2048
2077
2065
2114
2122
2048
2067
2026
2039
2023
2036
2052
2062
1988
1959
2067
2063
2091
2078
2104
2058
2068
2037
2107
2181
2038
2063
2048
2048
2038
2059
2021
2081
2008
2002
2026
2058
2081
2035
2090
2054
2059
2073
2095
2107
2002
2039
2048
2102
2036
2048
2063
2048
2071
2017
2089
2058
2069
1995
2035
2036
2055
2059
2000
2076
1993
2032
2021
2099
2057
1993
2020
2015
2041
1975
2070
2023
2023
1958
2050
2005
2037
2035
2015
2077
1961
1991
2065
2065
2001
2026
2016
1997
2038
1959
2048
1994
1966
1963
2025
2037
1998
2026
1985
2057
2024
1992
2079
2011
2029
2027
2027
1960
2023
1972
2030
2021
1976
2001
2001
2048
1985
2014
1963
1928
1975
1967
2048
2033
1993
2011
2027
1937
2013
1972
2019
1993
1951
2004
2006
1881
1954
2028
1934
1978
1983
1947
2031
1973
2055
1994
1988
1972
2027
2048
2017
1999
1938
2024
1994
1979
1969
2027
1967
1999
1974
1985
2054
1967
2015
1995
2029
1981
2032
2036
2065
2021
1954
2030
1995
1983
1983
2019
1946
1955
2005
1991
2059
1976
2011
2003
2015
2031
2101
2120
2011
2028
1973
2039
2025
1983
2036
2048
1947
1984
2021
1989
2075
1999
2053
2031
2051
2027
2108
2080
1983
2039
1965
2052
2039
2015
2032
2025
1955
1954
2084
2007
2050
1992
1981
2064
2037
2010
2087
2040
1961
2029
1979
2054
2031
2013
2017
2050
1989
1955
2113
2004
2053
1947
2015
2059
2015
2021
2069
2057
1963
2048
1989
2065
2084
2063
2038
2023
1975
2035
2095
2003
2027
1973
1979
2061
2035
2006
2052
2011
1991
2096
2027
2076
2095
2048
2031
2007
2048
2058
2100
1999
2031
2024
1965
2068
1995
2030
2048
1979
2007
2058
2048
2059
2094
2056
2052
2038
2038
2128
2138
2035
2048
2029
1935
2012
1987
2048
2080
2025
1981
2067
2065
2069
2139
2053
2061
2063
2107
2149
2121
2027
2064
2027
1979
2048
2040
2079
2077
1967
1983
2070
2071
2086
2157
2048
2104
2039
2060
2150
2130
1951
2053
2048
1983
2048
2035
2007
2068
1971
1981
2085
2021
2022
2089
2086
2097
2061
1959
2192
2125
2027
2067
2021
1891
2025
2063
2048
2075
1933
1965
2018
2055
2071
2112
2081
2039
2024
1983
2100
2087
1976
1947
1921
1954
1978
2053
2016
2032
1926
1903
2048
2048
1977
1994
2019
1987
2064
2028
2085
2091
2002
2031
2024
2018
1997
2036
2009
2020
1942
1957
2056
2055
2073
1995
2090
2040
2050
2285
2049
2112
2015
2027
1990
2062
1990
2061
2021
2068
1975
2000
2083
2034
2077
2021
2089
2035
2029
2048
2064
2149
2027
2049
2036
2079
2048
2048
2048
2036
2029
1964
2112
2075
2100
2030
2082
2023
2077
2090
2073
2127
2018
2065
2062
2100
2031
2001
2041
2050
2101
1895
2073
2054
2051
1999
2051
2071
2101
2048
2048
2120
2024
2067
2122
2128
2018
2048
2050
2013
2099
1955
2004
2089
2023
1963
2013
2039
2050
2060
1969
2092
2007
2037
2111
2122
2048
2048
2029
2005
2056
1971
2070
2034
1973
1997
2027
2039
2021
2015
1975
2008
2022
2011
2035
2031
2025
2055
2025
1943
2027
1959
2054
2074
1967
1972
1970
2027
2007
2059
1921
2026
1987
2003
2075
2023
2000
2005
2022
1962
2007
2017
2031
2027
2024
2071
2014
2015
1989
2035
1963
2007
2023
2015
2048
1981
2039
1997
2029
2023
2022
2025
2052
2011
1973
2027
2003
2020
1985
2031
1922
1982
2004
1974
2049
1979
2035
2005
2035
1967
2026
2050
2018
2021
1962
2038
2006
1988
1980
2040
1973
1986
1992
1926
2085
1968
2002
2005
2052
2001
2061
2048
1993
2006
1957
2026
2015
2023
2014
2005
1961
1930
2070
1988
2067
1983
2007
2037
2059
2019
2082
2086
1991
2032
1967
2037
2026
2023
2038
2034
1966
1959
2058
2010
2079
2000
2004
2048
2037
2007
2068
2051
1997
2014
1981
2075
2048
2023
2021
2051
1973
1975
2061
1997
2063
1999
1984
2039
2015
2048
2079
2053
2038
2039
1989
2057
2055
2023
2010
2010
1969
1983
2065
2019
2048
2007
1981
2048
2015
2048
2079
1991
1983
2048
2022
2068
2099
2031
2018
2024
2000
2053
2074
2020
2031
2048
1992
2002
1985
2038
2083
2027
2036
2039
2061
2079
2137
2018
2061
2014
2021
2080
2073
2048
2016
1997
1961
2008
2048
2085
2052
1985
1953
2062
2048
2065
2125
2037
2052
2035
2054
2117
2090
2023
1982
2018
1993
2008
2020
2060
2084
1983
1898
2024
1981
2085
2159
2099
2098
2039
2030
2123
2141
2048
2035
2048
1975
1983
2034
2033
2066
1948
1981
2077
2073
2033
2093
2113
2092
2015
2065
2176
2183
2038
2031
2011
1967
2048
2073
2034
2093
1893
1977
2095
2095
2097
2096
2111
2101
2024
2063
2146
2089
2036
2031
2016
2015
1945
1975
2068
2093
1975
2278
1991
2097
2117
2105
2125
2054
1988
2061
2102
2152
2019
1992
1961
1998
2002
2052
2048
2077
1848
1970
2038
2052
2080
2085
2077
1989
2080
1977
2099
2128
2013
1989
1993
2014
1974
2048
2016
2015
1935
1897
1975
2061
2055
2010
2014
2057
2059
2050
2103
2143
2027
2007
1999
2069
2000
2033
2031
2014
2048
1961
2077
2029
2058
2009
2068
2053
2065
2061
2082
2122
1991
2048
2048
2084
1998
2039
2019
2029
2071
1957
2091
2050
2048
2001
2036
2064
2077
2049
2000
2103
1999
2023
2066
2097
2061
2048
2025
2052
2102
1970
2082
2061
2039
1977
2074
2069
2077
2035
2031
2149
2055
2065
2113
2114
2058
2065
2073
2052
2057
1921
2073
2072
2031
2034
2056
2048
2026
2059
1991
2096
2063
2037
2094
2126
2073
2072
2037
2029
2064
1966
2098
2074
2018
2017
2038
2039
2055
2109
1994
2078
2037
2048
2109
2048
2073
2086
2007
2014
2048
2076
2085
2048
1941
2039
2029
2030
2019
2092
1955
2038
2022
1991
2063
2005
2056
2017
2050
1986
2005
2048
2025
2065
1944
2005
2003
1993
1997
2063
1963
1991
1977
1973
2085
2038
2037
2011
2029
1986
2011
2089
2007
2031
1965
2034
1995
2002
2011
2048
1966
1960
2018
1995
2052
2004
2007
2013
2073
2005
2070
2063
1998
2023
1965
2031
2022
1986
2064
2020
1951
1957
2003
1989
2068
1991
1997
2048
2050
1993
2055
2039
1985
2048
1909
2006
2049
1993
2011
2012
1949
1913
2026
1997
2125
1993
1985
2053
2048
1999
2073
2031
1987
2037
1983
2049
2052
2023
2000
2029
1967
1959
2091
1997
2061
2013
1993
2039
1971
2051
2094
2048
1992
2080
2010
2061
2086
2023
2014
2018
2015
2018
2091
2016
2019
1989
1973
2048
1990
2048
2073
1999
1970
2039
2040
2059
2074
2035
2013
2007
2006
2094
2081
2005
2021
2011
1962
2034
2015
2051
2048
1989
1967
2049
2048
2067
2109
2038
2028
1994
2016
2101
2075
2025
2011
2037
1967
2006
1999
2048
2049
1960
1943
2048
2055
2082
2122
2077
2051
2019
2017
2103
2120
2038
2015
2000
1919
2003
1976
2048
2048
1945
2011
1981
2067
2055
2131
2051
2059
2033
2039
2151
2110
2015
2015
1990
1962
2011
2069
2009
2075
1937
1959
2011
2075
2076
2103
2065
2095
2061
2048
2147
2116
2059
2058
1972
2022
2007
2065
2049
2001
1939
1999
2048
2080
2061
2083
2118
2098
2053
2096
2123
2146
2048
2073
2021
1955
2026
2039
2037
2081
1981
2002
2100
2099
2109
2090
2117
2077
2031
2048
2145
2162
2009
2003
2056
2029
2029
2058
2024
1982
1994
2017
2099
2093
2099
1995
2104
2061
2019
2013
2096
2109
1976
2072
2034
2095
2050
2023
2058
2037
1975
2002
2050
2031
2113
2060
2123
2065
2049
1994
2083
2166
2002
2014
2029
2093
1945
1972
2069
2011
2069
1935
2072
2021
2048
1995
1995
1975
2030
1994
2074
2124
1942
1964
1944
2053
2003
2035
2050
1969
1987
1828
2048
2015
2007
1929
1980
1992
2037
2048
2006
2117
2013
1997
2058
2127
2035
2059
1999
2007
2101
1946
2053
2031
1995
1938
2052
2055
2063
2071
2001
2084
2014
2075
2093
2139
2048
2062
2055
2029
2050
1985
2062
2048
2027
1968
2048
2059
2022
2100
2015
2111
2036
2048
2094
2123
2048
2066
2027
2019
2026
1998
2096
2073
2011
2283
1986
2066
2048
2075
2020
2130
2011
2055
2121
2065
2110
2048
2019
2019
2110
2089
2078
2048
2024
2048
2036
2055
2050
2091
2023
2032
2048
2066
2102
2020
2113
2050
2099
2060
2081
2067
2075
2081
2018
2080
2048
2051
2027
2078
2048
2013
2020
2015
2127
2032
2075
2099
2075
2006
2103
2087
2065
2064
2013
2019
2022
2060
2003
2021
2035
1967
1993
1997
2031
2026
2010
1990
2048
2016
2073
2075
1995
1992
1982
2090
2024
1977
2027
1988
1956
1958
2039
2001
2064
1981
2021
2021
2019
1991
2076
2034
2002
2025
1967
2069
2040
2031
2002
2003
1965
1897
2089
1995
2076
2000
1990
2048
2049
2011
2066
2048
1995
2040
1997
2038
2048
1997
2005
2020
1939
1972
2052
1995
2048
1937
1953
2048
1967
2007
2077
2038
1962
2041
1975
2049
2048
2015
2008
2022
2003
2048
2068
1987
2032
1975
1948
2021
1982
2020
2077
2031
1993
2056
2009
2036
2088
2028
1997
1995
2017
2067
2086
2010
2011
2012
1968
2026
1977
2075
2039
2001
1973
2061
2082
1999
2119
2011
2051
2056
2059
2095
2078
2018
2011
2003
1954
2013
2013
2048
2055
1995
1955
2071
2031
2055
2125
2040
2071
2015
2015
2083
2082
2012
2015
1996
1932
1998
1986
2075
2076
1942
1967
2036
2034
2095
2137
2077
2048
2027
2101
2102
2106
2017
2006
2023
1958
1997
2029
2022
2083
1963
1938
2056
2066
2135
2105
2070
2074
2022
2051
2116
2126
1993
2021
1996
1960
1991
2026
2035
2041
1918
1938
2051
2071
2077
2091
2095
2048
2038
2061
2128
2150
2015
2026
1998
1977
1997
2006
2010
2033
1940
1978
2093
2048
2069
2102
2100
2017
2082
2030
2116
2163
2033
2028
1993
2017
1996
2021
2005
2072
1973
1973
2078
2070
2096
1987
2096
2061
2067
2048
2104
2131
2062
2069
2003
2067
2019
2075
2010
2051
1997
1976
2087
2013
2058
2035
2107
2048
2074
2077
2139
2137
2058
2051
2018
2027
1939
2061
2056
2065
2063
1975
2079
2067
2103
2057
2107
2079
2039
2079
2034
2100
1995
1981
2071
2165
2049
2105
2085
2061
2048
1978
2102
2095
2105
2021
2022
1991
2053
2033
2049
2175
2019
1994
2074
2093
2027
2048
1970
2023
2064
1928
2048
2069
1999
1943
2036
2002
1982
2070
2018
2048
1964
1983
2052
2147
2034
1965
2006
1935
1982
1972
2065
1971
1925
1911
2025
2055
1997
1966
1933
2050
2039
2049
2077
2062
2033
2001
2014
2031
2049
1913
2068
2027
2002
1998
2037
2011
2031
2048
2028
2107
2010
2019
2130
2075
2088
2038
2048
2035
2059
2048
2076
2063
1975
2030
2036
2048
2033
2099
2036
2099
2024
2029
2149
2032
2080
2040
2065
2030
2059
2048
2091
2082
2007
2067
2053
2033
2081
2084
2007
2033
1991
2039
2116
2048
2091
2034
2065
2004
2109
2112
2094
2083
1982
2048
2048
2049
2048
2101
1997
1984
2037
2066
2123
2082
2048
2073
2111
2035
2102
2050
2066
2072
2025
2090
2080
2040
2037
2071
2063
2011
2054
2012
2094
2037
2073
2105
2071
2008
2111
2111
2067
2085
2035
2054
2063
2049
2065
2069
2005
1967
2095
2048
2063
1981
2048
2073
2069
2034
2069
2084
1979
2037
1989
2040
2031
2017
1992
2017
1954
2010
2037
1987
2059
2062
2011
2010
1993
2029
2053
2099
1968
2021
1929
2025
2037
1996
2018
2023
1968
1981
2040
1991
2069
2004
2004
2032
2023
2039
2057
2076
1978
2029
1959
2054
2039
1980
2001
2010
1969
2071
2092
1991
2015
1972
1957
2024
1991
2035
2083
2029
1930
2018
1980
2064
2073
1984
2048
2022
2010
2030
2083
1996
2015
1970
1955
2003
1978
2033
2030
1978
1925
2011
2018
2027
2093
2014
2056
1995
1997
2039
2074
1979
2004
1990
1925
2013
2031
1989
2020
1956
1947
2033
2029
2077
2106
2026
2034
2034
2023
2099
2087
2005
2007
2004
1943
2027
2004
2048
2029
1929
1954
2048
2020
2067
2133
2055
2048
2003
2013
2107
2142
2013
2034
2004
1943
2003
2003
2039
2019
1897
2015
2016
2058
2054
2133
2082
2060
1992
2008
2128
2137
2031
2030
2030
1955
2009
2002
2014
2079
1949
1960
2059
2039
2055
2124
2051
2064
2051
2027
2139
2137
2021
2031
1977
1954
1978
1991
2065
2031
1946
1954
2038
1950
2071
2100
2097
2048
2048
2034
2157
2139
2036
2017
1984
1999
1999
2053
2039
2048
1979
1943
2029
2048
2062
2078
2076
2018
2048
2065
2139
2161
2022
2011
1977
2009
2010
2048
2033
2025
1969
1911
2093
2039
2067
2033
2065
2039
2071
2036
2123
2134
2005
2063
2011
2057
1991
2068
2048
2049
1983
1939
2048
2048
2057
2015
2095
2025
2063
2039
2048
2097
2052
2037
2007
2050
2003
2099
2052
2048
2033
1936
2085
2072
2048
2016
2058
2057
2073
1966
2070
2187
2038
2053
2085
2030
2059
2074
2059
2052
1971
2004
2092
2066
2048
1987
2097
2061
2048
2099
2021
2148
2049
2069
2100
2073
2073
1952
2077
2054
2090
1992
2063
2022
1947
1917
2001
2018
2005
2072
2026
2178
1953
2049
2055
2065
2022
1964
2018
2003
2053
1999
2074
2060
2025
1990
1969
2048
2024
2036
1971
2107
2012
2031
2079
2119
2064
2029
2053
1987
2100
1974
2003
2011
1970
1984
2015
2059
2050
2062
1999
2067
2039
1989
2101
2079
2054
2049
2030
1933
2031
1991
2057
2050
1954
1996
1999
2003
2048
2065
1996
1974
2033
2004
2105
2012
2064
2078
2048
1983
2095
2017
2051
2048
1978
2052
2023
2052
2013
2075
2013
1972
2048
2049
2092
2035
2062
2081
2050
2031
2096
2058
2097
2088
2021
2085
2025
2077
2028
2071
1959
2031
2048
2048
2113
2048
2066
2066
2080
2034
2088
2124
2053
2064
2034
2076
2051
2050
2050
2085
2021
1999
2070
2048
2071
2017
2051
2082
2107
2050
2057
2112
2037
2065
1998
2066
2048
2025
2105
2088
1995
2033
2078
2048
2112
2027
2057
2085
2056
2062
2092
2115
1983
2050
2012
2082
2031
2024
2089
2058
2001
2033
2074
2035
2093
2021
2066
2086
1995
2048
2141
2099
1983
2083
1987
2048
2053
2014
2014
2026
1978
1998
2068
1998
2048
1995
1975
2022
1992
1992
2060
2000
1928
2031
1988
2059
2082
2048
2015
1995
1987
2001
2101
2015
2002
1996
1934
2034
2023
2011
2038
1982
1940
2029
2020
2031
2079
2095
2058
1983
1999
2030
2097
2027
2018
2008
1945
2026
1997
2002
2007
1968
1959
2013
1865
2071
2077
2036
2048
1991
1995
2074
2100
2013
2004
1991
1931
1963
1969
2014
1939
1957
1963
2010
2031
2033
2108
2031
2025
2029
1999
2101
2146
1976
2015
1991
1965
2003
2026
2023
2050
1943
1938
2030
2035
2039
2154
2053
2064
2026
2048
2139
2114
2026
2029
2001
1975
1999
2037
2048
2062
1932
1936
2026
2033
2057
2093
2065
2051
2027
2027
2139
2161
2030
2033
2034
1974
1982
2022
2031
2049
1937
1912
2027
2048
2049
2071
2063
2034
2050
2017
2171
2113
2035
2058
2031
2020
1974
2030
2036
2048
1948
1919
2069
2048
2032
2054
2060
2063
2048
2032
2100
2133
2035
2032
2021
2027
1993
2051
2011
2048
1925
1943
2037
2029
2038
2035
2071
2027
2055
2028
2090
2183
2023
2074
2029
2077
2001
2069
2039
2035
1989
1933
2016
2025
2027
1977
2078
2025
2061
2048
2051
2180
2080
2067
2051
2092
1994
2081
2073
2015
2009
1927
2011
2054
2035
1956
2067
2008
2037
2081
2064
2201
1983
2069
2074
2120
2049
2048
2031
2048
2091
1957
2025
2053
2024
1971
2048
2048
2079
2067
2048
2183
2041
2035
2080
2140
2050
2075
2071
2035
2149
1963
2035
2051
1967
1954
2048
2084
2063
2103
2013
2151
2081
2068
2147
2153
2058
2082
2062
2048
2121
1947
2033
2017
1993
1993
2048
2070
2092
2093
2015
2143
2069
2065
2157
2188
2096
2076
2039
1955
2102
1987
2048
2073
1971
1935
2048
2083
2061
2106
2011
2063
2084
2085
2140
2109
2067
2037
2033
2035
2079
1990
2023
2015
1980
2005
2033
2034
2039
2003
1956
2056
2052
2051
2135
2093
2007
2029
2006
1993
2069
2026
1990
2010
1935
1958
2048
2051
2007
2069
1926
2028
2079
2053
2084
1995
2033
1990
2084
2015
2092
2069
1983
1971
1991
2027
2039
1997
2015
2082
1978
2000
2054
2049
2087
2054
2074
2067
2081
2025
2069
2081
2048
2053
1986
2073
2033
2041
2009
2030
1999
2013
2088
2054
2159
2056
2077
2061
2075
2032
2141
2104
1983
2057
1983
2037
2053
2039
2074
2090
1978
2011
2113
2086
2113
2028
2052
2075
2079
2065
2150
2097
1928
2037
1963
2070
2087
2035
2081
2053
1983
2003
2116
2048
2105
2048
2048
2071
2075
2038
2118
2062
1990
2052
2001
2053
2059
2037
1991
2007
1993
2008
2127
2053
2098
2049
1961
2009
2034
2048
2098
2021
1940
2035
1979
2067
2059
2002
2030
2003
1971
2013
2123
2048
2102
2003
1945
2020
1975
2057
2071
1991
1943
2005
1987
2021
2109
2019
1999
1964
1979
2048
2126
2031
2005
2012
1944
1990
1999
2052
2025
1949
1907
2026
2016
2014
2091
2050
2022
2010
2018
2095
2113
2029
2029
2025
1972
1983
1994
2034
2038
1953
1897
2016
2012
2007
2078
2003
2026
2010
2020
2106
2133
2032
2004
1999
1974
1977
2001
2010
2029
1943
1895
2008
2008
2005
2057
2033
2011
2052
2021
2103
2138
2048
2012
2034
2006
1995
2015
2048
2067
1983
1885
2025
2015
1975
2074
2067
2041
2034
2029
2113
2137
2061
2039
2027
2038
1994
2037
2034
2066
1978
1915
2015
2013
2048
2024
2058
2068
2048
2039
2059
2152
2048
2048
2064
2079
2014
2035
2038
2035
1962
1924
2021
2015
2023
1988
2057
2039
2020
2050
2031
2163
2048
2057
2077
2098
2013
2054
1980
2055
1991
1965
2024
2050
2031
1900
2077
2006
2029
2052
2027
2192
2059
2068
2089
2117
2020
2086
2014
2022
2048
1952
2004
2048
1982
1971
2026
2009
1986
2070
1995
2154
2065
2091
2139
2139
2052
2066
2027
2035
2145
1987
2027
2037
1983
1927
2048
2029
2069
2037
1984
2111
2073
2080
2149
2142
2093
2051
2050
2033
2143
1987
1998
1986
1957
1970
2048
2035
2085
2111
2011
2115
2085
2071
2179
2095
2083
2074
2048
2048
2058
2032
2011
2060
1969
2001
1995
2010
2038
2049
2007
2048
2084
2091
2137
2023
2073
2017
2091
2051
2092
2053
2048
2015
1901
2056
2029
2035
2009
1975
1910
1999
2063
2011
2155
2075
2011
2059
2074
1961
2066
2028
1962
2015
1893
1995
1998
2011
2048
2040
1941
1957
2108
2006
2057
1995
2048
2048
2074
2039
2065
2023
1993
2039
1985
2063
2010
2026
2010
2038
1973
2009
2134
2082
2101
2051
2048
2073
2077
2070
2098
2107
1990
2050
1979
2049
2019
2015
2049
2030
1978
2026
2130
2051
2126
2049
2055
2078
2071
2074
2091
2102
1957
2040
1983
2080
2080
2053
2065
2027
1983
2048
2164
2048
2106
2053
2004
2075
2052
2054
2114
2031
1929
2053
2014
2062
2086
2006
2029
2016
2015
2051
2165
2049
2116
2048
1998
2050
2039
2018
2121
2048
1904
2040
1994
2048
2107
2018
2048
1986
2020
2105
2148
2051
2084
1942
1962
1979
2017
2039
2086
1959
1884
2001
1995
2031
2099
2048
2048
1985
1989
2031
2131
2010
2006
2017
1947
1983
1987
2022
2061
1976
1899
2019
2022
2019
2105
2063
2082
2030
2048
2109
2159
2052
2048
2037
1979
2025
2020
2048
2033
1956
1914
2022
2033
2056
2081
2054
2079
2027
2027
2073
2158
2011
2025
2048
1983
1982
2030
2021
2048
1946
1929
2033
2037
1992
2031
2054
2022
1997
2016
2085
2181
2058
2048
2062
2019
2001
1999
2028
2004
1985
1935
2015
2023
2020
2027
2059
2037
2038
2048
2099
2173
2048
2053
2031
2053
2005
2025
2020
2021
2010
1915
2024
2048
2011
1983
2055
2026
2048
2079
2122
2124
2050
2052
2077
2086
2013
2055
2024
2039
2028
1957
2017
2010
2001
1955
2079
2026
2078
2053
2057
2105
2072
2053
2071
2113
2049
2048
2058
2039
2058
1925
2008
1994
1992
1952
2036
2030
2048
2053
1986
2137
2056
2059
2121
2147
2068
2069
2095
2029
2086
1914
2048
2015
1967
1949
2033
2033
2039
2079
1976
2139
2069
2054
2116
2154
2068
2071
2048
2022
2121
1995
2023
2063
1889
1944
2026
2035
2048
2069
1966
2122
2062
2086
2176
2159
