2142
2057
2075
2063
2063
2057
2099
2103
1999
2048
1972
1998
2019
2027
2039
2080
1999
2037
2100
2059
2122
2057
2070
2052
2090
2061
2087
2105
2012
2039
2030
2025
2036
2012
1997
2014
1967
2050
2120
2066
2142
2067
2064
2095
2089
2062
2103
2096
1955
2027
1994
2033
2038
2019
2053
2027
2008
2039
2119
2095
2130
2093
2058
2075
2098
2075
2135
2089
1986
1999
1990
2051
2048
2050
2029
2031
1998
2048
2135
2073
2066
2080
2052
2075
2099
2026
2123
2054
1969
2051
1959
2048
2075
2048
2035
2011
1965
2030
2150
2065
2097
2069
2048
2073
2048
2085
2125
2030
1959
2052
2017
2031
2053
2020
2014
2041
2005
2068
2119
2069
2084
2072
2027
2053
2034
2063
2109
2012
1909
2017
2019
2022
2099
2048
2037
2001
2007
2061
2114
2048
2054
2037
2006
2018
2016
2075
2095
2031
1937
2008
2006
1988
2057
2015
2020
2016
1987
2095
2113
2059
2048
2061
2012
2033
2048
2109
2052
1968
1928
1992
2005
2011
2065
2029
2051
2001
2008
2090
2110
2036
2063
2101
2048
2048
2048
2051
2055
1987
1930
1997
2023
1995
2051
2048
2037
2027
2029
2089
2134
2067
2048
2063
2024
2016
2049
2048
2050
1978
1939
2015
2021
2025
2048
2076
2051
2048
2040
2078
2157
2074
2048
2077
2053
2031
2049
2062
2067
2011
1957
2025
2055
2055
2059
2065
2048
2039
2039
2057
2154
2085
2078
2061
2067
2036
2060
2019
2074
2030
1979
2030
2049
2037
1999
2063
2023
2052
2040
2050
2136
2081
2073
2069
2135
2034
2089
2069
2075
2037
1969
2005
2034
2034
1990
2071
2020
2087
2061
2029
2131
2079
2062
2054
2133
2048
2062
2049
2059
2068
2010
2009
2035
2025
1991
2071
2031
2057
1998
2048
2067
2080
2074
2087
2127
2052
2096
2068
2048
2109
2001
2023
2048
2013
1971
2065
2020
2011
2079
1990
2131
2099
2059
2097
2133
2055
2093
2083
2055
2123
1999
2027
2017
1983
1956
2057
2011
2048
2072
1957
2127
2076
2075
2119
2152
2057
2113
2048
2060
2121
1980
2019
2051
1995
1991
2049
2049
1980
2071
1978
2104
2100
2093
2135
2125
2074
2087
2017
2033
2075
2041
2048
2048
1980
1978
2063
2056
2035
2006
1988
2082
2078
2068
2143
2118
2041
2048
2061
2039
2099
1991
2018
2048
1982
1938
2048
2048
2025
2051
1998
2074
2123
2076
2163
2048
2077
2064
2056
2036
2112
2012
1996
2034
1947
2036
2023
2034
2050
2033
1995
2034
2090
2053
2125
2066
2039
2015
2038
2034
2129
2049
1997
2058
1951
2033
2027
1994
1982
2037
1967
2022
2095
2059
2111
2079
2081
2068
2089
2077
2109
2074
2021
2031
1974
2017
2023
2056
2035
2055
2006
1989
2103
2069
2132
2071
2039
2056
2103
2059
2103
2089
2007
2027
2002
2037
2039
2040
2012
2055
1987
2011
2113
2088
2121
2067
2056
2065
2087
2052
2105
2099
1993
2024
2000
2057
2048
2028
2034
2048
1996
2032
2121
2074
2114
2079
2041
2059
2087
2085
2099
2048
1979
2023
1963
2058
2011
2031
2048
2048
1998
2025
2134
2070
2134
2074
2070
2066
2088
2091
2139
2091
1961
2021
1960
2036
2040
2048
2055
2020
1973
2039
2148
2063
2099
2053
2048
2053
2076
2080
2123
2067
1931
1995
1981
2017
2020
2033
1996
2007
2009
2031
2098
2054
2066
2020
2029
2048
2013
2069
2100
2009
1925
1989
2008
1996
2025
2019
2018
2021
2019
2027
2106
2059
2070
2051
2026
2013
2021
2061
2103
2048
1930
2001
2000
2028
2048
2048
2060
2017
2048
2052
2105
2056
2073
2048
2006
2063
2018
2056
2087
2014
1946
1979
2017
2032
2056
2059
2048
2003
2003
2057
2126
2103
2065
2062
1989
2048
2027
2021
2048
1985
1955
1978
2048
2003
2065
2034
2029
2009
2012
2087
2123
2049
2015
2053
2005
2021
2013
2048
2100
1983
1935
2020
2032
2021
2050
2049
2048
2037
2017
2103
2123
2066
2048
2065
2032
2027
2067
2068
2056
2013
1946
2005
2032
2024
2074
2048
2051
2053
2027
2098
2129
2101
2077
2101
2022
2021
2036
2061
2070
2048
1929
2007
2035
2009
2053
2052
2048
2038
2050
2082
2154
2113
2063
2070
2063
2018
2052
2048
2066
2025
1937
2018
2036
2013
2025
2063
2058
2034
2051
2068
2170
2092
2065
2086
2081
2039
2075
2021
2034
2015
1953
1974
2056
2072
1995
2061
2035
2069
2007
2038
2148
2076
2081
2107
2126
2048
2077
2053
2001
2048
1960
1990
2066
2063
1978
2068
2022
2023
2062
2037
2142
2079
2078
2100
2103
2022
2048
2023
2038
2040
1989
2015
2070
2021
1999
2071
1983
2059
2086
2007
2149
2091
2052
2086
2096
2078
2070
2083
1994
2143
1992
2037
2082
2033
1987
2104
2048
2061
2061
2006
2083
2085
2089
2131
2157
2089
2077
2094
2060
2159
1991
2019
2055
1994
2005
2048
2048
2048
2061
1997
2127
2125
2101
2114
2156
2099
2093
2063
1985
2155
2017
2015
2034
1982
1902
1973
2023
2052
2051
2005
2093
2083
2048
2133
2154
2006
2038
2067
2015
2104
1993
2027
2048
1940
1961
1999
1999
1979
2077
1966
2025
2037
2016
2134
2130
2077
2066
2014
2060
2063
2019
2023
2007
1958
2033
2048
2013
1981
2074
1995
2059
2085
2079
2171
2097
2080
2059
2039
2021
2105
2059
2020
2038
1999
2048
2063
2061
2019
2107
2021
2069
2116
2062
2131
2059
2092
2049
2073
2038
2076
2091
1999
2061
2009
2048
1997
2036
2052
2095
2011
2077
2103
2065
2170
2054
2095
2059
2091
2031
2096
2085
2034
2080
1989
2056
2071
2033
2066
2102
2051
1995
2129
2082
2149
2065
2055
2069
2135
2039
2095
2060
2039
2065
2004
2072
2091
2035
2029
2083
2035
2063
2072
2071
2109
2071
1982
2031
2094
2037
2078
2077
2054
2079
2017
2070
2060
2077
2066
2070
2027
2057
2121
2037
2105
2049
2062
2089
2078
2038
2115
2063
2048
2084
2018
2083
2085
2091
2062
2053
1967
2021
2114
2016
2067
1991
2022
2039
2079
2066
2104
2048
2013
2020
1980
2077
2090
2029
2026
2029
1970
2015
2071
1978
2057
2011
2023
2029
2013
2026
2067
2096
1957
2059
1969
2098
2076
2019
2054
2031
1983
2026
2135
2027
2091
1993
1996
2005
2018
2003
2103
2082
1975
2038
2007
2063
2094
2030
2039
2036
2004
2048
2093
2019
2056
1997
1997
2030
2061
2073
2125
2005
1953
2056
1994
2070
2106
2036
2082
2025
2015
2059
2130
2010
2051
1999
1988
2018
1989
2040
2095
1982
1980
2048
2018
2053
2095
2039
2054
1996
2028
2106
2123
2009
2011
1989
1934
1995
1989
2027
2080
1949
1953
2030
2048
2070
2108
2063
2069
2033
2025
2101
2095
1995
2057
1985
1947
2015
1987
2048
2058
2002
2003
2074
2075
2119
2180
2069
2069
2033
2058
2103
2117
2053
2023
2013
1941
2024
1983
2071
2111
2004
1994
2106
2097
2084
2167
2063
2086
2075
2041
2157
2095
2008
2017
2010
1965
2024
2030
2062
2081
1966
1976
2093
2072
2079
2156
2085
2109
2048
2021
2161
2123
2014
2019
2028
1946
2001
2030
2015
2083
1958
1953
2080
2087
2088
2152
2097
2151
2062
2041
2146
2158
2021
2037
2013
1971
2041
2014
2050
2066
1899
1952
2086
2067
2106
2124
2101
2034
2064
2066
2117
2135
2022
2021
1997
1955
2010
2016
1991
2027
1923
1951
2053
2112
2112
2112
2113
2091
2066
2039
2135
2174
2031
2013
2010
1975
2019
2014
1988
2019
1975
2023
2035
2075
2097
2086
2075
2048
2078
2031
2143
2151
2048
2001
2019
1964
2035
2040
1954
2079
1957
1952
2077
2112
2159
2069
2115
2035
2107
2095
2181
2163
1979
2035
1997
2017
2048
2052
2048
2099
1996
1980
2083
2124
2141
2069
2098
2080
2140
2041
2073
2110
2024
2039
1887
2052
1945
2061
1954
2019
2075
1888
2158
2088
2062
2056
2122
2072
2058
2039
2095
2127
2069
2105
2032
2048
2015
2048
2054
2066
2021
1881
2078
2084
2051
2019
2023
2098
2104
2111
2008
2145
1971
1946
2018
2095
1997
1994
2026
1967
2023
1959
2131
1993
2089
1999
2083
2048
2037
2003
1965
2138
2009
1986
2058
2110
2037
2085
2011
2048
1977
1971
2115
2058
2039
1915
2084
2033
2040
2033
1988
2154
2031
2049
2095
2117
2077
2004
2025
2021
2052
2015
2085
2083
2025
1995
2094
2053
2039
2066
2086
2106
2049
2027
2066
2089
2075
2048
2029
1999
2070
2049
2091
2078
2019
2038
2013
2021
2091
2129
2090
2079
2048
2021
2107
2033
2075
2063
2069
2015
2071
1991
2071
2058
2048
2037
2048
2063
2086
2110
2075
2048
2056
2048
2127
2069
2023
2078
2074
2070
2101
2074
2058
2109
2048
2095
2082
2081
2022
2115
2074
2101
2041
2042
2105
2041
2081
2025
1989
2025
2039
2082
2112
2109
2026
2090
2049
2084
2034
2087
2037
2049
2010
1998
2078
2029
2019
2033
2048
1976
2029
2051
2039
2067
1969
2059
2059
2037
2020
2038
1999
2003
1991
1979
2050
1999
1983
1995
2021
2013
2007
2084
2031
2048
1989
2067
2032
2048
2056
2035
1969
1987
2048
1971
2101
1983
2016
2037
2064
2027
2077
2083
2030
2075
1995
2093
2085
2006
2058
2069
1964
1962
2036
1995
2084
1987
2009
2033
2037
2035
2084
2069
1970
2005
1962
2063
2061
2019
2022
2017
1953
1987
2039
2002
2086
1963
1973
2020
2063
2091
2064
2057
1980
2029
1967
2048
2059
2025
2005
1987
1981
1953
2051
1977
2066
2006
2015
2009
1959
2015
2091
2011
1975
2039
2000
2057
2063
2059
2062
2009
2015
2054
2114
1991
2035
1989
1948
2014
1967
2037
2061
1999
2001
2054
2012
2060
2114
2090
2057
2031
2030
2084
2066
2002
2020
1995
1943
2054
1967
2048
2062
1989
1967
2097
2054
2104
2206
2050
2079
2020
2004
2108
2064
2002
2017
1985
1930
2001
2011
2071
2084
2025
1994
2083
2057
2126
2139
2050
2064
2053
2022
2133
2093
1986
2015
1986
1987
2006
2000
2072
2021
1943
1974
2049
2048
2078
2143
2054
2076
2053
2039
2133
2094
2056
2051
2048
1933
1992
2076
2051
2030
1911
1973
2057
2070
2114
2130
2082
2095
2071
2026
2137
2122
2014
2090
2018
1945
1967
1994
2062
2091
1923
1932
2058
2103
2080
2107
2103
2082
2039
2006
2136
2198
1999
2048
2019
1975
2009
2018
2030
2090
1930
1982
2048
2040
2094
2090
2124
2077
2123
2010
2088
2204
2018
2056
2048
1995
2011
2048
2023
2077
1929
1963
2055
2068
2095
2082
2113
2058
2048
2068
2139
2189
2004
2003
1979
2030
2007
2018
1998
2020
2002
1973
2061
2023
2096
2065
2138
2059
2131
2096
2168
2171
2050
1977
1950
1982
1962
2085
2049
2058
2034
1992
2090
2100
2102
2025
2063
2004
2071
2003
2048
2142
1999
2011
2025
2055
1999
2031
1971
2007
2012
1969
2073
2059
2098
1958
2091
2039
2048
2091
2087
2079
2013
2020
1973
2052
1993
2061
2027
1990
1983
1902
2070
2062
2053
1971
2067
2039
1994
2083
2006
2118
1994
2025
2056
2131
2011
2048
1970
1979
2039
1934
2069
2079
2031
1975
2037
1998
2019
2048
2026
2137
1999
2048
2081
2126
1998
2086
2000
1986
2027
1997
2080
2089
2012
1969
2071
2076
2072
2096
2025
2135
2005
2029
2089
2125
2059
2083
2029
2037
2048
2033
2118
2095
2017
1974
2059
2054
2075
2077
2013
2075
2021
2021
2129
2048
2004
2010
2028
2048
2086
2023
2078
2097
2058
2028
2031
2019
2038
2069
2084
2089
2017
2035
2095
2022
2063
2052
2112
2034
2063
2061
2085
2076
2007
2058
2041
2031
2010
2103
2036
2013
2005
2005
2092
2036
2032
1985
2091
1943
2026
2025
2063
2029
1989
2065
2015
2039
1991
2019
1983
1962
1995
1997
2072
1962
1996
2015
2053
2037
1981
2007
2056
2039
2012
2053
2040
2018
2014
2048
1989
1924
2012
1975
2095
2031
2026
2048
2089
2021
2023
2060
2032
2048
1988
2060
2023
2024
2023
2048
1981
1962
2034
1981
2025
1982
2011
2014
2030
2022
2031
2067
2003
2033
1905
2048
2029
2003
2022
2013
1943
1962
2029
1973
2074
1973
1955
2004
2002
2029
2083
2053
1959
2039
1985
2111
2067
2005
2021
2021
1937
1988
2040
1985
2036
1987
1990
2048
2030
2031
2102
2072
2005
2035
1986
2059
2079
2015
2041
2008
1975
2033
2049
2011
2048
1988
1977
2022
2048
2066
2136
2013
1966
2050
2036
2060
2091
2048
2048
2016
2025
2014
2066
2048
2059
2018
1969
2009
2011
2057
2091
1973
1961
2040
2097
2079
2117
2061
2069
1991
2048
2071
2094
2048
2051
2011
1919
2016
1981
2033
2048
1963
1949
2073
2079
2086
2125
2048
2069
2052
2039
2102
2121
2001
2028
2038
2009
2011
1991
2010
2061
1878
1991
2048
2107
2094
2154
2065
2059
2026
2005
2168
2159
2006
2027
1999
1933
2048
1978
2013
2076
1943
1919
2057
2057
2095
2138
2057
2088
2048
2040
2161
2187
2063
1977
2000
1970
2008
1996
2015
2002
1970
1919
2137
2075
2114
2174
2112
2099
2088
2061
2163
2195
1983
1989
2015
1917
2033
2001
2039
2063
1981
1963
1991
2116
2131
2148
2115
2093
2101
2022
2134
2137
1999
1987
2010
2074
2019
2075
2026
2066
2014
1980
2106
2049
2122
2101
2087
2061
2083
2066
2140
2099
2022
2005
1946
2074
1997
2048
1994
1976
1906
1885
2067
2085
2133
2039
2077
2007
2081
2002
2039
2120
1951
1979
1975
1988
1936
1981
2013
2004
2013
1989
2081
2109
2084
2001
2097
2027
2035
2061
2024
2138
1989
2011
1998
2079
2002
2108
1983
2005
1991
1959
2084
2110
2059
1991
2071
2023
2036
2065
2041
2152
1988
1995
2066
2139
2029
2048
2015
2037
2077
1978
2081
2053
1996
1949
2069
2020
2060
2110
2029
2153
2009
2058
2113
2139
1991
2036
2062
2031
2057
1943
2065
2105
2022
2002
1997
2021
2073
2075
2067
2081
2006
2056
2131
2135
2037
2001
2007
2042
2102
2048
2066
2026
1972
2069
2050
2048
2050
2077
2031
2070
2039
2019
2098
2033
2061
2048
2054
2018
2079
1983
2003
2037
1963
2050
2048
2010
1992
2025
1997
1985
1983
1990
2021
1987
1983
2018
2049
1958
2018
2027
2050
2013
1960
2019
2011
2039
1963
2037
1977
1963
2000
2020
2075
2006
2022
2014
2048
1985
2027
2092
2059
2057
1993
2054
2023
2049
2004
2040
1933
1973
2048
1970
2048
1986
1995
2009
2031
1994
1985
2096
2001
2030
1994
2028
2013
2013
2049
1985
1913
1986
2002
1960
2048
1955
1971
1993
2018
2007
2029
2064
2001
2015
1969
2082
2015
1997
2025
2009
1938
1975
2062
1981
2037
1963
1977
2048
2035
2099
2107
2129
1995
2056
1967
2063
2073
2007
2027
2015
1941
1993
2037
1991
2059
1981
1973
2013
2048
2055
2122
2059
1987
2030
2005
2061
2075
2025
2048
2005
1977
2007
2063
1980
2060
1984
1961
2023
2001
2023
2120
2011
1979
2048
2023
2072
2098
2033
2063
2035
2038
2037
2103
2035
2050
1983
1956
1988
1986
2035
2077
1972
1977
2049
2106
2068
2118
2048
2073
2023
2020
2037
2097
1999
2006
1995
1934
2015
1964
2021
2018
2002
2031
2048
2028
2078
2112
2088
2035
1997
2015
2119
2134
2033
1991
2001
1927
2049
2003
2048
2050
1968
1981
2097
2076
2071
2139
2049
2076
2062
2004
2113
2183
2031
2011
2021
1962
1993
1956
2038
2075
1983
1983
2053
2079
2056
2173
2089
2098
2069
2048
2163
2161
2030
2002
1981
1967
2021
2048
2068
2058
1947
1916
2119
2085
2065
2122
2098
2124
2096
2038
2091
2133
2015
2017
2020
1969
2018
2077
2058
2071
1923
1962
2087
2061
2141
2149
2068
2074
2048
2057
2178
2179
2039
2061
1918
1986
1985
2048
2026
1984
1941
1951
2054
2087
2108
2031
2075
2096
2113
2059
2103
2207
2051
2055
2016
2026
2030
2075
2035
2008
1934
1980
2015
2050
2103
2048
2021
2005
2110
2083
2048
2183
2065
2029
1965
2015
1983
2063
1944
2028
1985
1889
1985
2016
2051
2026
2062
1998
1977
1993
2145
2219
2026
2029
1989
2085
1966
2007
2015
1992
1999
1935
1999
1998
2024
2021
2061
1999
2048
2010
2122
2154
1997
1927
2039
2027
2017
2078
2048
2002
1995
1916
2058
2078
2064
2053
2039
2052
2050
2070
2063
2179
2055
2007
2040
2100
2025
2133
2036
2022
2059
1965
2075
2080
2020
2004
1993
2062
2072
2079
2051
2166
2015
2023
2062
2101
2039
2103
2055
1998
2015
1929
2097
2107
2058
1988
2081
2067
2021
2090
1997
2159
1975
2059
2109
2136
1992
2028
2038
2039
2059
1995
2139
2060
1983
2003
2111
2083
2011
2070
2024
2109
2001
1990
2071
2134
2034
2081
2033
2033
2094
2013
2063
2086
2001
2036
2082
2039
2053
2084
2002
2102
2031
2013
2049
2034
2048
2048
2036
2054
2029
2027
2071
2052
1962
2031
2001
1984
2049
2063
2000
2068
1986
1971
2051
1978
1998
1979
1995
1999
1999
1989
2027
2070
1989
1997
2010
1995
2011
2037
2011
1991
1984
1920
2048
1947
1998
2003
2048
1979
2066
2034
2031
2017
1984
2059
1991
2031
2014
1965
1989
1973
1988
1997
2058
1991
2010
2038
2064
2038
2028
2019
2063
2040
1965
2037
2019
2048
1988
2007
1974
1974
2002
1946
2039
1959
2028
1995
2048
1977
1997
2026
2066
2018
2005
2054
2050
2025
1993
2079
1963
1992
2035
1993
2029
1986
1992
2008
1999
1985
1991
2053
2031
2023
1954
2048
2025
2037
2061
2055
1956
1978
2052
2004
2066
1980
2007
2023
2023
2024
2068
2070
1995
2031
2001
2060
2069
2017
2031
2022
1951
1978
2061
1991
2074
1973
1981
2022
2010
2032
2139
2093
1986
2106
1977
2073
2063
2032
2036
2014
1972
1984
2083
1994
2037
1967
2001
1986
2053
2061
2138
2052
1976
2048
1998
2078
2091
2022
2054
2012
2015
2031
2076
2032
2041
1955
1986
2021
2022
2037
2123
2000
1984
2057
2035
2082
2115
2085
2086
1998
2051
2048
2073
2022
2060
1983
1940
2095
1983
2013
2059
1975
1983
2039
2039
2069
2141
2081
2023
2048
2057
2150
2072
2007
2002
2001
1935
2008
1968
2027
2079
1972
2034
2059
2026
2077
2130
2081
2085
2028
2021
2126
2073
2050
2022
2001
1972
2097
1934
2002
2048
1976
1929
2059
2054
2101
2155
2111
2076
2067
2038
2147
2152
2071
2021
2000
1999
2009
1981
2055
1976
1954
1983
2122
2085
2098
2170
2087
2009
2085
2059
2186
2129
1967
1988
2029
1922
2034
2037
2076
2061
1985
1932
2026
2072
2107
2158
2102
2106
2011
1988
2131
2082
2034
2004
1953
1932
2000
2048
1941
2099
1991
1988
2048
1989
2034
2113
2105
2033
2048
2001
2145
2196
1808
2021
2005
2004
1958
2019
1995
2003
1933
1923
2007
2048
2081
2100
2049
2062
1995
2037
2097
2094
1983
1980
1961
1967
1983
1986
1941
1974
1867
1908
2067
2036
2034
2019
2022
1974
2007
2073
2095
2149
2001
1936
1961
2048
2001
2062
2000
1975
1979
1906
2024
2013
2031
2011
2090
1983
2048
2016
2079
2202
2023
2048
2015
2031
1976
2034
1988
2002
1997
1959
2071
2098
2063
1997
2101
2063
2063
2062
2071
2155
2068
2011
1998
2067
1960
2026
2025
2011
2068
1903
2055
2084
2054
1988
2054
2018
2061
2008
2124
2176
2078
2034
2050
2110
2027
2091
2033
2048
2075
1907
2058
2072
2058
1969
2072
2062
2048
2071
2005
2149
2070
2048
2048
2080
2057
2082
2050
2009
2066
1937
2073
2064
2049
2018
2019
2052
2078
2111
2069
2084
2038
2085
2113
2091
1991
2002
1997
2020
2069
1951
2049
2063
2048
1987
2048
2058
2039
2077
1995
2123
2021
2053
2085
2117
2025
2037
2013
2021
2053
2003
2048
2050
2011
2011
2069
2041
2030
2091
2002
2106
2031
2014
2106
2087
2048
2026
1989
2017
2051
2007
2054
2041
1972
2003
2039
1991
1995
2060
1983
2041
2004
1985
2107
1992
1985
1978
2002
1978
2021
2003
2033
2054
1980
2004
2048
2004
2007
2058
1981
2030
2013
1987
2073
1995
1998
1998
2048
2002
2048
2035
2049
2053
1988
2030
2080
2019
2020
2048
1992
1987
2010
1962
2065
1998
2014
2013
2061
2003
2029
2048
2054
2048
2013
2053
2024
2033
2019
2049
1980
1994
2069
2013
2049
2025
2025
2050
2055
1996
2035
2048
2009
2039
1991
2054
2050
2048
2028
2048
1963
2014
2070
2048
2035
1995
2007
1999
2023
1996
2011
2067
2012
2011
1993
2048
2048
2036
2030
2033
1967
1977
2049
2023
2070
2002
2002
2021
2053
2031
2050
2052
1992
2018
1985
2079
2066
2035
2031
2041
1970
2006
2087
2014
2089
1997
1996
2013
2023
2048
2106
2092
1963
2019
1966
2054
2065
2048
2048
2010
1987
2048
2097
2028
2100
2017
1990
2007
2039
2073
2107
2023
1967
2013
2005
2057
2076
2026
2038
2020
2003
2048
2081
2030
2077
2018
1999
2031
2018
2048
2092
1997
1957
2033
1995
2040
2087
2055
2053
1998
2028
2050
2102
2023
2068
2002
1961
2019
1974
2049
2080
1981
1946
2019
2048
2064
2103
2057
2035
1969
2034
2061
2111
2048
2048
2015
1964
2027
1995
2052
2062
2000
2000
2020
2062
2054
2127
2071
2064
2059
2051
2111
2167
2055
2048
2035
1977
2019
1997
2014
2053
1967
1913
1962
2072
2031
2124
2078
2075
2077
1990
2130
2164
2075
2062
2053
1977
2017
1981
2005
2022
1978
1963
2055
2061
2065
2107
2107
2082
2059
2079
2125
2154
2075
2023
2006
1969
2002
2027
2058
2035
1950
1906
2003
2064
2061
2103
1996
2090
2078
2048
2141
2129
2053
2054
2056
2005
2019
2004
2070
2075
1978
1919
1967
2063
2002
2050
2091
2057
2035
2034
2093
2201
2013
1997
2052
1979
2007
2033
2048
2073
1981
1918
2048
2040
2041
2014
2095
2037
2058
2065
2111
2197
2028
2026
2038
1977
2000
2048
1999
2049
1951
1917
2001
2009
2048
2048
2059
2019
2073
2020
2084
2127
1995
2036
2048
2016
2011
2048
2013
2017
1981
1917
2003
2049
2061
2018
2081
1983
2011
2067
2081
2171
2048
2029
2037
2065
1998
1987
1989
2012
2048
1921
2007
2050
2053
1986
2089
2031
2059
2094
2106
2112
2081
2034
1989
2086
2024
2061
2034
2033
2021
1933
2033
2039
2069
1997
2059
2023
2061
2069
2080
2141
2034
2066
2053
2098
2018
2032
2032
2023
2034
1949
2025
2039
2034
2013
2063
2000
2065
2069
2039
2117
2070
2065
2066
2106
2022
2074
1999
2024
2059
1970
2048
2039
2011
2007
2076
2063
2002
2057
2024
2145
2067
1994
2094
2103
2027
2056
2048
2021
2092
1997
2059
2019
2013
1978
2095
2063
2012
2102
1956
2123
2037
2023
2087
2133
1986
2049
2030
1997
2033
1962
2033
2048
1979
1929
2058
2004
2028
2054
2009
2090
2013
2010
2119
2087
2029
2059
2026
1982
2025
1977
1991
2011
1962
1961
2010
2036
2018
2100
1991
2111
2001
2010
2103
2079
2026
2005
2015
1965
2033
1961
2015
2026
1956
1977
2005
1965
2002
2059
1987
2027
2012
1998
2097
2060
2021
2011
2037
1987
2084
1950
1977
2019
1943
2048
2034
2018
2018
2033
1965
2006
2051
2022
2097
2011
2028
2052
2062
2025
2076
2006
2000
2017
1960
2029
2003
2023
2011
2048
1935
2003
2048
1990
2109
2001
2017
2017
2031
1975
2048
2013
1992
2002
1943
2027
2005
2009
1995
2025
1959
1976
2091
2003
2063
1995
2003
2025
2037
2005
2037
2021
1985
2009
1946
2023
2048
2048
2015
2053
1929
1991
2052
2013
2068
1999
2018
2012
2040
2015
2031
2035
1985
2011
2001
2052
2059
2016
2026
2025
1985
2014
2077
2021
2089
2025
2021
2033
2055
2057
2069
2075
1989
2023
1969
2052
2048
2028
2032
2008
1990
2013
2078
2020
2071
2007
2009
2035
2068
2039
2104
2054
1953
2008
1983
2059
2058
2009
2062
2021
1979
1980
2100
2048
2110
2048
1983
2022
2066
2055
2103
2090
1943
2031
2011
2058
2077
2059
2048
2007
1984
2013
2123
2061
2093
2013
1990
2030
2048
2048
2099
2038
1923
2014
1994
2051
2056
2055
2021
1993
1981
2039
2130
2038
2075
2017
1991
2026
1994
2048
2106
2027
1959
2007
1999
2048
2155
2063
2048
2009
1963
2048
2143
2069
2067
2034
1996
2048
2018
2049
2101
2034
1963
2058
2039
2017
2067
2063
2062
2012
2031
2097
2155
2066
2071
2019
2017
1998
2001
2030
2100
2037
1934
2013
2039
2000
2121
2052
2061
2055
2057
2137
2130
2062
2013
2010
1979
2025
2048
2089
2021
2048
1944
2032
2056
2075
2149
2049
2084
2048
2037
2093
2122
2095
2059
1970
1989
2049
2048
2074
1991
1967
1958
2030
2048
2071
2077
2071
2070
2041
2048
2135
2171
2095
2063
1985
2023
2048
2035
2055
1995
1946
1963
2012
2020
2055
2092
2053
2107
2073
2060
2089
2103
2101
2068
