2025;2066;1939
2026;2008;2258
2023;2037;1855
2019;2031;1890
2022;2034;1855
2023;2032;2001
2020;2030;2001
2026;2034;2024
2022;1998;1969
2019;2033;1962
2018;2033;1912
2021;2049;2353
2019;2035;2138
2018;2031;2027
2018;2029;1854
2017;2035;2005
2019;2035;2004
2019;2032;2011
2018;2069;2068
2019;2037;2005
2020;2048;2068
2018;2005;2398
2019;2031;2050
2017;2028;1999
2018;2040;1818
2019;2031;1986
2016;2029;1991
2017;2033;1997
2017;1997;1957
2019;2031;1933
2017;2011;2007
2017;2059;2393
2019;2035;2000
2015;2048;2022
2017;2032;1830
2017;2035;2038
2016;2036;2052
2017;2034;2019
2015;2075;2086
2018;2040;2087
2006;2049;2015
2016;2012;2377
2018;2029;2064
2018;2033;2048
2014;2038;1805
2017;2034;1989
2018;2036;1987
2017;2033;1993
2019;1991;1941
2016;2020;1942
2018;2029;1955
1996;2059;2358
2014;2037;2154
2015;2039;2076
2015;2036;1789
2015;2037;1995
2019;2036;2021
2015;2034;2029
2017;2079;2150
2018;2034;2118
2017;2048;2009
2017;2015;2327
2017;2037;2177
2018;2035;2053
2018;2048;1723
2018;2025;2020
2017;2032;2018
2018;2033;2031
2018;1991;1908
2015;2031;1980
2016;2031;1947
2018;2058;2201
2018;2032;2053
2018;2035;2013
2015;2034;1690
2015;2039;1997
2020;2035;1996
2019;2033;2000
2017;2086;2057
2015;2035;2037
2018;2048;2029
2019;2039;2273
2019;2032;2170
2020;2039;2055
2018;2037;1654
2015;2035;2009
2019;2034;2040
2015;2032;2036
2017;1992;1919
2018;2035;2071
2017;2031;1983
2016;2048;2195
2018;2048;2121
2019;2031;1964
2015;2033;1682
2017;2039;1982
2017;2036;2031
2017;2037;2031
2015;2081;1976
2017;2031;2040
2019;2038;1997
2017;2035;2123
2020;2031;2178
2017;2034;2008
2017;2031;1626
2015;2035;2008
2018;2034;2000
2016;2034;2026
2018;1995;1933
2019;2040;2053
2015;2038;2065
2015;2036;2048
2015;2053;2141
2017;2040;2035
2018;2034;1587
2018;2048;2019
2015;2048;2023
2015;2041;2051
2015;2077;2125
2017;2048;2072
2018;2035;2121
2022;2051;2019
2019;2027;2162
2018;2035;2003
2019;2035;1579
2018;2036;1966
2018;2055;2007
2018;2035;2009
2018;2007;1976
2018;2030;2036
2017;2048;2100
2017;2025;1983
2018;2053;2247
2019;2037;2111
2017;2048;1516
2015;2037;1971
2017;2039;2017
2015;2040;2004
2018;2062;2003
2019;2035;2021
2019;2033;2037
2020;2048;2048
2019;2018;2048
2020;2048;2090
2017;2026;1585
2015;2038;1986
2017;2048;2005
2018;2032;2062
2013;2190;1722
2013;2053;2048
2018;2041;2095
2021;2029;2019
2021;2057;2258
2022;2051;2163
2019;2051;1651
2021;2048;2007
2024;2037;2033
2022;2048;2023
2024;2049;1996
2024;2048;2084
2027;2031;1967
2024;2081;2013
2026;2025;2169
2027;2038;2068
2024;2029;1583
2025;2048;1967
2025;2048;2021
2029;2041;2033
2026;2036;2067
2027;2048;1965
2026;2057;2063
2026;2048;2009
2023;2063;2199
2031;2052;2189
2025;2050;1662
2025;2048;2022
2027;2048;2035
2024;2048;2049
2024;2048;2048
2026;2048;2040
2025;2030;1960
2025;2049;2000
2027;2028;2202
2026;2048;2106
2029;2029;1713
2028;2048;1957
2028;2048;2016
2027;2039;2009
2026;2038;1998
2027;2041;2053
2034;2059;2069
2025;2051;2110
2026;2050;2218
2027;2038;2056
2026;2056;1884
2026;2048;1981
2024;2048;2029
2025;2041;2026
2028;2048;2023
2024;2053;2107
2023;2033;2035
2026;2033;1958
2031;2024;2167
2026;2048;2023
2029;2035;2008
2026;2048;1987
2027;2048;2037
2026;2041;2050
2027;2038;2087
2027;2039;1946
2031;2053;2096
2024;2062;2016
2025;2065;2279
2026;2049;1981
2027;2055;2005
2027;2034;1967
2025;2048;2048
2027;2048;2031
2027;2048;2015
2027;2052;2054
2027;2037;2095
2025;2026;2009
2031;2021;2165
2026;2048;1802
2024;2037;2095
2027;2048;1951
2027;2063;2002
2028;2040;2027
2025;2048;2027
2028;2031;1926
2026;2051;2031
2026;2069;2097
2024;2059;2347
2027;2050;2098
2027;2048;2027
2024;2048;1940
2026;2048;2031
2025;2048;2060
2027;2048;2031
2027;2064;2118
2028;2037;1982
2031;2023;2020
2027;2023;2150
2025;2048;2048
2025;2048;1877
2029;2048;1928
2026;2048;2007
2027;2048;2027
2025;2048;2017
2027;2031;1921
2025;2048;2026
2026;2066;2059
2021;2058;2238
2024;2050;2030
2024;2048;2119
2025;2041;1930
2027;2048;2016
2025;2048;2015
2026;2048;2010
2025;2063;2009
2029;2048;2058
2026;2023;2012
2026;2019;2302
2028;2048;2006
2024;2048;2079
2027;2048;1939
2026;2048;1987
2025;2048;2024
2026;2041;2033
2029;2022;1983
2026;2048;1996
2025;2062;2062
2025;2053;2363
2027;2048;2064
2027;2041;2063
2025;2048;1943
2029;2048;2058
2025;2061;2048
2026;2041;2015
2024;2059;2132
2025;2048;2038
2025;2035;2048
2028;1994;2265
2029;2048;2060
2027;2041;2002
2026;2048;1873
2027;2048;1977
2033;2048;2004
2025;2057;1997
2028;2016;1941
2026;2048;1989
2024;2054;2029
2025;2060;2415
2025;2048;2083
2023;2048;1991
2026;2048;1899
2025;2039;2050
2027;2048;2048
2025;2048;2035
2026;2078;2099
2029;2049;2091
2020;2048;2134
2025;2020;2366
2025;2039;2107
2027;2048;2050
2025;2048;1865
2027;2039;2011
2027;2048;2023
2026;2048;2036
2026;2007;2027
2026;2048;1963
2022;2048;2069
2026;2062;2425
2026;2048;2152
2027;2048;2026
2027;2048;1850
2024;2052;2017
2023;2048;2025
2025;2048;2036
2026;2081;2167
2027;2058;2079
2026;2052;1994
2024;2011;2426
2028;2048;2050
2024;2037;2009
2027;2048;1836
2026;2048;1995
2027;2040;2005
2025;2048;2023
2025;2010;1875
2026;2048;2056
2025;2030;2030
2024;2053;2387
2026;2048;2125
2025;2048;2079
2026;2039;1896
2022;2048;2052
2025;2048;2062
2024;2048;2066
2026;2094;1995
2024;2048;2142
2026;2055;2033
2029;2012;2320
2025;2048;1970
2026;2039;1981
2027;2048;1821
2026;2048;2004
2026;2048;1993
2028;2039;1998
2025;2011;2015
2026;2039;1999
2025;2035;1974
2025;2062;2493
2028;2048;2101
2026;2048;2081
2026;2041;1781
2026;2048;2033
2027;2041;2048
2024;2048;2069
2027;2073;2056
2026;2048;2085
2027;2052;2055
2026;2048;2380
2029;2048;2081
2027;2041;2008
2027;2049;1742
2027;2048;2027
2026;2048;2048
2027;2048;2015
2027;2008;1955
2025;2048;1944
2026;2037;2012
2027;2069;2313
2025;2048;2083
2036;2036;2011
2024;2048;1721
2025;2048;1995
2025;2048;2036
2027;2048;2007
2027;2093;2083
2024;2040;1954
2025;2055;2105
2025;2027;2294
2027;2034;2089
2027;2034;2075
2026;2048;1711
2027;2048;1993
2027;2048;2027
2023;2039;2005
2025;2008;1967
2025;2048;2006
2028;2296;1995
2029;2063;2310
2024;2055;2132
2015;2053;2082
2023;2041;1708
2022;2051;2071
2025;2049;2029
2028;2048;2054
2025;2089;2029
2025;2048;2062
2026;2053;2116
2027;2037;2356
2026;2048;2048
2020;2038;1941
2026;2048;1643
2026;2048;2016
2027;2048;2033
2025;2048;2024
2024;2009;1979
2025;2048;2062
2025;2048;2005
2024;2051;2133
2024;2050;1945
2023;2051;2027
2023;2048;1645
2024;2049;2009
2026;2048;2006
2027;2048;2048
2025;2087;2097
2025;2048;2048
2027;2048;2091
2026;2048;2073
2025;2031;2129
2026;2036;2018
2025;2048;1551
2026;2048;2007
2025;2048;2054
2026;2039;2033
2026;2013;1959
2027;2048;2040
2025;2048;2103
2023;2038;1998
2023;2048;2194
2027;1792;2089
2023;2048;1570
2027;2048;1979
2025;2050;2029
2026;2048;2025
2025;2079;2053
2031;2048;1975
2029;2048;2079
2023;2055;2136
2027;2035;2162
2027;2041;2062
2026;2037;1499
2026;2048;1991
2027;2048;2007
2026;2048;2006
2025;2024;2105
2025;2048;2009
2025;2053;1984
2025;2041;1998
2024;2057;2175
2024;2050;2088
2025;2048;1559
2026;2048;1999
2025;2048;2023
2025;2048;2048
2021;2063;1998
2027;2048;1990
2026;2034;2092
2026;2054;2004
2025;2031;2110
2029;2048;2065
2026;2033;1621
2023;2048;2006
2026;2048;2057
2027;2048;2061
2033;2035;2073
2026;2048;2031
2026;2051;2031
2025;2037;2034
2026;2063;2194
2026;2048;2063
2026;2048;1541
2024;2048;1957
2026;2048;2014
2036;2048;2019
2027;2048;1991
2024;2048;2085
2027;2036;2030
2027;2052;2059
2025;2033;2148
2026;2048;2142
2025;2027;1695
2027;2050;2001
2026;2011;2013
2018;2039;2032
2026;2048;2036
2026;2048;2015
2025;2052;2085
2026;2048;2006
2023;2059;2280
2026;2049;2163
2024;2049;1743
2025;2048;2009
2025;2048;2019
2028;2048;2035
2027;2048;2004
2024;2048;1982
2030;2037;2073
2027;2041;1996
2030;2033;2149
2027;2048;2102
2027;2030;1845
2025;2048;1955
2027;2048;2018
2020;2048;2015
2023;2039;2016
2027;2048;1976
2025;2051;2036
2025;2048;2004
2026;2049;2284
2027;2056;2069
2024;2052;1938
2023;2048;1972
2028;2048;2014
2029;2048;2039
2026;2049;2022
2025;2051;2018
2026;2040;2103
2023;2036;2027
2026;2027;2147
2024;2048;2099
2029;2035;2039
2025;2048;1960
2026;2048;2048
2025;2048;2030
2025;2040;2062
2026;2037;1979
2029;2053;2072
2026;2049;2095
2025;2057;2161
2028;2048;2051
2025;2055;2071
2024;2048;1963
2025;2048;2016
2024;2048;2007
2027;2048;2001
2025;2057;2080
2027;2048;2013
2027;2031;1968
2028;2030;2181
2026;2048;2159
2026;2034;2000
2026;2041;1956
2026;2048;2008
2027;2048;2018
2024;2048;2048
2026;2034;1968
2025;2048;2031
2025;2063;2081
2026;2058;2249
2025;2048;1988
2023;2057;2003
2020;2048;1964
2026;2048;2048
2026;2048;2029
2025;2048;2036
2025;2060;2067
2027;2048;2061
2026;2029;1955
2028;2026;2338
2034;2048;2034
2023;2037;2031
2025;2048;1999
2027;2048;2034
2026;2048;2017
2026;2048;1999
2023;2028;1918
2024;2048;2018
2025;2064;2086
2025;2085;2278
2023;2048;1993
2026;2049;2056
2025;2048;1890
2026;2021;2027
2023;2053;2007
2026;2048;1997
2025;2064;1993
2025;2048;2082
2024;2029;1959
2028;2025;2218
2027;2048;2002
2027;2048;2086
2025;2048;1929
2025;2048;2027
2024;2048;2018
2024;2048;2035
2026;2023;2005
2025;2048;2048
2025;2057;2050
2023;2055;2251
2026;2050;2036
2023;2048;2075
2023;2048;1915
2023;2048;2048
2024;2040;2049
2026;2048;2019
2025;2071;2121
2024;2049;1980
2024;2033;1989
2023;2014;2319
2025;2048;2003
2027;2048;1958
2028;2048;1895
2021;2048;2002
2025;2048;2009
2025;2048;2022
2025;2023;1930
2024;2048;1957
2026;2048;2048
2022;2050;2356
2022;2048;2083
2024;2048;2030
2023;2048;1879
2027;2048;1998
2023;2048;2015
2024;2048;2019
2023;2072;2040
2024;2048;2032
2025;2048;2050
2017;2021;2363
2031;2048;2114
2023;2040;1974
2023;2048;1876
2026;2049;2010
2023;2048;2031
2023;2048;2037
2024;2024;1922
2024;2048;1995
2024;2048;1991
2023;2060;2478
2024;2048;2090
2023;2050;2048
2024;2024;1887
2025;2048;2048
2024;2048;2048
2025;2048;2032
2027;2069;2068
2025;2049;2049
2023;2052;2110
2025;2025;2359
2024;2048;2151
2020;2041;2018
2026;2057;1825
2027;2048;1989
2026;2048;2012
2025;2048;2012
2024;2020;1887
2023;2036;1978
2026;2040;2013
2025;2058;2418
2025;2048;2083
2023;2052;2131
2023;2048;1819
2025;2048;2025
2026;2048;2031
2024;2048;2058
2026;2073;2077
2024;2050;2131
2026;2055;2158
2025;2027;2491
2026;2048;2031
2025;2048;2019
2027;2048;1861
2031;2048;2005
2025;2048;2039
2024;2048;2013
2025;2016;1934
2024;2041;1920
2024;2037;2015
2023;2061;2354
2022;2040;2143
2023;2048;2048
2024;2048;1799
2024;2048;2004
2025;2048;2014
2026;2048;2018
2023;2081;2031
2024;2048;2026
2022;2055;2054
2025;2031;2394
2026;2072;1969
2024;2048;1922
2026;2050;1781
2026;2039;2003
2025;2037;2021
2026;2048;1999
2027;2014;2048
2025;2039;1980
2023;2035;1979
2025;2060;2409
2028;2048;2149
2023;2049;2035
2024;2034;1729
2025;2048;2039
2025;2049;2063
2023;2048;2075
2023;2080;2048
2023;2048;2067
2025;2048;2075
2025;2036;2247
2023;2040;2211
2025;2050;1915
2026;2048;1730
2028;2048;2034
2024;2041;2033
2024;2048;2017
2030;2013;1975
2026;2048;2007
2023;2039;1984
2025;2055;2386
2023;2050;2094
2022;2058;2070
2025;2040;1660
2023;2048;2003
2025;2048;2029
2025;2048;2018
2023;2077;2014
2027;2049;2061
2027;2049;2006
2026;2048;2368
2028;2048;2149
2028;2048;1847
2024;2048;1664
2025;2040;2007
2028;2048;2034
2027;2048;2017
2026;2012;2023
2024;2048;1994
2026;2048;2089
2022;2050;2082
2023;2048;2149
2023;2048;1938
2024;2048;1688
2025;2048;2033
2024;2048;2040
2024;2048;2048
2023;2079;2012
2023;2048;2021
2024;2048;2063
2025;2049;2006
2026;2036;2148
2026;2034;2030
2041;2040;1570
2025;2048;1980
2027;2048;2005
2024;2039;1999
2027;2022;1946
2024;2048;2069
2024;2048;2001
2025;2032;1949
2027;2039;2048
2026;2048;1999
2025;2055;1622
2021;2048;1991
2026;2048;2023
2025;2048;2048
2024;2073;2073
2023;2048;2066
2015;2039;2001
2027;2058;2085
2023;2040;2114
2026;2079;2048
2024;2040;1480
2026;2051;2006
2027;2048;2023
2025;2048;2031
2026;2025;2041
2025;2037;1973
2024;2050;2074
2022;2048;1967
2023;2054;2090
2025;2033;2100
2024;2048;1590
2024;2048;2011
2023;2048;2015
2025;2048;2014
2025;2056;1996
2023;2048;2015
2023;2033;2034
2025;2050;2029
2025;2036;2188
2027;2048;2030
2025;2035;1564
2026;2041;1987
2024;2059;2011
2025;2048;2015
2024;2034;2048
2025;2048;2039
2025;2048;2079
2031;2037;2075
2027;2053;2176
2024;2039;1987
2024;2048;1616
2025;2048;1994
2024;2048;2055
2023;2048;2030
2022;2048;1998
2025;2048;2027
2021;2039;2048
2018;2050;2048
2026;2034;2289
2023;2039;2063
2027;2030;1607
2024;2048;1970
2025;2048;2031
2024;2037;2034
2023;2048;2027
2024;2048;2002
2023;2054;2063
2026;2037;2053
2023;2060;2202
2027;2048;2133
2025;2050;1692
2023;2048;1979
2026;2048;2015
2026;2048;2015
2026;2048;2014
2024;2048;2085
2026;2035;1983
2026;2048;2085
2025;2027;2174
2027;2055;2112
2025;2027;1933
2024;2048;1973
2026;2048;2024
2019;2039;2027
2026;2037;2011
2027;2037;2048
2023;2051;2094
2023;2048;2048
2023;2058;2199
2024;2048;2200
2023;2050;1931
2024;2048;1988
2024;2048;2039
2023;2048;2036
2023;2048;2038
2026;2051;2054
2023;2039;2002
2025;2039;1994
2028;2037;2271
2023;2048;2066
2025;2036;2091
2024;2048;1966
2028;2048;2010
2026;2048;2028
2023;2048;2011
2024;2037;2007
2026;2049;2059
2026;2050;2082
2023;2055;2309
2022;2055;2191
2024;2055;2122
2027;2048;1963
2027;2048;2033
2027;2048;2027
2021;2048;2003
2027;2054;2035
2039;2037;1971
2024;2027;1967
2027;2033;2260
2025;2048;2085
2023;2039;1958
2026;2048;1954
2026;2048;2026
2026;2048;2057
2024;2048;2049
2024;2034;2048
2023;2049;2039
2025;2052;2048
2022;2058;2182
2025;2048;2165
2024;2049;1983
2023;2048;1946
2024;2048;2040
2025;2048;2024
2025;2048;2026
2025;2052;2057
2025;2048;2092
2034;2028;1983
2027;2027;2227
2029;2038;2093
2026;2037;2052
2024;2048;1943
2025;2048;1995
2026;2030;2004
2023;2048;2010
2026;2019;1957
2026;2048;1974
2023;2051;2098
2028;2048;2349
2029;2048;1894
2021;2048;2031
2025;2048;1946
2024;2048;2031
2025;2048;2026
2023;2048;2020
2023;2059;2069
2026;2048;2055
2024;2031;2031
2026;2023;2209
2023;2048;1977
2027;2041;2014
2024;2048;1920
2024;2048;2000
2026;2048;2021
2027;2048;2029
2027;2027;1950
2026;2048;2031
2027;1795;2036
2021;2051;2327
2021;2038;2066
2024;2052;2056
2022;2048;1882
2019;2039;2030
2026;2048;2021
2023;2049;2005
2023;2061;2098
2022;2048;2022
2025;2031;2023
2027;2024;2242
2024;2048;2061
2027;2062;2038
2025;2048;1909
2024;2048;2021
2026;2041;2030
2024;2048;2019
2026;2022;1912
2025;2039;1966
2027;2048;2060
2022;2057;2289
2029;2039;2002
2026;2041;2073
2024;2048;1890
2026;2048;2048
2025;2048;2031
2025;2048;2023
2023;2064;2015
2025;2048;2051
2026;2040;2013
2028;2029;2356
2028;2039;2002
2025;2038;2085
2025;2041;1899
2025;2040;1991
2024;2048;2007
2026;2048;2029
2025;2023;1946
2025;2035;1999
2021;2048;1975
2025;2050;2308
2027;2039;2092
2024;2048;1922
2024;2048;1887
2025;2041;1989
2025;2048;2007
2025;2035;2020
2025;2097;2055
2028;2053;2074
2027;2048;2035
2026;2028;2284
2030;2039;2069
2026;2048;1915
2027;2048;1869
2025;2040;2025
2026;2048;2031
2023;2049;2020
2027;2021;1875
2023;2048;1961
2024;2039;1981
2023;2051;2368
2025;2048;2079
2026;2048;2015
2024;2048;1856
2024;2048;2037
2023;2052;2033
2025;2048;2029
2025;2067;2077
2025;2048;2001
2025;2053;2081
2026;2024;2369
2027;2040;2071
2027;2039;2112
2023;2048;1793
2021;2048;2016
2025;2041;2048
2026;2048;2018
2025;2021;1939
2023;2040;2002
2025;2035;1973
2025;2056;2342
2025;2048;2106
2022;2049;2026
2023;2048;1790
2024;2048;2005
2027;2048;2032
2023;2048;2040
2031;2064;2041
2027;2048;2095
2026;2048;2065
2024;2039;2391
2026;2037;2111
2019;2048;1998
2024;2048;1785
2025;2039;2007
2023;2048;2024
2025;2051;2027
2026;2020;2015
2025;2048;2005
2023;2034;2036
2015;2053;2390
2026;2048;2139
2027;2048;2050
2025;2048;1757
2025;2048;2003
2029;2048;2048
2024;2048;2009
2024;2083;2049
2027;2048;1980
2025;2048;2019
2028;2039;2267
2026;2048;2094
2027;2048;2038
2026;2048;1770
2026;2048;2017
2027;2048;2005
2026;2048;2007
2026;2019;1886
2024;2048;1995
2023;2037;2036
2023;2056;2206
2026;2048;2128
2025;2048;2079
2024;2050;1679
2024;2048;2017
2031;2048;2048
2029;2048;2036
2024;2072;2033
2026;2048;2067
2026;2048;2014
2027;2048;2166
2027;2038;2101
2026;2048;1983
2027;2048;1705
2025;2048;2033
2026;2041;2049
2025;2048;2033
2026;2016;1951
2024;2039;2077
2025;2041;2026
2023;2051;2167
2025;2048;2117
2020;2039;2076
2024;2039;1642
2027;2050;2017
2025;2048;2076
2026;2048;2055
2024;2075;2111
2022;2037;2030
2026;2050;2048
2021;2049;2181
2025;2048;2097
2027;2048;1994
2027;2048;1686
2026;2048;2001
2027;2048;2026
2026;2048;2035
2025;2019;1978
2025;2048;2067
2027;2040;1988
2025;2039;2024
2025;2054;2093
2025;2040;2022
2025;2048;1626
2025;2048;2006
2025;2048;2006
2020;2048;2022
2023;2067;2052
2023;2048;2072
2027;2048;2060
2025;2051;2119
2029;2036;2127
2029;2053;2055
2026;2048;1563
2027;2048;2009
2027;2048;2025
2018;2038;2001
2027;2023;2051
2026;2048;2015
2022;2048;2001
2023;2026;1981
2020;2048;2071
2024;2048;1915
2025;2039;1605
2025;2048;2009
2023;2048;2020
2024;2048;2031
2026;2065;2065
2026;2048;2052
2026;2037;2023
2027;2051;2052
2028;2050;2061
2024;2048;2082
2027;2038;1515
2026;2048;1976
2026;2048;2007
2026;2048;2017
2027;2031;2055
2026;2048;1989
2025;2048;2019
2027;2036;1983
2025;2054;2049
2025;2048;1926
2025;2048;1592
2023;2048;1994
2025;2048;2019
2027;2048;2033
2024;2061;1989
2025;2036;2147
2026;2048;2008
2027;2050;2048
2026;2032;2065
2027;2048;1966
2026;2037;1597
2027;2048;1986
2026;2048;2025
2027;2048;2028
2026;2048;2074
2025;2048;2069
2026;2048;2089
2026;2035;2087
2022;2052;2239
2023;2050;2079
2024;2052;1578
2024;2039;2010
2024;2050;2041
2025;2048;2030
2025;2048;2057
2026;2048;2082
2027;2048;2038
2024;2048;1985
2027;2037;2217
2023;2051;2094
2027;2031;1666
2027;2048;1983
2025;2048;2057
2027;2048;2031
2023;2041;2039
2025;2039;1990
2027;2048;2024
2023;2041;2036
2024;2059;2134
2020;2048;2024
2020;2049;1735
2027;2048;1997
2025;2048;2029
2027;2048;2048
2025;2048;2056
2025;2037;2040
2025;2040;1987
2027;2048;2132
2026;2027;2093
2026;2048;2010
2027;2031;1846
2026;2048;1981
2026;2048;2013
2024;2041;2039
2026;2041;2048
2027;2039;1937
2022;2048;2086
2027;2050;2105
2025;2048;2229
2025;2050;2127
2024;2049;1961
2026;2048;1983
2025;2040;2003
2024;2048;2031
2026;2048;2038
2026;2048;1968
2027;2027;2068
2026;2037;1948
2028;2039;2259
2025;2048;2035
2026;2038;1985
2025;2048;1949
2028;2048;2019
2026;2048;2011
2027;2048;2011
2026;2036;2011
2025;2048;2028
2025;2051;2053
2019;2049;2098
2025;2049;2054
2025;2050;2048
2035;2049;1970
2023;2048;2035
2017;2057;2021
2026;2048;2015
2024;2048;2039
2025;2041;2057
2026;2035;2001
2025;2040;2213
2027;2051;2034
2027;2048;2091
2026;2048;1940
2026;2048;2007
2021;2037;2006
2027;2048;2013
2027;2037;2015
2025;2050;2071
2025;2053;2031
2023;2049;2219
2022;2048;2069
2026;2054;2055
2025;2048;1961
2026;2048;2023
2027;2043;2012
2024;2048;2011
2024;2050;2075
2030;2040;2089
2025;2034;2037
2026;2031;2287
2027;2039;2177
2031;2048;2085
2025;2048;1943
2027;2048;2010
2026;2048;2004
2019;2041;2024
2024;2034;2007
2025;2048;2027
2025;2050;2034
2027;2048;2261
2026;2048;2052
2025;2049;2254
2024;2048;1961
2025;2041;2048
2026;2042;2021
2025;2048;2037
2024;2060;2072
2027;2048;2081
2026;2031;2071
2025;2031;2375
2026;2048;2210
2026;2037;2095
2026;2048;1941
2026;2048;2023
2023;2048;2048
2026;2048;2038
2025;2026;1997
2017;2048;2059
2025;2051;2081
2023;2057;2405
2026;2049;2162
2026;2037;1972
2026;2048;1982
2023;2048;2060
2026;2048;2058
2026;2048;2026
2026;2058;2009
2026;2037;2009
2026;2034;1961
2028;2034;2327
2027;2035;2208
2025;2048;2105
2025;2048;1906
2026;2027;2026
2027;2048;2029
2025;2039;2048
2027;2029;1985
2024;2048;2053
2026;2048;2025
2027;2049;2319
2024;2048;2055
2025;2041;2111
2022;2048;1908
2023;2048;2040
2026;2048;2002
2024;2039;2004
2026;2063;2139
2025;2048;2019
2024;2039;1975
2027;2033;2338
2027;2051;2098
2027;2038;1973
2025;2048;1901
2026;2048;2010
2027;2048;2009
2025;2048;2014
2025;2025;1923
2027;2039;2015
2025;2048;2005
2024;2053;2315
2024;2048;2009
2022;2048;2049
2025;2048;1904
2027;2048;2028
2025;2057;2026
2025;2048;2017
2024;2062;2169
2026;2053;2007
2030;2037;2041
2024;2031;2371
2026;2052;2048
2027;2048;1947
2026;2048;1867
2025;2048;1989
2027;2048;2001
2024;2048;2011
2027;2024;1902
2026;2041;2035
2025;2039;1998
2025;2048;2320
2027;2048;2119
2029;2048;2048
2025;2048;1883
2025;2048;2035
2025;2048;2022
2025;2048;2024
2026;2067;2040
2025;2055;2081
2026;2048;2031
2028;2027;2399
2026;2048;2188
2026;2034;2063
2026;2053;1839
2039;2048;2011
2026;2048;2029
2026;2048;2031
2031;2021;1921
2025;2034;2062
2025;2048;2094
2026;2052;2343
2025;2050;2192
2026;2048;2036
2026;2048;1871
2025;2048;2031
2025;2048;2050
2026;2048;2050
2024;2065;2127
2026;2048;2023
2025;2049;2059
2025;2036;2341
2027;2048;2087
2025;2048;2055
2025;2049;1837
2025;2039;2035
2026;2048;2019
2025;2048;2026
2025;2015;1957
2025;2037;1998
2027;2040;1951
2027;2054;2390
2024;2051;2082
2024;2055;2106
2025;2048;1842
2026;2048;2052
2025;2048;2034
2026;2048;2048
2025;2065;2025
2025;2049;2048
2026;2051;2084
2025;2031;2327
2026;2041;1999
2031;2038;1991
2022;2049;1815
2027;2048;2029
2023;2048;2048
2025;2048;2051
2025;2018;1946
2025;2040;1947
2026;2035;1945
2025;2058;2378
2023;2048;2152
2026;2041;2128
2026;2036;1741
2026;2048;2014
2026;2048;2033
2025;2048;2018
2024;2066;2021
2026;2048;2001
2024;2052;2048
2025;2037;2290
2027;2036;2012
2026;2048;1911
2027;2039;1781
2025;2039;1998
2025;2048;1792
2026;2039;2026
2026;2018;1919
2024;2048;2031
2026;2036;1959
2023;2048;2296
2027;2048;2040
2025;2049;2106
2026;2037;1727
2024;2048;2009
2026;2048;2028
2024;2048;2011
2026;2070;2002
2021;2048;2015
2025;2052;2050
2025;2048;2311
2028;2048;2073
2025;2048;1857
2027;2048;1709
2026;2048;2003
2026;2039;2021
2027;2048;2016
2025;2017;2020
2024;2048;2011
2026;2039;2017
2027;2048;2196
2026;2048;2066
2029;2038;1975
2025;2048;1695
2027;2048;1991
2031;2048;1999
2026;2041;2007
2025;2060;2010
2028;2049;2081
2024;2048;2023
2025;2051;2267
2026;2039;2110
2025;2048;2048
2025;2048;1638
2026;2048;2031
2025;2048;2026
2021;2048;2026
2026;2018;1935
2022;2048;2293
2023;2048;1963
2027;2296;2081
2023;2048;2015
2025;2048;2013
2025;2048;1700
2023;2048;2009
2025;2048;2039
2025;2048;2055
2027;2062;1983
2025;2037;2048
2026;2048;1991
2027;2048;2110
2028;2039;2022
2027;2037;2060
2027;2048;1604
2029;2039;2015
2025;2048;2050
2027;2048;2048
2026;2023;2078
2023;2048;2048
2023;2036;2015
2026;2048;2073
2025;2048;2030
2025;2048;2098
2026;2048;1645
2026;2048;2020
2026;2048;2018
2023;2048;2033
2027;2064;2148
2023;2048;2048
2026;2048;1967
2023;2051;2091
2026;2052;2107
2024;2041;2079
2026;2037;1603
2026;2048;2015
2025;2049;2048
2023;2048;2055
2026;2031;2009
2025;2048;1957
2027;2048;2019
2026;2037;2068
2023;2050;2106
2025;2048;2067
2024;2048;1586
2026;2048;2031
2022;2048;2048
2026;2048;2059
2026;2059;2003
2024;2037;2150
2025;2061;2109
2026;2053;2126
2028;2016;2128
2027;2048;1942
2023;2039;1574
2027;2039;1981
2026;2048;2039
2027;2040;2018
2025;2036;2113
2024;2040;2048
2027;2048;1999
2027;2039;1991
2024;2048;2112
2023;2048;2163
2023;2048;1535
2027;2050;2007
2026;2048;2041
2031;2048;2014
2022;2053;1951
2023;2048;1968
2024;2038;2098
2025;2053;2125
2026;2037;2119
2026;2048;2067
2025;2039;1577
2025;2048;2034
2023;2048;2028
2029;2048;2048
2027;2040;2069
2026;2048;1945
2023;2048;1990
2031;2048;2059
2026;2053;2145
2029;2037;2041
2025;2050;1562
2025;2041;1980
2026;2048;2019
2025;2048;2014
2019;2048;1994
2026;2048;2133
2025;2038;2039
2025;2048;2095
2026;2037;2216
2024;2040;1995
2025;2026;1652
2025;2039;2003
2023;2048;2051
2029;2048;2035
2026;2048;2028
2026;2038;2073
2025;2048;1996
2027;2048;1976
2026;2050;2084
2030;2048;2082
2026;2048;1799
2023;2048;1990
2026;2048;2023
2023;2048;2021
2024;2048;2019
2025;2049;2074
2026;2035;2026
2027;2048;2064
2025;2048;2185
2025;2039;2061
2027;2030;1860
2025;2048;1992
2027;2048;2037
2025;2048;2011
2025;2048;2020
