2014;2031;1838
2014;2048;2025
2011;2041;2035
2015;2048;2052
2012;2048;2093
2012;2030;2010
2014;2051;2064
2013;2038;1989
2013;2057;2063
2010;2039;1843
2013;2041;1895
2012;2041;1997
2014;2048;2021
2013;2048;2006
2014;2048;2024
2013;2050;2076
2014;2037;1995
2012;2049;1915
2015;2030;2112
2015;2048;1977
2014;2030;1857
2012;2049;2017
2011;2039;2006
2015;2038;2014
2014;2048;2020
2013;2031;1992
2014;2048;2049
2015;2048;1995
2013;2053;2048
2012;2048;2127
2013;2048;1940
2013;2048;2010
2015;2048;2008
2013;2048;2012
2014;2048;2014
2013;2050;2001
2013;2038;2054
2013;2048;2024
2015;2027;2049
2012;2048;2035
2013;2025;1958
2015;2048;1966
2014;2048;1989
2013;2048;2006
2011;2038;1997
2013;2030;1966
2015;2050;1979
2015;2052;2028
2016;2055;2069
2013;2048;2026
2015;2048;1956
2014;2041;1987
2013;2048;1995
2012;2048;2003
2015;2048;2012
2013;2052;1999
2013;2035;2002
2018;2034;2010
2015;2023;2101
2015;2048;1980
2015;2035;2028
2014;2048;1999
2012;2048;2027
2015;2048;2021
2013;2039;2027
2015;2029;1987
2012;2048;1960
2011;2051;2076
2012;2053;2075
2013;2035;2025
2015;2048;1905
2009;2048;1995
2014;2039;2019
2011;2048;2021
2014;2048;2009
2015;2055;2035
2015;2048;2025
2011;2030;2118
2013;2026;2199
2014;2048;2008
2013;2037;2100
2013;2048;1996
2013;2048;2001
2012;2041;2000
2012;2040;2009
2015;2025;1999
2014;2048;1988
2010;2050;1971
2011;2052;2048
2013;2049;1999
2015;2048;1901
2010;2048;2026
2012;2038;2079
2013;2048;2048
2013;2048;2048
2012;2059;2055
2013;2036;2011
2015;2026;1999
2013;2021;2134
2013;2034;1981
2012;2038;2005
2015;2048;2006
2013;2048;1985
2012;2048;1997
2012;2048;2007
2020;2019;1995
2013;2038;2028
2011;2051;1983
2014;2056;2090
2013;2048;2037
2010;2048;2031
2011;2042;1973
2011;2039;2005
2014;2041;2005
2015;2048;1989
2013;2061;2040
2014;2030;1992
2014;2031;2021
2015;2027;2149
2012;2048;2087
2013;2048;2048
2013;2040;1938
2013;2048;1994
2014;2040;2020
2013;2048;2005
2002;2021;1996
2013;2038;1961
2013;2048;1989
2013;2059;2161
2011;2048;2065
2013;2048;2025
2010;2048;1970
2015;2048;2007
2009;2048;2002
2013;2048;2009
2014;2068;2056
2013;2048;2023
2018;2034;2006
2015;2020;2212
2012;2034;2081
2023;2041;2013
2014;2048;1967
2013;2048;1988
2015;2048;2002
2016;2040;1979
2013;2011;1989
2013;2033;1993
2011;2041;1971
2010;2056;2233
2018;2048;2007
2013;2048;2048
2013;2048;1979
2020;2048;2061
2011;2048;2058
2014;2048;2016
2010;2070;1997
2013;2048;2114
2015;2039;2060
2013;2025;2271
2015;2037;1987
2013;2048;2010
2013;2048;1962
2015;2048;2011
2015;2039;2011
2015;2041;2015
2010;2009;1988
2014;2033;1969
2011;2026;1982
2013;2057;2157
2015;2037;2089
2012;2039;2071
2014;2048;1924
2015;2039;1989
2012;2039;1993
2013;2039;1997
2013;2075;2024
2011;2049;1983
2015;2048;1983
2013;2020;2184
2013;2039;2026
2011;2033;2070
2014;2048;1903
2014;2035;1989
2014;2048;2006
2013;2048;2015
2013;1975;1995
2013;2036;2029
2014;2034;1982
2013;2058;2220
2013;2048;2122
2011;2048;2070
2013;2039;1927
2014;2048;2022
2013;2048;2022
2015;2048;2050
2007;2071;1965
2013;2048;2055
2012;2048;1970
2015;2029;2199
2013;2041;2029
2012;2048;2030
2013;2048;1987
2013;2041;2013
2013;2037;2023
2011;2048;2050
2013;2014;2054
2013;2033;2007
2007;2033;1962
2013;2058;2111
2011;2048;2083
2011;2048;1953
2013;2048;1921
2013;2048;1989
2013;2048;1999
2012;2048;2031
2015;2071;1977
2013;2048;1998
2015;2048;2049
2010;2037;2197
2014;2039;2048
2014;2048;1972
2013;2048;1890
2011;2035;1978
2011;2048;2006
2012;2021;1982
2007;2012;2037
2012;2035;1998
2013;2036;1980
2011;2055;2113
2013;2048;2010
2012;2039;1951
2013;2048;1864
2012;2048;1997
2011;2048;2024
2011;2048;2012
2013;2067;1989
2014;2048;1991
2012;2048;1981
2011;2048;2154
2015;2031;2011
2012;2048;1966
2014;2048;1885
2021;2040;1990
2012;2048;2020
2011;2039;2041
2014;2015;2036
2013;2035;2048
2010;2038;1988
2011;2050;2130
2015;2051;2052
2013;2048;2027
2011;2039;1895
2011;2048;2031
2012;2048;2029
2013;2035;2027
2011;2065;2006
2012;2048;2023
2013;2048;1995
2014;2048;2085
2014;2048;2102
2014;2038;2006
2014;2039;1886
2012;2048;2048
2013;2042;2066
2011;2048;2034
2014;2022;2048
2013;2033;1955
2013;2039;2051
2013;2048;2013
2013;2049;2093
2013;2039;1941
2012;2048;1864
2013;2048;1993
2015;2048;2027
2012;2048;1995
2013;2055;1960
2013;2048;2031
2012;2048;2027
2014;2048;2010
2013;2034;2080
2013;2048;2048
2013;2048;1812
2014;2027;1985
2011;2037;2001
2013;2048;1981
2013;2030;2008
2013;2035;1942
2012;2039;1975
2011;2036;1981
2011;2051;2071
2009;2048;2031
2015;2048;1838
2013;2039;2004
2012;2048;1994
2011;2048;2022
2013;2048;2018
2010;2048;2051
2012;2048;2023
2013;2051;2006
2013;2027;1956
2012;2048;1950
2012;2037;1814
2012;2048;1998
2014;2048;2011
2013;2035;2013
2013;2039;2059
2013;2037;2022
2012;2048;1995
2011;2035;1985
2014;2051;2093
2013;2048;1987
2011;2048;1842
2013;2048;1973
2011;2048;2010
2011;2048;2018
2011;2048;2007
2014;2052;2048
2013;2039;1972
2013;2049;2048
2014;2024;2068
2012;2048;2037
2014;2033;1806
2011;2041;2003
2011;2036;1975
2014;2033;2007
2012;2048;1986
2014;2035;1978
2014;2048;2001
2012;2036;2049
2011;2059;2102
2010;2048;2027
2011;2037;1821
2012;2048;2018
2014;2039;2014
2013;2050;1978
2014;2048;1996
2013;2048;2021
2011;2035;1969
2013;2051;2005
2016;2024;2066
2016;2048;2081
2012;2033;1765
2011;2048;1975
2013;2041;2001
2013;2038;2027
2012;2048;2010
2013;2034;2048
2012;2048;2015
2012;2039;2031
2011;2055;2049
2011;2048;1933
2011;2048;1795
2011;2048;1987
2011;2038;2002
2014;2048;1987
2009;2048;2002
2013;2048;1977
2011;2036;2031
2009;2054;1951
2013;2024;2048
2012;2038;2021
2013;2029;1889
2011;2048;1997
2014;2048;2053
2013;2041;2006
2015;2048;2035
2013;2030;2008
2013;2048;1971
2013;2048;2021
2008;2054;2023
2013;2048;2020
2011;2050;1909
2012;2048;1995
2011;2037;2010
2011;2048;2018
2012;2039;2032
2010;2055;2127
2013;2037;1997
2012;2039;2013
2013;2021;2152
2012;2048;2048
2014;2036;1907
2014;2048;1966
2013;2042;2003
2013;2048;2018
2011;2039;2034
2011;2029;1957
2011;2048;1983
2011;2048;2016
2015;2057;2085
2010;2048;2080
2010;2050;2063
2011;2041;1991
2011;2048;2050
2010;2048;2011
2013;2048;1987
2013;2052;1966
2012;2035;2026
2013;2033;2034
2016;2010;2119
2015;2048;1963
2013;2036;1972
2013;2048;1983
2012;2048;2011
2014;2295;1986
2015;2040;2002
2010;2033;1974
2012;2048;1989
2011;2055;2035
2011;2058;2172
2013;2048;2018
2013;2048;2027
2011;2048;1950
2010;2036;2002
2012;2048;1978
2012;2048;2003
2014;2052;1975
2013;2040;2027
2013;2027;2027
2022;2023;2071
2013;2048;2020
2009;2048;1975
2017;2048;1983
2014;2048;2005
2011;2041;2005
2011;2040;2010
2009;2023;2052
2011;2048;2007
2010;2054;2041
2011;2051;2074
2009;2048;1983
2013;2049;2006
2011;2048;1982
2010;2048;1999
2011;2048;2003
2011;2048;2006
2013;2059;1974
2013;2039;2055
2011;2022;2089
2013;2017;2048
2021;2048;2048
2012;2048;2023
2011;2040;1977
2013;2048;2011
2013;2048;2012
2015;2042;2247
2011;2015;1970
2011;2040;1991
2011;2051;2002
2011;2058;2158
2011;2048;2039
2013;2048;1981
2009;2048;1996
2010;2048;2026
2008;2048;1997
2012;2041;2009
2011;2067;2073
2014;2048;2048
2015;2035;2051
2014;2026;2161
2015;2041;2025
2014;2040;1994
2013;2048;1938
2012;2048;1996
2010;2048;1999
2011;2048;1996
2012;2017;2023
2013;2035;1956
2011;2048;1954
2011;2057;2085
2011;2048;2023
2011;2049;2048
2014;2048;1981
2013;2039;2026
2013;2048;2019
2013;2048;2007
2016;2068;1993
2012;2051;2070
2012;2048;2050
2013;2027;2186
2012;2036;1977
2014;2038;2048
2013;2027;1957
2014;2041;1999
2011;2048;2054
2013;2048;2022
2011;2018;2051
2013;2036;1989
2013;2048;2041
2013;2059;2199
2011;2049;2123
2012;2048;1996
2012;2048;1979
2011;2039;2048
2011;2048;2017
2012;2048;2027
2011;2076;1971
2014;2052;2052
2013;2048;2060
2014;2027;2119
2013;2048;1959
2015;2048;2048
2012;2048;1975
2013;2048;2020
2012;2048;2064
2013;2049;2005
2013;2014;1983
2011;2033;2008
2011;2048;1991
2013;2056;2163
2010;2037;1996
2011;2040;2023
2012;2048;1897
2013;2048;2003
2012;2048;2013
2012;2039;1982
2013;2048;2015
2012;2048;2059
2013;2048;1981
2015;2028;2192
2014;2040;2063
2011;2036;2005
2013;2048;1927
2012;2038;1993
2013;2040;1995
2013;2037;1994
2011;2012;1977
2017;2037;1941
2012;2037;2021
2011;2057;2199
2011;2048;2022
2012;2048;2035
2010;2048;1933
2011;2048;2033
2011;2048;2025
2010;2048;2030
2013;2069;2033
2011;2048;2037
2010;2048;1950
2012;2028;2189
2012;2029;1998
2012;2048;2002
2013;2048;1943
2013;2039;1999
2011;2039;2040
2011;2039;2032
2011;2010;2068
2011;2037;2030
2009;2031;1965
2010;2062;2234
2013;2048;2037
2012;2048;1987
2007;2039;1911
2011;2048;2048
2011;2048;2038
2010;2048;2019
2017;2073;2002
2011;2049;2082
2015;2050;1990
2013;2035;2085
2013;2037;2034
2013;2037;2021
2011;2039;1910
2014;2048;2011
2013;2048;1989
2015;2039;2013
2013;2015;2021
2010;2038;2016
2011;2035;1969
2013;2056;2102
2007;2048;2130
2011;2039;2014
2010;2048;1879
2011;2048;1981
2010;2048;2002
2013;2048;1978
2011;2065;1954
2010;2048;1950
2010;2048;2068
2013;2048;2214
2011;2039;2118
2012;2052;2007
2011;2048;1870
2011;2039;1998
2011;2048;1987
2012;2041;2000
2001;2014;2025
2012;2037;2031
2010;2035;2011
2010;2061;2114
2012;2048;2119
2006;2048;1999
2012;2048;1882
2012;2054;2008
2010;2042;1995
2012;2040;1997
2010;2063;1993
2013;2049;2021
2013;2048;2035
2010;2022;2090
2011;2038;2019
2013;2040;1978
2012;2041;1839
2012;2048;1995
2012;2040;2001
2010;2041;2011
2011;2021;2056
2013;2039;1975
2013;2048;1973
2010;2042;2015
2011;2051;2135
2011;2055;2064
2011;2048;1861
2011;2042;1998
2011;2048;2025
2012;2048;2041
2011;2055;2053
2013;2048;2101
2011;2048;2030
2013;2053;2113
2006;2041;1991
2014;2048;1969
2015;2043;1837
2015;2048;2035
2013;2034;2019
2012;2041;2075
2013;2034;2090
2013;2037;1962
2011;2039;2075
2011;2039;2024
2013;2051;2146
2013;2048;2036
2011;2048;1789
2011;2048;1990
2012;2048;2025
2013;2048;1999
2011;2051;1997
2011;2048;2048
2008;2031;2022
2013;2053;1994
2012;2037;2038
2011;2048;2093
2011;2041;1823
2011;2035;2020
2011;2038;2028
2012;2048;1999
2012;2039;2048
2011;2033;1934
2011;2041;2069
2010;2032;1979
2010;2050;2141
2011;2048;1995
2011;2059;1769
2012;2048;2007
2013;2039;2004
2010;2048;1993
2011;2048;1980
2012;2048;1942
2012;2039;2026
2012;2050;1967
2011;2030;2117
2013;2048;2010
2013;2038;1770
2011;2048;1966
2013;2041;1997
2013;2048;2007
2011;2038;1999
2011;2035;2010
2013;2048;1987
2011;2035;1997
2009;2048;2007
2011;2041;2029
2012;2048;1779
2011;2048;2001
2014;2039;1981
2012;2048;1997
2009;2048;1970
2011;2049;2027
2013;2035;1994
2012;2050;1985
2013;2034;2029
2010;2024;1957
2013;2031;1754
2012;2037;1986
2012;2048;1995
2012;2039;2034
2012;2048;2003
2013;2039;2013
2011;2048;2015
2011;2048;1972
2011;2053;2068
2009;2048;1946
2011;2048;1839
2011;2041;2004
2011;2037;2020
2013;2048;2020
2010;2048;2037
2010;2049;2013
2011;2042;2080
2013;2048;2010
2013;2031;2092
2013;2048;2007
2011;2030;1791
2014;2048;1989
2013;2048;2010
2012;2048;2011
2011;2048;2048
2013;2035;1958
2011;2049;2027
2012;2048;2052
2011;2055;2187
2010;2048;1981
2011;2050;1896
2010;2040;2041
2011;2048;2033
2011;2048;2016
2011;2040;2013
2011;2048;2067
2014;2048;2052
2012;2048;1969
2011;2030;2093
2010;2048;1971
2013;2027;1943
2012;2048;2011
2013;2048;1981
2011;2048;2023
2011;2048;1994
2011;2035;1965
2010;2048;1999
2012;2048;1996
2012;2059;2110
2011;2048;2015
2010;2049;1953
2014;2048;1967
2012;2048;2004
2012;2041;1987
2015;2048;1970
2010;2053;2036
2012;2048;2053
2009;2039;2058
2013;2031;2152
2012;2048;2010
2012;2041;1986
2015;2070;1988
2012;2048;1988
2013;2048;1992
2013;2048;2006
2013;2032;2005
2012;2038;2014
2014;2048;1999
2014;2035;2133
2012;2048;2027
2013;2052;2048
2011;2048;1975
2014;2048;2008
2014;2048;2025
2011;2048;1996
2012;2057;2039
2007;2048;2065
2013;2034;2058
2014;2036;2197
2015;2037;2010
2011;2036;2018
2013;2048;1965
2013;2048;1992
2013;2048;2020
2013;2039;2005
2014;2033;1965
2012;2041;2016
2012;2053;2007
2012;2048;2134
2018;2048;2041
2014;2048;1981
2011;2039;2022
2012;2031;2021
2013;2039;2055
2011;2048;2011
2013;2058;2021
2013;2048;2023
2013;2035;2083
2013;2021;2146
2011;2048;1967
2013;2035;1979
2013;2048;1967
2013;2048;2003
2011;2048;2051
2012;2048;2048
2009;2021;1989
2017;2048;2083
2011;2053;2013
2011;2055;2195
2011;2048;2005
2012;2048;2117
2013;2048;1986
2011;2048;2036
2011;2048;1996
2012;2048;1981
2013;2056;2031
2013;2048;2020
2012;2037;2049
2012;2030;2197
2011;2039;2014
2012;2048;2057
2013;2048;1946
2012;2048;1999
2013;2041;2023
2010;2048;1990
2012;2024;2018
2013;2048;1973
2011;2048;1999
2012;2048;2123
2012;2039;2048
2012;2039;1971
2013;2048;1925
2014;2048;2003
2013;2040;2001
2013;2048;2012
2011;2066;2055
2014;2048;1989
2013;2037;2048
2013;2030;2269
2011;2048;2106
2014;2039;1988
2013;2048;2009
2011;2048;2014
2013;2048;2018
2014;2048;2012
2011;2027;2034
2011;2039;2009
2011;2048;1993
2015;2055;2134
2013;2048;2115
2011;2048;1953
2012;2048;1963
2015;2040;1999
2013;2039;2048
2010;2048;2052
2012;2067;1956
2010;2049;2025
2012;2048;2001
2015;2031;2166
2013;2039;1908
2014;2037;2029
2012;2039;1941
2011;2049;1998
2013;2048;2006
2013;2048;2015
2015;2025;1998
2012;2039;2026
2011;2038;2028
2011;2051;2177
2013;2048;1978
2012;2049;1947
2013;2048;1911
2011;2048;2014
2007;2048;2018
2012;2048;2020
2011;2063;1911
2012;2048;2032
2011;2048;1981
2013;2034;2194
2012;2039;2015
2014;2037;2090
2013;2048;1909
2013;2039;1961
2013;2048;1971
2011;2048;1967
2012;2019;1999
2013;2036;1999
2011;2040;2052
2011;2051;2251
2011;2041;2048
2005;2048;1995
2013;2048;1925
2013;2048;1999
2013;2048;1992
2015;2039;1993
2010;2064;1964
2011;2048;1989
2015;2049;1990
2013;2035;2143
2014;2039;1797
1950;2039;2001
2012;2298;1900
2013;2038;2017
2010;2041;1974
2014;2040;1981
2015;2022;1965
2013;2037;2048
2011;2034;1943
2012;2057;2199
2011;2040;1993
2011;2048;1998
2013;2048;1909
2011;2048;2007
2013;2048;2028
2012;2038;2016
2011;2067;1940
2012;2051;2022
2015;2049;2063
2013;2036;2158
2014;2041;2075
2013;2050;1934
2013;2041;1917
2015;2048;2007
2013;2048;2015
2015;2048;2049
2014;2019;2058
2013;2039;2009
2014;2034;2055
2013;2053;2116
2015;2048;2129
2013;2049;2023
2012;2048;1954
2013;2040;2080
2013;2048;2023
2007;2048;2021
2013;2066;2006
2013;2049;2085
2014;2050;1981
2012;2038;2183
2014;2037;1999
2014;2039;1999
2015;2041;1935
2013;2039;2033
2014;2039;1983
2012;1792;2033
2013;2030;2019
2012;2040;1993
2013;2035;2008
2009;2048;2098
2013;2048;2084
2013;2048;1985
2011;2040;1815
2013;2041;2000
2013;2048;1987
2011;2048;1987
2012;2063;1971
2011;2051;1943
2013;2048;2069
2016;2049;2099
2015;2037;2049
2015;2048;2024
2013;2048;1850
2013;2048;2006
2012;2048;1992
2015;2041;2001
2018;2027;2072
2011;2041;1963
2012;2048;2048
2011;2048;1966
2011;2048;2076
2012;2037;2056
2011;2048;1827
2012;2048;1991
2011;2048;2017
2012;2059;2027
2013;2057;1974
2013;2050;2048
2012;2049;2020
2015;2048;2060
2014;2035;2015
2014;2039;2034
2015;2048;1872
2013;2039;2006
2012;2048;2012
2011;2049;2029
2012;2033;2277
2011;2049;2068
2015;2042;2007
2008;2037;2039
2011;2048;2088
2013;2048;2028
2011;2033;1864
2015;2048;2002
2018;2048;2062
2014;2048;2020
2007;2049;2017
2010;2048;1993
2013;2048;1952
2012;2052;2048
2015;2036;2010
2011;2048;2007
2015;2041;1805
2015;2048;1990
2014;2041;2006
2010;2041;1994
2012;2038;2010
2013;2039;2008
2013;2048;1992
2011;2042;1977
2013;2048;2149
2012;2048;2067
2013;2048;1773
2013;2048;1994
2011;2048;1999
2012;2048;2002
2014;2048;1971
2011;2033;2023
2013;2048;2060
2012;2049;2021
2015;2035;2049
2012;2048;2091
2013;2035;1769
2013;2048;1983
2013;2048;2027
2012;2041;2003
2013;2041;2021
2012;2041;1979
2012;2048;1995
2013;2038;1993
2012;2053;2084
2010;2048;2009
2011;2048;1822
2011;2041;1985
2013;2048;2023
2014;2048;1999
2012;2048;2017
2014;2048;2039
2013;2038;2066
2013;2052;1995
2011;2026;2134
2013;2048;1934
2013;2033;1775
2011;2048;1996
2013;2048;2011
2013;2048;2070
2013;2048;2041
2012;2048;2008
2015;2048;2062
2011;2037;2020
2011;2051;2014
2013;2048;2014
2014;2048;1775
2014;2048;1974
2011;2048;1995
2011;2048;1975
2013;2039;1973
2011;2048;2025
2014;2039;1977
2015;2048;2048
2017;2034;2128
2011;2048;2010
2015;2032;1853
2013;2048;1983
2013;2039;1990
2014;2048;1994
2012;2048;2005
2012;2037;1972
2013;2049;2051
2013;2040;2018
2013;2056;2083
2014;2038;2002
2013;2048;1899
2012;2048;1992
2014;2048;2005
2013;2048;2021
2013;2041;2025
2015;2048;2019
2013;2048;2053
2015;2048;2048
2013;2026;2106
2016;2048;2031
2014;2037;2004
2013;2037;1987
2013;2040;2024
2014;2040;2031
2012;2039;2023
2011;2037;2039
2010;2048;1988
2013;2050;2001
2012;2052;2095
2016;2048;2110
2014;2048;1885
2013;2048;1997
2011;2048;2015
2013;2041;2005
2012;2048;2019
2014;2051;2048
2013;2048;2115
2013;2038;2110
2013;2026;2135
2014;2048;2063
2014;2037;1985
2011;2048;1983
2015;2048;2009
2013;2048;2010
2013;2048;2003
2013;2030;2000
2013;2039;1983
2012;2049;1981
2010;2049;2072
2015;2041;2075
2011;2048;2013
2009;2048;1977
2014;2048;2027
2013;2048;1983
2013;2048;1989
2012;2055;2033
2014;2048;1987
2011;2034;2015
2013;2032;2091
2013;2040;1998
2007;2037;2019
2013;2040;1952
2015;2048;1997
2012;2051;1996
2013;2048;1995
2015;2029;1973
2013;2048;2036
2013;2051;2001
2011;2053;2222
2014;2048;2105
2014;2037;2022
2013;2048;1987
2011;2048;2026
2013;2039;2029
2013;2048;2008
2012;2054;2048
2011;2048;2025
2009;2033;2026
2013;2031;2225
2015;2048;2102
2013;2049;2005
2013;2048;2003
2013;2037;2010
2015;2041;2055
2012;2054;2011
2015;2036;2015
2015;2048;2027
2012;2049;2021
2013;2054;2145
2011;2049;2074
2013;2048;1995
2013;2048;1956
2013;2050;1986
2013;2039;2023
2014;2048;2001
2014;2061;2038
2013;2048;1975
2013;2035;2027
2018;2034;2199
2011;2041;2015
2014;2048;2023
2015;2048;1944
2013;2048;1993
2014;2048;1977
2013;2039;1988
2015;2029;2003
2012;2039;1965
2011;2048;1968
2014;2048;2115
2013;2048;1998
2014;2039;2039
2011;2048;1966
2010;2041;1997
2014;2048;2007
2013;2048;2021
2015;2061;2061
2011;2051;2053
2012;2039;1999
2015;2035;2173
2014;2048;1947
2015;2048;2023
2012;2048;1950
2005;2048;2022
2014;2048;2005
2015;2040;2003
2015;2023;1965
2013;2039;1979
2013;2048;1990
2014;2053;2174
2014;2039;2048
2012;2048;2022
2014;2048;1953
2016;2048;2007
2013;2048;2027
2013;2048;2025
2014;2066;2048
2012;2048;2025
2020;2048;2080
2015;2027;2186
2017;2038;1963
2015;2036;1963
2013;2048;1959
2013;2048;2048
2013;2048;2048
2015;2048;2019
2013;2031;2034
2015;2037;1996
2012;2048;2012
2013;2054;2190
2011;2048;2065
2011;2048;1992
2012;2048;1957
2012;2049;2027
2013;2048;2031
2013;2039;2023
2013;2065;1951
2015;2051;2103
2015;2048;2021
2014;2027;2198
2015;2041;2017
2015;2048;1945
2013;2048;1915
2013;2048;2014
2014;2039;2010
2014;2048;2011
2019;2021;1926
2014;2035;1995
2014;2040;2018
2012;2057;2174
2010;2048;2087
2012;2048;2006
2012;2051;1905
2015;2039;2019
2014;2048;2017
2012;2049;2006
2014;2066;1969
2014;2048;2059
2012;2053;2050
2013;2036;2182
2013;2038;1951
2015;2048;1999
2013;2048;1905
2015;2048;2013
2013;2048;2007
2013;2048;2021
2014;2030;2029
2014;2037;2024
2011;2039;2013
2015;2051;2281
2012;2048;2033
2013;2039;1982
2013;2048;1921
2013;2048;2018
2015;2029;2039
2013;2048;2021
2014;2068;2022
2011;2048;2112
2013;2052;2059
2012;2036;2151
2015;2041;1991
2015;2048;2022
2014;2048;1875
2012;2048;2023
2013;2041;2031
2013;2048;2007
2014;2021;2023
2011;2033;1990
2013;2049;1994
2013;2054;2155
2013;2048;2107
2015;2048;1955
2011;2048;1910
2012;2048;2061
2015;2048;2004
2012;2053;1999
2010;2063;1982
2013;2048;1983
2014;2050;1979
2014;2039;2205
2013;2034;2066
2015;2038;2074
2013;2048;1886
2019;2048;1988
2013;2048;1988
2013;2039;2018
2015;2027;1994
2013;2035;2041
2013;2037;2011
2013;2049;2075
2011;2048;2048
2011;2041;1943
2010;2048;1871
2013;2048;1980
2014;2048;1987
2013;2048;2001
2013;2059;2020
2013;2048;2030
2014;2048;2008
2013;2061;2077
2014;2037;2100
2012;2039;2019
2013;2048;1842
2014;2038;1983
2013;2048;1988
2015;2040;2015
2013;2029;2036
2014;2039;1981
2013;2048;1951
2011;2041;1996
2015;2048;2075
2012;2048;2082
2015;2048;1890
2012;2048;2069
2011;2048;2013
2011;2048;2026
2014;2055;1948
2015;2048;2082
2015;2048;2002
2013;2048;2048
2014;2048;2069
2015;2048;1971
2014;2048;1836
2012;2041;2031
2014;2040;2048
2013;2048;2002
2013;2033;2019
2014;2039;1972
2012;2039;2007
2012;2035;1932
2014;2048;2091
2011;2048;2034
2013;2038;1830
2012;2048;2012
2013;2048;2006
2013;2048;2018
2013;2050;1978
2011;2048;1997
2013;2040;2048
2014;2048;2017
2012;2036;2061
2015;2052;1993
2013;2038;1767
2015;2048;1967
2014;2048;2003
2011;2038;1981
2015;2040;2061
2013;2041;2013
2014;2039;1979
2014;2039;2050
2012;2048;2051
2015;2048;1987
2013;2048;1812
2012;2048;1977
2013;2048;1985
2018;2048;2008
2012;2048;1989
2013;2048;1984
2011;2041;1999
2015;2050;1978
2012;2029;2099
2014;2048;2062
2015;2034;1792
2013;2050;2006
2014;2041;2006
2014;2038;2023
2015;2048;2048
2018;2037;1965
2013;2040;2019
2013;2036;1963
2011;2048;2067
2013;2038;2051
2010;2050;1826
2013;2041;2027
2014;2048;2022
2014;2048;2048
2011;2049;2048
2013;2048;2023
2014;2048;2083
2013;2048;2006
2015;2031;2090
2015;2048;2038
2010;2037;1829
2015;2048;2061
2012;2048;2021
2012;2048;1991
2013;2048;2015
2012;2035;1991
2012;2048;2038
2014;2039;1976
2013;2049;2138
2013;2048;2073
2014;2040;1813
2013;2040;1983
2011;2034;2004
2011;2048;1995
2014;2048;2013
2014;2048;2052
2011;2048;2055
2013;2048;2015
2015;2031;2095
2016;2048;2013
2015;2035;1762
2014;2048;1979
2013;2038;1981
2014;2048;2015
2012;2039;1989
2014;2035;1957
2009;2048;1978
2018;2043;2015
2013;2056;2097
2011;2048;1994
2010;2048;1875
2011;2048;2038
2013;2048;2020
2012;2048;2048
2011;2048;2020
2014;2053;2085
2011;2038;2038
2013;2048;1973
2012;2035;2091
2013;2048;2277
2012;2038;1980
2019;2039;1965
2014;2048;2006
2015;2048;2004
2011;2048;1986
2014;2034;1992
2014;2040;1999
2014;2048;2075
2011;2048;2127
2011;2048;2068
2011;2048;1951
2011;2048;1981
2012;2048;2007
2011;2048;2035
2014;2048;2038
2011;2050;2062
2013;2042;2069
2015;2037;2092
2015;2031;2143
2015;2035;2038
2014;2039;2085
2013;2031;1975
2013;2048;1994
2013;2048;2035
2014;2037;2007
1996;2034;1991
2012;2048;2024
2013;2051;2002
2012;2048;2101
2014;2041;1971
2013;2048;1965
2014;2048;1964
2012;2048;2014
2011;2048;1993
2015;2048;2006
2013;2052;2065
2015;2040;2021
2014;2031;2038
2015;2033;2149
2013;2036;1964
2014;2048;2051
2012;2048;2023
2013;2048;2004
2012;2048;2023
2013;2298;2048
2014;2035;1967
2014;2041;2026
2013;2049;1969
2011;2048;2152
2013;2055;2027
2013;2048;2058
2014;2048;1971
2013;2039;1984
2014;2038;1992
2015;2048;2009
2012;2057;2107
2014;2048;2085
2017;2038;2080
2014;2030;2191
2014;2048;2109
2011;2048;2030
2013;2048;1965
2012;2048;2009
2012;2048;1998
2013;2041;2048
2014;2026;2040
2013;2041;1968
2013;2048;1989
2013;2048;2119
2011;2048;2072
2012;2048;2016
2013;2039;1961
2014;2048;2030
2011;2041;1986
2013;2039;2006
2012;2058;2002
2011;2048;1990
2013;2038;2029
2015;2037;2127
2011;2048;1953
2015;2041;1978
2014;2039;1959
2013;2048;1999
2015;2037;1987
2013;2048;2007
2013;2026;1965
2021;2038;1997
2013;2039;2005
2014;2054;2171
2011;2039;2006
2013;2048;1989
2015;2048;1997
2012;2048;2007
2013;2048;2065
2012;2048;2048
2012;2061;1993
2014;2048;1955
2013;2048;2093
2014;2035;2128
2015;2048;2023
2013;2048;1979
2011;2048;1945
2013;2048;1987
2013;2048;2001
2014;2040;1987
2013;2021;2004
2011;2036;1912
2014;2048;2006
2015;2051;2226
2014;2048;2003
2013;2048;2066
2012;2048;1936
2011;2048;2007
2014;2048;2011
2013;2039;2020
2011;2063;1978
2013;2051;2007
2015;2048;2098
2015;2039;2145
2014;2039;2114
2012;2037;2048
2013;2030;1964
2009;2039;2034
2012;2048;2002
2011;2041;2016
2015;2024;2063
2015;2036;1970
2013;2035;1979
2013;2023;2180
2013;2057;1977
2015;2037;2049
2011;2029;1927
2009;2026;1998
2013;2048;1997
2011;2048;2010
2011;2067;1935
2012;2048;2038
2013;2050;2066
2005;2036;2216
2015;2039;1971
2007;2038;1979
2013;2048;1955
2012;2035;2011
2015;2048;2007
2013;2040;2029
2013;2023;2006
2014;2037;1947
2013;2032;1995
2012;2039;2238
2012;2040;2080
2012;2048;1971
2014;2048;1922
2011;2048;2037
2014;2048;2018
2011;2048;2003
2012;2063;2068
2014;2048;2063
2013;2053;2007
2011;2048;2195
2013;2048;2074
2015;2048;1999
2013;2048;1853
2013;2048;2009
2013;2039;1979
2014;2048;1994
2014;2021;2048
2013;2037;1951
2011;2033;1959
2011;2048;2156
2011;2048;2065
2013;2038;1932
2013;2037;1915
2013;2041;1995
2011;2048;2022
2013;2040;2027
2013;2061;1961
2012;2049;2016
2011;2051;2088
2013;2048;2114
2015;2039;2068
2015;2041;2071
2012;2048;1841
2013;2039;2011
2013;2038;2040
2015;2048;2005
2015;2029;2066
2011;2035;1950
2012;2048;2005
2011;2048;2061
2013;2048;2012
2012;2041;2023
2011;2030;1877
2014;2048;2001
2021;2048;2021
2010;2039;2023
2013;2057;1984
2013;2048;2048
2014;2048;1983
2015;2048;2065
2013;2033;2068
2013;2048;2053
2016;2040;1896
2014;2048;2011
2012;2048;1990
2014;2048;2027
2013;2032;2017
2011;2039;1974
2013;2038;1968
2012;2031;1996
2014;2048;1996
2011;2038;2136
2014;2048;1837
2012;2048;2010
2010;2040;1985
2011;2048;2029
2012;2055;2000
2012;2049;2076
2011;2039;2013
2012;2048;2080
2015;2035;2030
2014;2050;2073
2013;2039;1787
2013;2049;2009
2015;2051;2014
2011;2039;2059
2013;2048;2031
2013;2038;2009
2013;2041;2015
2013;2038;1991
2015;2048;2024
2011;2048;2007
2009;2037;1787
2013;2041;2015
2013;2048;2027
2013;2048;1977
2014;2048;1985
2012;2048;2004
2013;2048;1983
2012;2052;2048
2017;2031;2064
2013;2048;2048
2013;2037;1757
2017;2039;2002
2014;2048;2007
2015;2048;2025
2013;2048;2014
2013;2039;1985
2013;2048;1998
2012;2035;1983
2012;2051;2129
2013;2048;1990
2013;2041;1794
2014;2048;2002
2015;2048;2026
2011;2048;1989
2011;2048;2015
2014;2048;2074
2013;2048;2074
2014;2051;2079
2015;2034;2111
2013;2051;2002
2015;2035;1783
2015;2048;1989
2014;2048;1994
2014;2048;1990
2015;2039;2012
2031;2013;1993
2013;2048;2015
2011;2039;1991
2012;2052;2106
2011;2048;2023
2013;2048;1867
2012;2048;2001
2012;2040;2021
2012;2048;2041
2013;2057;2089
2012;2050;2028
2013;2048;2015
2014;2048;2053
2013;2031;2161
2013;2048;2048
2013;2036;1920
2013;2048;1981
2008;2041;2003
2014;2048;2040
2014;2048;2009
2012;2038;2015
2014;2048;2019
2013;2048;2015
2013;2053;2087
2017;2049;1974
2013;2048;1956
2013;2039;1963
2020;2048;2004
2015;2048;2006
2012;2048;2007
2015;2049;2035
2011;2039;2010
2012;2039;1999
2015;2031;2127
2013;2048;1976
2014;2036;1970
2015;2048;2063
2015;2048;2021
2013;2048;2029
2014;2038;2027
2012;2035;2023
2015;2048;2059
2013;2050;2070
2012;2048;2125
2013;2048;1997
2013;2048;1980
2012;2048;2004
2011;2042;1995
2011;2048;1996
2013;2048;1993
2012;2048;2077
2013;2048;2086
2013;2048;2037
2015;2037;2227
2015;2039;1955
2015;2039;2007
2014;2048;2005
2013;2048;2011
2015;2039;1994
2010;2048;1986
2015;2034;2001
2019;2048;1963
2011;2050;1971
2014;2052;2095
2015;2048;2104
2013;2048;2001
2013;2048;1987
2011;2048;1999
2014;2048;2016
2013;2041;2013
2014;2054;1995
2016;2039;2048
2015;2033;1997
2014;2029;2163
2015;2048;2048
2010;2039;2013
2002;2048;1940
2013;2049;1999
2014;2048;2007
2015;2048;1987
2015;2031;1981
2012;2048;1956
2011;2049;1995
2011;2051;2145
2015;2039;2051
2011;2051;2036
2011;2041;2039
2012;2048;2048
2011;2048;2066
2013;2048;2029
2012;2056;2120
2013;2048;2074
2015;2039;2053
2015;2031;2199
2013;2048;2084
2013;2034;1969
2014;2039;1973
2014;2048;1997
2011;2048;1996
2017;2048;2034
2015;2030;2037
2013;2039;1983
2013;2052;2019
2016;2048;2166
2012;2048;2021
2013;2040;2072
2012;2048;1988
2014;2048;2003
2012;2039;2015
2014;2048;1986
2011;2062;2069
