2035;2027;954
2034;2035;950
2036;2034;862
2035;2035;940
2036;2038;941
2035;2037;939
2036;2039;938
2034;2030;938
2036;2034;941
2034;2036;948
2037;2051;964
2035;2051;955
2035;2048;868
2034;2048;945
2034;2048;952
2035;2048;953
2033;2048;949
2037;2058;958
2032;2049;954
2039;2048;950
2036;2030;984
2034;2039;941
2036;2034;861
2036;2034;955
2035;2038;949
2034;2029;949
2034;2048;949
2035;2009;941
2033;2036;951
2035;2034;947
2034;2055;977
2034;2048;963
2037;2051;867
2034;2048;950
2034;2048;954
2034;2048;946
2035;2048;955
2035;2057;951
2034;2048;962
2034;2050;950
2036;2027;973
2035;2037;978
2035;2031;854
2036;2037;943
2033;2039;950
2034;2034;944
2034;2037;946
2034;2027;936
2025;2038;942
2033;2035;942
2035;2057;971
2033;2048;956
2035;2050;846
2033;2048;943
2035;2054;951
2033;2048;953
2035;2048;947
2034;2055;944
2035;2048;948
2035;2050;949
2035;2027;947
2033;2036;944
2034;2026;835
2034;2039;940
2034;2038;957
2034;2033;943
2035;2051;942
2035;2025;931
2035;2039;937
2035;2037;942
2035;2052;978
2036;2056;959
2035;2050;842
2034;2048;944
2036;2048;949
2034;2048;946
2034;2048;949
2034;2058;953
2033;2048;950
2035;2048;901
2034;2023;967
2033;2033;964
2035;2023;839
2036;2048;937
2035;2039;946
2035;2039;950
2035;2039;947
2034;2027;943
2036;2039;940
2031;2037;949
2037;2051;981
2033;2050;968
2034;2050;842
2033;2048;949
2034;2048;956
2035;2048;955
2026;2048;961
2031;2060;963
2034;2048;956
2034;2050;957
2033;2024;994
2034;2031;945
2035;2026;841
2037;2041;943
2036;2035;955
2034;2039;954
2034;2051;957
2034;2023;949
2034;2048;955
2037;2039;953
2035;2059;983
2031;2048;954
2034;2052;855
2035;2048;951
2034;2049;958
2034;2048;955
2034;2049;957
2036;2061;971
2034;2048;955
2035;2049;959
2035;2029;996
2033;2037;934
2034;2027;875
2030;2037;943
2036;2040;946
2035;2038;953
2034;2037;948
2033;2027;942
2035;2037;955
2035;2048;956
2033;2058;1011
2034;2048;979
2036;2052;877
2035;2048;944
2037;2048;955
2031;2048;952
2034;2048;956
2033;2065;957
2033;2048;964
2034;2048;943
2034;2025;981
2035;2036;964
2034;2024;881
2034;2038;934
2033;2041;943
2035;2039;941
2036;2037;941
2022;2024;937
2035;2038;937
2035;2048;953
2033;2048;982
2035;2048;944
2038;2055;907
2033;2048;950
2035;2048;944
2036;2048;942
2034;2048;939
2034;2061;945
2035;2048;956
2035;2040;946
2035;2027;1004
2033;2032;946
2034;2031;920
2035;2036;936
2035;2039;945
2035;2037;942
2034;2039;941
2036;2021;941
2035;2038;934
2033;2048;943
2035;2052;983
2033;2049;975
2035;2048;934
2036;2048;939
2031;2048;956
2033;2048;950
2036;2048;943
2034;2063;945
2031;2048;950
2034;2035;957
2035;2026;986
2035;2035;953
2037;2030;932
2035;2040;939
2037;2048;949
2031;2048;953
2033;2037;952
2034;2023;942
2035;2039;942
2035;2048;942
2034;2052;994
2034;2051;974
2033;2051;949
2034;2048;939
2031;2048;960
2033;2048;954
2033;2049;971
2033;2070;964
2033;2053;969
2033;2035;963
2035;2025;998
2034;2037;980
2035;2037;972
2021;2039;935
2035;2041;951
2034;2048;955
2037;2041;950
2034;2024;948
2035;2034;945
2048;2051;947
2035;2048;997
2031;2049;961
2035;2053;952
2034;2048;945
2035;2048;958
2037;2048;959
2035;2048;959
2034;2067;959
2035;2051;967
2036;2035;955
2034;2027;1019
2031;2036;947
2036;2034;952
2035;2035;923
2036;2048;943
2035;2039;944
2035;2039;952
2037;2018;935
2034;2037;943
2034;2048;939
2035;2055;1014
2035;2053;954
2035;2040;956
2034;2048;926
2035;2048;943
2034;2048;946
2032;2048;946
2037;2065;940
2027;2048;956
2036;2038;951
2036;2025;1009
2034;2035;962
2033;2039;947
2033;2036;917
2034;2040;937
2036;2048;941
2036;2039;945
2035;2018;939
2035;2032;932
2034;2048;939
2036;2050;1004
2034;2048;951
2034;2048;955
2033;2056;923
2035;2048;945
2034;2048;944
2035;2048;945
2035;2068;953
2035;2048;954
2035;2037;956
2035;2028;1014
2035;2038;951
2034;2036;946
2034;2039;923
2037;2055;940
2034;2039;946
2037;2039;949
2033;2021;942
2035;2036;942
2035;2048;937
2033;2049;1024
2035;2052;992
2034;2048;953
2035;2048;936
2037;2048;956
2036;2048;955
2036;2048;948
2036;2071;953
2033;2053;949
2036;2048;959
2034;2030;1052
2036;2035;949
2033;2036;953
2034;2038;927
2035;2048;951
2037;2048;933
2035;2048;948
2035;2014;966
2031;2031;943
2035;2039;943
2034;2056;1028
2035;2051;983
2033;2050;945
2035;2050;931
2033;2048;958
2035;2048;957
2036;2050;955
2035;2070;959
2034;2064;963
2036;2051;956
2036;2029;1031
2035;2030;969
2034;2048;946
2035;2036;920
2033;2033;949
2036;2035;951
2036;2041;955
2035;2021;950
2034;2031;943
2037;2048;940
2035;2057;1023
2035;2048;961
2036;2048;949
2035;2048;919
2036;2051;957
2034;2048;956
2035;2048;955
2033;2064;941
2035;2058;964
2035;2048;959
2034;2031;1042
2034;2035;942
2034;2038;969
2035;2035;913
2031;2036;949
2035;2041;952
2037;2048;942
2031;2021;946
2035;2031;952
2035;2035;936
2037;2053;1030
2034;2048;970
2037;2048;959
2033;2048;912
2034;2048;945
2035;2048;948
2036;2048;956
2036;2056;947
2035;2057;966
2034;2051;956
2034;2030;1037
2034;2035;973
2035;2035;927
2035;2035;896
2034;2036;940
2035;2041;943
2035;2048;947
2035;2021;949
2036;2032;939
2035;2037;941
2036;2053;1038
2036;2035;953
2033;2048;955
2035;2048;903
2035;2051;946
2035;2041;948
2035;2048;946
2034;2050;942
2035;2055;956
2035;2048;946
2035;2037;1046
2035;2035;953
2033;2031;955
2036;2033;895
2036;2034;937
2036;2048;943
2035;2033;943
2038;2023;954
2037;2027;939
2034;2037;947
2034;2055;1043
2035;2048;969
2034;2050;964
2039;2048;903
2035;2052;950
2034;2049;954
2033;2048;958
2033;2049;957
2048;2059;959
2034;2055;949
2036;2037;1066
2036;2030;973
2034;2035;974
2034;2042;892
2035;2039;952
2033;2039;951
2037;2035;949
2034;2029;954
2035;2033;946
2034;2031;948
2037;2052;1024
2033;2055;980
2034;2048;957
2036;2048;911
2034;2051;955
2023;2048;956
2033;2048;952
2035;2049;954
2035;2059;966
2035;2049;947
2034;2048;1020
2034;2040;989
2035;2038;922
2036;2035;892
2035;2039;952
2035;2048;943
2035;2031;949
2034;2031;947
2033;2027;937
2034;2029;955
2035;2050;1006
2035;2051;971
2034;2051;935
2033;2048;891
2036;2051;949
2034;2038;941
2034;2040;947
2034;2051;948
2036;2051;958
2035;2048;948
2034;2048;973
2034;2025;960
2037;2014;954
2034;2048;876
2036;2031;938
2036;2030;945
2034;2039;937
2035;2040;947
2035;2031;954
2035;2035;938
2034;2048;949
2035;2052;961
2035;2039;953
2041;2048;884
2034;2052;949
2035;2051;945
2035;2048;948
2035;2048;947
2035;2055;952
2035;2058;936
2036;2039;953
2035;2034;960
2035;2048;946
2036;2033;865
2035;2034;945
2033;2027;948
2035;2041;949
2035;2048;946
2038;2024;919
2035;2031;945
2035;2039;959
2035;2051;969
2034;2048;951
2035;2048;876
2037;2048;941
2035;2048;955
2035;2048;951
2035;2048;963
2031;2066;956
2035;2048;957
2035;2048;958
2035;2022;978
2037;2040;941
2034;2027;865
2035;2035;947
2035;2048;954
2034;2034;957
2034;2048;954
2034;2027;945
2035;2048;952
2035;2026;961
2035;2048;973
2035;2055;969
2035;2050;876
2033;2051;951
2035;2048;953
2035;2048;959
2035;2051;956
2035;2052;967
2036;2048;965
2036;2058;949
2033;2025;952
2037;2028;971
2033;2023;851
2035;2037;948
2035;2048;949
2034;2037;947
2035;2039;948
2035;2025;939
2034;2040;947
2033;2037;949
2031;2052;957
2031;2048;932
2035;2050;855
2034;2057;940
2035;2050;943
2035;2031;945
2035;2039;951
2034;2066;964
2034;2039;946
2035;2048;946
2035;2024;963
2034;2039;957
2035;2022;831
2036;2035;935
2034;1989;941
2035;2037;937
2033;2041;937
2034;2021;942
2035;2040;937
2035;2031;940
2031;2056;971
2034;2048;950
2035;2048;845
2034;2048;937
2034;2048;942
2034;2056;939
2033;2029;939
2035;2053;938
2035;2048;948
2031;2054;943
2041;2023;968
2035;2040;940
2033;2015;820
2039;2039;931
2034;2037;941
2036;2041;943
2034;2037;939
2034;2021;929
2034;2035;935
2033;2033;969
2034;2057;995
2034;2048;977
2036;2050;843
2034;2048;941
2034;2053;945
2033;2048;947
2034;2048;947
2035;2060;948
2036;2050;959
2035;2048;950
2033;2018;971
2035;2030;948
2035;2026;831
2034;2039;942
2037;2034;951
2033;2037;952
2034;2037;948
2035;2014;938
2034;2048;944
2035;2048;949
2034;2065;994
2034;2049;953
2035;2048;841
2034;2052;953
2033;2048;954
2037;2054;957
2034;2048;955
2035;2073;964
2037;2048;956
2035;2036;941
2036;2019;968
2035;2034;967
2037;2022;846
2034;2048;941
2035;2036;951
2033;2037;947
2037;2033;949
2034;2016;933
2029;2039;947
2035;2048;946
2034;2065;995
2033;2037;947
2035;2048;845
2034;2059;944
2033;2048;950
2035;2048;949
2035;2048;949
2034;2069;947
2034;2034;952
2035;2048;932
2036;2018;974
2035;2035;931
2034;2024;843
2035;2024;930
2036;2039;939
2039;2040;942
2034;2035;942
2034;2018;923
2033;2033;935
2035;2048;945
2034;2062;993
2034;2052;963
2034;2052;853
2034;2049;934
2034;2050;943
2034;2048;940
2033;2048;949
2033;2063;950
2037;2040;951
2033;2048;947
2037;2007;997
2033;2022;934
2033;2020;885
2035;2039;926
2034;2048;945
2034;2035;945
2036;2031;938
2034;2015;947
2035;2040;935
2033;2041;941
2034;2051;984
2034;2056;948
2033;2057;914
2035;2048;929
2034;2030;942
2035;2048;948
2034;2048;947
2034;2072;951
2035;2039;947
2034;2026;939
2037;2021;1017
2034;2031;963
2035;2029;927
2048;2029;927
2037;2048;939
2034;2048;939
2034;2035;939
2036;2011;939
2033;2031;958
2035;2061;951
2031;2048;982
2034;2057;949
2034;2055;930
2034;2052;933
2036;2038;947
2024;2036;943
2034;2051;945
2034;2073;946
2035;2048;951
2035;2027;952
2035;2015;1007
2034;2031;953
2035;2029;933
2035;2037;937
2034;2027;942
2035;2029;946
2036;2050;944
2036;2010;951
2033;2031;949
2034;2051;941
2035;2056;1025
2033;2051;961
2035;2055;939
2035;2048;949
2033;2048;955
2035;2048;944
2036;2048;951
2034;2070;958
2034;2051;945
2035;2028;959
2036;2024;1011
2036;2037;959
2035;2026;977
2034;2039;932
2030;2052;951
2035;2033;951
2035;2033;950
2034;2013;938
2033;2032;937
2037;2048;941
2031;2069;1015
2035;2048;945
2033;2050;975
2034;2049;943
2033;2048;957
2033;2048;956
2036;2048;955
2035;2077;959
2035;2048;962
2035;2035;966
2036;2018;1024
2054;2029;963
2037;2029;943
2034;2049;931
2034;2037;945
2035;2036;950
2032;2038;954
2034;2006;940
2035;2036;943
2035;2052;940
2035;2059;1003
2035;2050;967
2034;2048;943
2035;2053;927
2033;2048;952
2034;2048;949
2035;2035;957
2033;2075;959
2032;2049;954
2036;2034;955
2035;2026;1037
2034;2030;954
2033;2031;945
2033;2034;914
2036;2048;942
2034;2029;948
2035;2036;946
2037;2017;938
2034;2027;934
2034;2032;935
2035;2069;1021
2034;2054;957
2038;2048;951
2034;2048;919
2034;2037;931
2034;2041;943
2035;2048;945
2033;2075;949
2038;2054;956
2034;2035;946
2035;2029;1037
2036;2026;967
2031;2025;936
2036;2038;909
2035;2048;936
2035;2056;933
2035;2023;942
2035;2007;942
2034;2027;942
2035;2048;935
2036;2062;1032
2035;2048;977
2035;2060;925
2038;2039;912
2035;2049;939
2034;2048;945
2026;2041;940
2035;2070;943
2034;2057;957
2034;2048;961
2035;2015;1047
2035;2032;969
2034;2033;955
2036;2034;911
2035;2030;939
2035;2048;946
2035;2037;949
2034;2010;936
2035;2027;936
2035;2031;930
2033;2059;1041
2036;2036;959
2033;2055;954
2035;2064;923
2033;2048;957
2034;2025;953
2035;2048;955
2048;2061;945
2033;2061;953
2035;2036;960
2036;2028;1047
2048;2039;993
2035;2035;982
2034;2034;919
2033;2027;948
2033;2033;950
2023;2039;951
2035;2011;981
2034;2022;935
2038;2034;935
2036;2061;1031
2033;2048;963
2034;2050;949
2034;2052;918
2033;2048;959
2039;2040;963
2034;2048;965
2034;2060;938
2033;2061;955
2034;2053;950
2035;2027;1092
2037;2031;942
2048;2028;962
2034;2037;903
2034;2035;951
2035;2039;951
2035;2035;956
2035;2013;949
2035;2025;943
2033;2031;937
2033;2063;1068
2033;2049;980
2035;2051;928
2033;2048;907
2035;2052;955
2033;2048;951
2034;2048;955
2034;2059;950
2033;2067;957
2033;2050;952
2034;2026;1090
2035;2035;967
2035;2033;953
2034;2031;892
2033;2039;939
2033;2048;959
2034;2034;946
2034;2015;951
2034;2029;953
2035;2031;957
2035;2048;1073
2034;2054;955
2031;2048;942
2035;2054;895
2033;2050;953
2034;2048;952
2034;2048;948
2037;2049;944
2035;2059;949
2035;2051;955
2035;2035;1067
2034;2029;980
2034;2034;962
2035;2035;878
2033;2031;943
2033;2040;938
2035;2039;942
2035;2013;940
2035;2019;931
2034;2030;935
2035;2052;1059
2034;2054;958
2035;2052;977
2036;2050;881
2035;2039;937
2036;2050;946
2034;2048;939
2031;2048;935
2033;2051;958
2035;2053;940
2034;2048;1056
2034;2025;968
2036;2031;943
2030;2019;873
2035;2035;940
2034;2037;934
2035;2037;943
2034;2029;942
2031;2017;953
2034;2035;939
2034;2051;1037
2034;2053;973
2036;2048;946
2032;2048;881
2035;2048;954
2033;2051;957
2033;2048;957
2034;2041;950
2035;2061;942
2035;2048;964
2037;2038;1013
2034;2026;989
2036;2029;951
2035;2033;861
2035;2035;947
2034;2033;957
2023;2034;954
2034;2036;983
2036;2020;941
2033;2027;948
2034;2048;988
2035;2053;966
2032;2049;953
2034;2050;873
2035;2048;955
2035;2053;967
2034;2052;966
2036;2039;956
2034;2061;973
2034;2050;966
2034;2048;1030
2034;2027;990
2033;2036;953
2033;2031;851
2032;2031;950
2034;2038;959
2036;2034;962
2035;2040;960
2033;2027;943
2033;2034;972
2031;2048;962
2035;2048;983
2035;2051;954
2031;2050;859
2034;2048;953
2035;2048;959
2035;2048;962
2034;2048;964
2033;2059;957
2034;2053;963
2036;2048;968
2033;2026;1017
2034;2029;964
2035;2031;847
2034;2035;943
2034;2037;955
2030;2039;953
2033;2040;955
2034;2022;950
2036;2031;951
2036;2039;958
2033;2053;996
2035;2039;978
2032;2048;852
2033;2050;952
2033;2049;952
2038;2048;953
2033;2052;958
2034;2056;965
2035;2038;964
2034;2049;966
2035;2030;965
2034;2048;929
2035;2033;827
2035;2039;940
2033;2036;949
2035;2035;947
2033;2038;943
2035;2017;946
2034;2033;947
2034;2041;943
2033;2048;991
2031;2039;977
2034;2049;842
2031;2057;947
2034;2048;954
2034;2048;950
2035;2048;952
2035;2058;962
2035;2048;940
2031;2048;958
2034;2036;992
2035;2025;968
2033;2017;816
2035;2037;945
2035;2037;948
2034;2048;948
2034;2048;941
2038;2026;934
2035;2037;955
2031;2031;948
2035;2055;993
2031;2055;959
2032;2055;825
2034;2039;945
2031;2051;950
2034;2048;953
2035;2048;953
2033;2069;953
2034;2048;943
2035;2051;939
2033;2017;981
2034;2039;943
2034;2020;799
2033;2035;935
2035;2048;948
2035;2033;944
2035;2039;949
2034;2022;942
2034;2038;945
2035;2037;958
2031;2056;978
2037;2053;960
2034;2048;807
2035;2050;945
2034;2048;940
2036;2027;945
2033;2048;946
2033;2064;971
2034;2048;950
2033;2048;958
2037;2017;978
2034;2034;931
2033;2019;789
2031;2036;944
2035;2033;947
2034;2036;943
2036;2048;946
2032;2009;950
2034;2037;942
2031;2040;955
2033;2069;979
2031;2052;947
2031;2048;810
2035;2052;947
2031;2035;953
2034;2048;950
2036;2048;955
2035;2066;964
2033;2039;959
2033;2048;955
2034;2015;1005
2035;2027;943
2034;2020;808
2031;2048;946
2033;2048;955
2031;2293;943
2034;2028;954
2030;2017;944
2034;2040;944
2033;2036;951
2033;2059;1000
2033;2054;966
2027;2060;823
2033;2048;958
2034;2048;959
2031;2049;964
2035;2039;963
2034;2071;960
2035;2051;966
2033;2052;947
2034;2006;1049
2034;2034;959
2031;2020;815
2036;2036;942
2035;2040;961
2035;2035;961
2036;2039;963
2034;2017;945
2055;2038;968
2032;2048;962
2033;2063;1008
2031;2053;959
2034;2053;851
2033;2050;959
2021;2048;962
2035;2048;967
2031;2040;971
2033;2075;990
2034;2048;971
2035;2040;963
2035;2017;1002
2035;2034;967
2031;2027;863
2031;2035;939
2033;2049;970
2036;2032;964
2034;2030;954
2018;2018;952
2035;2048;959
2033;2048;959
2034;2056;1045
2033;2035;980
2035;2050;879
2034;2052;952
2032;2048;963
2031;2031;963
2031;2040;964
2033;2075;971
2034;2048;963
2023;2032;962
2033;2029;1031
2033;2033;975
2034;2027;909
2034;2020;925
2035;2037;954
2035;2048;961
2035;2031;955
2035;2014;968
2033;2037;953
2024;2055;975
2034;2054;1085
2039;2048;1024
2035;2048;982
2035;2036;965
2035;2029;996
2031;2040;992
2034;2069;995
2033;2059;1000
2033;2035;1019
2033;2014;1048
2034;1982;1244
2032;2001;1129
2034;2010;1097
2033;2039;1071
2034;2040;1096
2031;2025;1103
2027;2037;1116
2034;2012;1113
2033;2031;1119
2031;2059;1132
2031;2074;1227
2033;2048;1157
2031;2037;1148
2031;2048;1102
2031;2048;1140
2031;2048;1145
2031;2048;1147
2031;2074;1139
2032;2050;1156
2031;2013;1150
2031;2015;1337
2031;2028;1161
2031;2030;1183
2030;2033;1133
2031;2039;1172
2031;2038;1171
2031;2033;1175
2034;2010;1169
2029;2031;1166
2031;2048;1199
2033;2062;1322
2031;2049;1189
2033;2056;1236
2033;2048;1156
2031;2048;1202
2031;2039;1203
2031;2048;1200
2031;2073;1205
2033;2053;1212
2031;2027;1215
2031;2022;1366
2034;2021;1258
2033;2027;1240
2034;2037;1174
2033;2036;1211
2048;2038;1221
2031;2029;1217
2031;2006;1219
2029;2035;1205
2033;2053;1215
2031;2059;1363
2032;2035;1287
2033;2041;1268
2031;2038;1191
2032;2049;1236
2031;2048;1230
2031;2048;1237
2040;2086;1223
2031;2056;1250
2025;2013;1247
2031;2039;1378
2031;2023;1295
2034;2017;1262
2035;2036;1203
2031;2033;1257
2029;2048;1253
2031;2035;1258
2031;1985;1269
2031;2025;1245
2034;2059;1257
2034;2061;1410
2031;2048;1315
2033;2056;1305
2031;2048;1241
2033;2039;1286
2034;2037;1299
2033;2048;1283
2030;2074;1296
2034;2053;1279
2031;2035;1314
2032;2021;1479
2037;2020;1321
2033;2033;1298
2033;2034;1249
2034;2041;1318
2035;2024;1315
2031;2053;1327
2033;2009;1315
2031;2011;1318
2031;2048;1323
2034;2059;1482
2034;2054;1378
2034;2051;1351
2034;2049;1280
2031;2041;1342
2031;2048;1323
2033;2038;1341
2031;2069;1325
2031;2055;1352
2031;2048;1363
2032;2027;1519
2031;2024;1365
2034;2029;1375
2031;2029;1285
2033;2037;1337
2034;2048;1350
2031;2038;1344
2031;1998;1370
2033;2023;1344
2033;2048;1333
2033;2058;1539
2032;2052;1355
2031;2053;1382
2031;2048;1295
2033;2048;1362
2033;2048;1359
2034;2048;1366
2033;2080;1345
2034;2056;1352
2034;2037;1359
2035;2017;1527
2034;2031;1379
2034;2036;1409
2031;2037;1299
2035;2031;1364
2030;2033;1367
2033;2048;1371
2033;2007;1409
2033;2023;1374
2031;2036;1381
2031;2056;1545
2031;2052;1433
2033;2058;1398
2033;2048;1315
2034;2054;1388
2033;2048;1398
2037;2048;1397
2033;2064;1365
2031;2054;1409
2033;2054;1413
2032;2025;1615
2031;2023;1360
2034;2027;1433
2031;2032;1351
2034;2033;1414
2034;2038;1416
2031;2039;1421
2032;2011;1428
2030;2027;1407
2032;2033;1412
2031;2061;1555
2033;2048;1452
2031;2053;1386
2033;2054;1355
2034;2048;1427
2035;2039;1436
2029;2038;1445
2031;2067;1437
2034;2057;1441
2031;2049;1430
2033;2031;1592
2033;2034;1475
2034;2035;1413
2031;2027;1351
2031;2031;1434
2033;2039;1444
2032;2038;1435
2034;2018;1453
2031;2028;1426
2031;2021;1439
2031;2065;1659
2031;2053;1438
2031;2052;1449
2031;2048;1348
2033;2053;1437
2031;2040;1450
2031;2048;1449
2035;2061;1429
2031;2059;1447
2034;2048;1441
2035;2021;1643
2063;2022;1479
2033;2031;1464
2033;2031;1346
2031;2033;1433
2032;2034;1451
2032;2038;1455
2031;2015;1495
2034;2020;1447
2035;2023;1445
2031;2064;1640
2030;2055;1483
2031;2048;1461
2031;2037;1373
2031;2056;1449
2031;2048;1460
2033;2039;1467
2033;2054;1478
2033;2056;1459
2031;2051;1490
2034;2030;1664
2031;2029;1503
2031;2032;1452
2036;2029;1381
2031;2024;1471
2032;2039;1462
2033;2036;1473
2033;2022;1501
2030;2032;1483
2031;2030;1480
2031;2050;1635
2034;2053;1567
2048;2053;1527
2032;2053;1378
2031;2053;1493
2033;2031;1497
2032;2048;1495
2031;2059;1503
2034;2061;1529
2033;2048;1519
2034;2048;1683
2033;2023;1529
2033;2028;1519
2033;2031;1391
2032;2028;1498
2031;2040;1503
2033;2033;1507
2031;2028;1518
2031;2021;1499
2033;2029;1533
2033;2063;1659
2025;2054;1566
2033;2048;1547
2033;2049;1396
2031;2054;1513
2034;2048;1500
2031;2048;1507
2035;2049;1513
2034;2059;1506
2031;2041;1508
2033;2048;1631
2035;2022;1524
2031;2048;1499
2033;2031;1388
2034;2030;1506
2033;2036;1506
2031;2037;1508
2035;2037;1519
2034;2021;1506
2031;2031;1508
2033;2048;1622
2031;2061;1558
2031;2057;1541
2035;2048;1387
2031;2048;1507
2032;2048;1518
2034;2048;1522
2031;2048;1516
2034;2064;1515
2034;2048;1528
2033;2037;1600
2034;2021;1570
2033;2031;1518
2031;2021;1354
2033;2031;1517
2033;2036;1519
2033;2048;1527
2033;2033;1536
2031;2021;1522
2033;2038;1531
2031;2039;1573
2033;2054;1578
2034;2048;1555
2033;2049;1393
2034;2057;1514
2031;2039;1529
2033;2048;1541
2026;2041;1538
2031;2058;1526
2033;2048;1524
2032;2048;1549
2030;2018;1565
2034;2034;1516
2030;2037;1401
2031;2028;1545
2033;2033;1558
2033;2039;1556
2035;2039;1557
2033;2027;1546
2031;2040;1553
2033;2031;1549
2031;2055;1593
2032;2049;1551
2034;2053;1407
2031;2050;1550
2034;2048;1557
2034;2048;1564
2035;2035;1564
2034;2063;1559
2034;2039;1549
2034;2048;1569
2034;2019;1602
2034;2038;1570
2033;2036;1397
2033;2019;1550
2034;2036;1567
2031;2031;1568
2034;2037;1570
2031;2020;1560
2031;2037;1566
2033;2034;1565
2035;2062;1635
2035;2048;1587
2033;2049;1389
2032;2053;1554
2034;2048;1564
2033;2050;1567
2034;2048;1580
2031;2061;1565
2033;2048;1571
2033;2048;1583
2034;2015;1600
2034;2035;1579
2034;2021;1377
2033;2029;1554
2031;2035;1559
2031;2033;1558
2031;2038;1560
2031;2021;1567
2034;2037;1579
2033;2030;1575
2033;2059;1639
2035;2048;1566
2031;2052;1382
2032;2048;1553
2033;2048;1561
2036;2056;1556
2031;2039;1556
2031;2062;1584
2034;2032;1568
2031;2048;1581
2031;2017;1594
2032;2037;1594
2034;2023;1394
2034;2031;1563
2031;2033;1572
2033;2030;1566
2033;2037;1572
2034;2013;1571
2032;2034;1583
2031;2037;1617
2030;2060;1645
2031;2041;1610
2031;2051;1390
2034;2052;1577
2034;2053;1590
2036;2048;1585
2031;2036;1586
2030;2061;1591
2033;2048;1602
2034;2048;1572
2031;2015;1643
2048;2025;1579
2031;2017;1406
2031;2040;1581
2033;2036;1593
2031;2034;1593
2033;2036;1592
2034;2020;1593
2031;2036;1598
2031;2035;1597
2035;2064;1645
2033;2048;1638
2032;2049;1406
2031;2048;1593
2031;2048;1596
