2025;2039;678
2025;2038;745
2023;2039;752
2025;2036;750
2023;2011;699
2026;2048;714
2026;2034;780
2023;2080;1050
2022;2060;721
2019;2066;245
2025;2049;690
2026;2048;751
2023;2048;761
2025;2049;760
2024;2080;796
2025;2037;738
2025;2059;767
2026;1998;1034
2026;2027;853
2025;2020;287
2026;2039;690
2024;2041;755
2024;2037;766
2026;2048;767
2025;2009;726
2024;2048;750
2024;2048;777
2026;2079;1040
2024;2056;776
2024;2067;332
2026;2048;688
2023;2048;761
2023;2052;768
2025;2053;761
2023;2078;800
2026;2048;746
2024;2050;776
2025;1995;1067
2025;2031;777
2025;2007;462
2026;2039;655
2027;2037;719
2026;2048;757
2025;2048;756
2024;2009;738
2026;2048;679
2023;2048;777
2023;2073;1039
2021;2053;843
2024;2058;414
2023;2048;655
2025;2048;747
2026;2048;751
2027;2048;759
2023;2080;783
2023;2048;755
2025;2038;757
2024;1997;979
2028;2026;842
2025;2008;629
2026;2031;619
2025;2037;740
2023;2035;747
2025;2036;752
2029;1999;709
2025;2041;693
2025;2058;785
2023;2077;1022
2026;2056;811
2023;2058;565
2024;2048;647
2024;2048;744
2018;2048;750
2024;2048;755
2025;2086;784
2025;2048;767
2027;2027;729
2027;1994;1052
2024;2024;837
2026;2008;732
2026;2033;617
2023;2037;757
2024;2037;761
2023;2037;754
2023;1991;729
2025;2033;694
2021;2057;760
2017;2067;1010
2025;2052;850
2023;2065;709
2025;2042;638
2025;2037;759
2023;2048;765
2023;2048;765
2022;2093;827
2024;2048;742
2025;2013;721
2023;1993;1083
2023;2025;850
2024;2013;780
2024;2030;573
2023;2040;743
2023;2037;755
2025;2033;764
2025;1987;789
2023;2031;684
2023;2066;731
2024;2067;1066
2022;2055;829
2017;2065;772
2023;2048;620
2021;2049;748
2023;2040;754
2022;2048;757
2021;2096;829
2029;2049;766
2023;2016;710
2024;2001;1060
2026;2035;850
2024;2035;674
2024;2038;565
2026;2037;739
2023;2039;751
2024;2049;747
2023;1989;761
2023;2038;676
2023;2065;698
2022;2065;1111
2021;2065;849
2025;2061;731
2024;2052;603
2023;2048;743
2022;2048;746
2024;2050;751
2024;2109;801
2023;2053;747
2026;2018;722
2025;2002;1164
2026;2027;833
2024;2021;870
2023;2034;555
2024;2048;736
2023;2048;746
2024;2039;753
2027;1981;776
2023;2034;729
2024;2063;667
2021;2069;1158
2022;2061;847
2023;2057;795
2023;2049;561
2024;2048;751
2025;2048;776
2024;2048;755
2011;2117;849
2024;2057;780
2023;2020;700
2025;2005;1041
2023;2030;913
2028;2034;796
2026;2048;550
2025;2048;745
2025;2048;761
2021;2048;759
2027;1975;765
2024;2036;745
2024;2062;665
2022;2085;1204
2023;2068;910
2025;2050;712
2023;2057;555
2026;2049;756
2026;2048;754
2025;2053;758
2025;2122;831
2023;2065;758
2026;2028;716
2024;2000;1118
2024;2026;848
2025;2034;819
2025;2037;486
2024;2039;737
2024;2048;759
2025;2048;743
2025;1972;795
2025;2029;710
2024;2059;667
2027;2074;1225
2024;2061;876
2025;2065;766
2025;2051;515
2025;2049;743
2026;2048;752
2027;2051;752
2024;2119;810
2026;2068;744
2027;2029;712
2026;1995;1186
2025;2019;911
2027;2037;823
2020;2039;434
2026;2048;735
2024;2048;748
2026;2048;757
2025;1971;799
2025;2026;703
2026;2052;693
2025;2079;1229
2027;2064;749
2027;2063;775
2023;2051;519
2022;2049;757
2019;2048;768
2026;2050;761
2023;2131;863
2023;2069;792
2024;2048;756
2026;2013;1209
2029;2036;880
2026;2026;809
2024;2035;445
2027;2048;741
2028;2048;757
2031;2048;756
2025;1972;858
2025;2019;727
2024;2048;709
2022;2086;1164
2027;2070;846
2023;2058;872
2025;2050;470
2025;2049;757
2027;2049;764
2025;2052;752
2026;2135;836
2025;2067;773
2026;2048;765
2027;2006;1180
2025;2027;886
2024;2033;793
2026;2034;422
2025;2048;726
2026;2041;748
2027;2048;747
2027;1965;821
2025;2013;783
2025;2025;716
2023;2087;1216
2027;2050;956
2024;2060;806
2026;2050;403
2025;2048;743
2028;2050;754
2024;2049;754
2025;2139;865
2026;2074;787
2027;2057;784
2027;2014;1181
2021;2027;844
2026;2023;821
2025;2031;365
2027;2039;731
2026;2039;753
2025;2039;758
2029;1971;805
2027;2011;793
2027;2031;780
2024;2088;1231
2025;2055;873
2024;2054;754
2021;2050;398
2024;2051;750
2026;2049;763
2025;2033;759
2023;2134;837
2026;2076;768
2025;2060;763
2026;2021;1189
2027;2027;913
2024;2035;721
2025;2035;330
2027;2036;740
2026;2039;757
2025;2048;761
2026;1963;818
2025;2007;767
2026;2025;735
2024;2085;1251
2023;2065;943
2026;2054;802
2024;2048;352
2025;2053;735
2026;2049;771
2026;2049;767
2024;2135;867
2025;2077;795
2030;2059;786
2027;2026;1268
2027;2017;926
2027;2037;771
2025;2028;241
2026;2035;726
2026;2039;759
2025;2048;759
2027;1951;882
2025;2018;768
2026;2007;772
2026;2088;1260
2029;2059;943
2024;2061;773
2026;2048;278
2027;2051;746
2029;2052;760
2027;2051;764
2025;2127;861
2025;2069;783
2025;2069;812
2024;2039;1183
2027;2022;982
2025;2030;744
2026;2033;192
2024;2035;721
2026;2037;765
2026;2048;758
2023;1972;852
2026;2013;782
2027;2023;835
2025;2077;1147
2025;2063;1003
2025;2061;815
2025;2048;169
2024;2050;738
2026;2048;763
2027;2048;762
2025;2128;845
2025;2075;794
2026;2060;775
2026;2048;1129
2030;2023;894
2027;2030;809
2029;2033;116
2024;2036;727
2025;2036;751
2026;2039;757
2025;1971;864
2026;2019;777
2025;2023;769
2026;2070;1073
2023;2065;902
2025;2056;835
2026;2049;137
2026;2053;731
2009;2049;751
2026;2048;763
2026;2125;847
2026;2071;794
2025;2068;777
2026;2048;981
2027;2023;949
2027;2033;751
2026;2029;100
2028;2035;715
2035;2037;749
2027;2048;754
2027;1967;857
2025;2013;750
2026;2025;822
2019;2062;940
2027;2066;923
2025;2057;848
2027;2048;113
2027;2053;719
2026;2049;752
2024;2052;766
2024;2115;858
2026;2069;759
2027;2057;764
2027;2058;852
2026;2008;921
2026;2026;853
2026;2033;64
2025;2037;719
2025;2039;760
2026;2037;757
2026;1985;921
2023;2010;741
2024;2031;806
2025;2048;916
2019;2075;962
2025;2062;797
2026;2054;59
2024;2048;716
2024;2051;775
2027;2048;772
2024;2115;866
2030;2074;784
2024;2068;789
2026;2055;802
2026;2005;995
2027;2041;899
2025;2024;43
2026;2048;713
2027;2048;756
2026;2037;761
2027;1991;856
2024;2011;742
2024;2037;802
2026;2031;831
2026;2075;963
2023;2057;877
2026;2053;48
2023;2059;726
2025;2060;758
2026;2048;765
2025;2106;835
2024;2073;777
2025;2055;782
2024;2059;807
2026;2005;975
2026;2025;841
2028;2027;72
2025;2038;701
2025;2037;753
2025;2033;748
2035;1997;895
2025;2014;741
2024;2037;749
2025;2031;771
2031;2066;943
2027;2048;843
2026;2061;58
2026;2048;696
2023;2048;748
2025;2048;752
2025;2089;808
2025;2077;807
2027;2054;768
2025;2058;790
2026;2005;944
2027;2033;877
2025;2027;90
2027;2037;683
2025;2037;747
2025;2048;752
2027;1997;838
2026;2011;730
2026;2036;756
2026;2028;764
2020;2080;1041
2019;2049;826
2026;2059;72
2027;2040;696
2026;2048;751
2023;2049;765
2025;2072;816
2025;2069;804
2024;2053;773
2026;2064;783
2026;2007;1009
2027;2016;833
2027;2021;122
2026;2048;707
2026;2037;753
2025;2038;757
2029;2026;869
2026;1997;785
2027;2035;730
2026;2034;862
2024;2081;1026
2026;2062;804
2025;2061;121
2027;2051;693
2025;2051;769
2023;2049;768
2026;2059;767
2026;2071;766
2026;2048;748
2025;2057;782
2013;2009;962
2026;2031;895
2024;2015;161
2023;2039;668
2026;2048;748
2027;2039;750
2027;2028;816
2023;2001;714
2024;2052;747
2026;2031;831
2025;2085;1027
2024;2048;852
2026;2062;169
2025;2049;670
2025;2059;749
2025;2055;754
2025;2051;764
2026;2060;795
2021;2035;770
2028;2065;778
2031;2003;1063
2027;2026;829
2025;2007;273
2026;2038;637
2026;2035;758
2026;2041;752
2026;2038;762
2025;2007;774
2026;2034;745
2025;2038;785
2023;2075;1040
2023;2065;936
2025;2065;217
2026;2035;653
2027;2056;754
2024;2050;766
2021;2048;753
2026;2076;810
2025;2035;726
2026;2063;785
2027;2012;1030
2023;2027;838
2026;2009;350
2028;2048;662
2026;2025;758
2025;2033;759
2026;2048;759
2027;2002;737
2025;2048;723
2024;2049;824
2025;2078;1034
2024;2058;860
2025;2063;311
2026;2050;626
2024;2051;765
2027;2056;765
2023;2048;771
2025;2076;796
2026;2050;748
2025;2048;780
2027;1995;1079
2026;2031;909
2027;2012;476
2026;2048;603
2025;2048;758
2026;2039;772
2025;2038;753
2026;2005;774
2023;2048;730
2024;2054;813
2024;2075;1058
2026;2060;948
2022;2069;525
2023;2048;612
2025;2048;755
2024;2050;766
2026;2048;758
2024;2083;799
2026;2048;755
2028;2034;758
2026;2013;1125
2029;2035;863
2029;2021;635
2025;2033;587
2025;2030;748
2018;2048;760
2025;2048;759
2048;2002;772
2025;2048;732
2024;2057;760
2025;2065;1186
2024;2056;883
2025;2061;659
2025;2053;588
2024;2051;749
2026;2048;754
2025;2048;766
2024;2085;815
2027;2053;729
2025;2025;750
2022;1996;993
2027;2026;920
2028;2021;696
2023;2037;558
2025;2048;744
2026;2048;751
2029;2035;761
2025;1989;748
2027;2039;722
2025;2065;709
2024;2071;1131
2024;2057;863
2027;2061;738
2024;2049;574
2026;2053;764
2025;2048;761
2024;2048;766
2025;2093;827
2023;2054;776
2025;2027;712
2023;1996;1209
2026;2030;927
2025;2015;804
2025;2048;459
2025;2048;747
2031;2048;767
2024;2036;771
2025;2003;785
2025;2030;694
2025;2054;676
2023;2069;1211
2029;2070;892
2030;2063;814
2025;2048;454
2024;2048;759
2026;2057;773
2035;2048;769
2025;2093;832
2026;2052;772
2026;2017;699
2025;2012;1181
2025;2025;938
2027;2025;852
2026;2038;433
2023;2035;725
2024;2048;765
2030;2048;769
2025;1988;768
2025;2028;707
2026;2066;667
2025;2072;1297
2023;2063;894
2021;2063;772
2023;2048;444
2021;2041;741
2025;2048;759
2026;2056;760
2024;2107;829
2025;2048;762
2026;2018;698
2048;2004;1254
2048;2031;932
2026;2041;877
2026;2029;373
2025;2033;732
2025;2048;755
2025;2048;749
2025;1986;781
2025;2030;755
2024;2059;650
2023;2077;1239
2024;2062;960
2024;2053;839
2023;2048;322
2027;2041;739
2024;2048;756
2026;2049;747
2023;2103;794
2024;2048;713
2026;2024;728
2027;2011;1172
2025;2034;893
2023;2028;803
2022;2024;350
2020;2048;734
2021;2048;759
2023;2048;759
2023;1989;790
2031;2029;730
2023;2056;697
2025;2069;1303
2023;2057;906
2023;2064;871
2024;2048;377
2024;2048;748
2025;2048;763
2023;2049;769
2024;2122;861
2023;2059;775
2027;2030;728
2026;2012;1292
2024;2015;931
2021;2053;762
2026;2034;303
2024;2036;733
2026;2039;761
2024;2048;762
2023;1985;823
2023;2018;715
2024;2041;677
2024;2077;1364
2025;2061;927
2024;2067;834
2025;2037;301
2027;2039;734
2025;2048;762
2024;2035;748
2023;2110;879
2024;2069;788
2026;2037;740
2026;2008;1234
2024;2016;914
2027;2039;826
2025;2036;258
2026;2039;723
2025;2034;744
2026;2038;754
2026;1980;804
2023;2015;726
2024;2048;662
2017;2081;1360
2025;2060;911
2026;2061;855
2024;2039;280
2025;2048;740
2025;2048;763
2024;2048;768
2024;2118;882
2022;2064;774
2026;2048;741
2025;2015;1222
2026;2029;944
2027;2034;819
2025;2031;256
2026;2048;741
2025;2048;762
2024;2039;766
2023;1977;843
2023;2023;719
2023;2038;733
2024;2068;1325
2024;2056;931
2022;2061;825
2026;2048;276
2023;2056;738
2024;2048;763
2024;2050;766
2023;2117;909
2025;2069;779
2025;2052;770
2023;2029;1285
2024;2028;905
2024;2035;858
2026;2025;243
2025;2026;719
2024;2048;755
2025;2039;746
2025;1977;817
2025;2022;736
2023;2027;715
2025;2081;1243
2021;2048;959
2024;2058;877
2024;2051;190
2025;2049;729
2023;2034;746
2023;2039;754
2022;2126;858
2024;2072;795
2025;2053;793
2024;2015;1217
2027;2023;909
2025;2027;806
2026;2031;190
2023;2036;727
2025;2048;756
2023;2051;755
2022;1969;808
2024;2005;733
2025;2026;722
2022;2069;1326
2021;2055;989
2024;2055;802
2023;2049;171
2024;2050;738
2024;2048;761
2023;2041;770
2023;2125;921
2024;2069;788
2024;2061;788
2025;2027;1306
2023;2017;913
2023;2022;885
2025;2048;172
2024;2035;728
2026;2032;745
2023;2034;758
2025;1977;797
2023;2014;801
2023;2030;728
2026;2078;1364
2021;2051;900
2024;2048;856
2025;2049;137
2023;2051;719
2024;2042;752
2023;2039;751
2015;2127;873
2025;2085;769
2024;2073;780
2027;2018;1162
2026;2021;1004
2025;2030;847
2026;2031;69
2026;2035;710
2026;2039;744
2023;2038;757
2026;1977;836
2023;2015;774
2026;2023;744
2026;2075;1323
2024;2057;967
2025;2055;874
2024;2048;65
2023;2063;730
2025;2048;760
2024;2048;769
2025;2124;915
2023;2082;817
2023;2066;805
2026;2026;1222
2026;2013;924
2024;2030;829
2024;2031;106
2024;2034;723
2021;2037;761
2025;2041;763
2024;2001;907
2021;2013;818
2025;2019;808
2026;2065;1281
2022;2062;966
2023;2053;835
2025;2032;75
2025;2048;722
2024;2048;757
2020;2052;761
2021;2111;858
2023;2066;789
2023;2059;778
2025;2035;1178
2023;2019;911
2026;2032;889
2023;2031;62
2024;2041;719
2024;2039;744
2025;2029;749
2024;1966;837
2021;2021;755
2023;2023;777
2023;2057;1183
2024;2058;1047
2033;2048;826
2023;2050;28
2024;2059;707
2025;2048;753
2023;2037;761
2023;2104;901
2023;2074;809
2026;2058;769
2022;2039;1059
2029;2007;933
2026;2011;932
2024;2027;48
2024;2031;710
2024;2036;759
2025;2036;767
2024;1993;830
2025;2015;764
2025;2029;755
2025;2049;1071
2024;2056;963
2025;2057;879
2024;2048;26
2025;2048;721
2025;2050;765
2022;2048;769
2025;2096;896
2024;2066;811
2023;2058;791
2024;2048;1038
2024;2008;957
2027;2029;857
2024;2027;34
2025;2030;716
2024;2026;759
2025;2048;763
2025;2002;887
2029;1999;715
2024;2026;830
2021;2048;910
2024;2056;977
2022;2048;777
2024;2048;31
2025;2052;698
2023;2048;751
2025;2040;753
2026;2088;898
2025;2067;805
2026;2053;771
2026;2041;881
2023;2017;1000
2024;2030;866
2026;2016;34
2024;2023;687
2021;2034;753
2023;2037;755
2025;2001;829
2024;2015;767
2023;2034;730
2023;2019;871
2023;2060;1058
2022;2049;829
2023;2048;38
2024;2048;687
2023;2048;753
2025;2041;762
2022;2087;890
2023;2070;791
2024;2056;787
2024;2049;851
2025;2008;1005
2024;2019;844
2022;2026;54
2024;2035;695
2024;2035;759
2023;2036;759
2022;1992;915
2025;2006;743
2023;2035;837
2026;2031;840
2021;2068;1061
2023;2051;810
2024;2049;47
2025;2048;690
2023;2052;766
2022;2051;759
2024;2073;863
2025;2063;786
2026;2049;781
2025;2051;789
2023;2001;953
2025;2031;836
2025;2018;50
2025;2028;698
2027;2031;751
2024;2034;753
2027;2032;871
2025;2010;787
2025;2030;749
2025;2029;834
2021;2070;991
2024;2048;852
2024;2048;59
2025;2052;677
2025;2048;742
2023;2041;751
2022;2070;832
2026;2080;754
2023;2054;755
2025;2039;804
2025;2000;993
2024;2021;835
2025;2020;85
2024;2034;657
2026;2037;747
2025;2034;756
2025;2017;858
2023;2010;736
2024;2032;788
2023;2023;797
2025;2073;1021
2022;2055;875
2023;2057;70
2024;2039;670
2024;2048;751
2025;2048;756
2030;2071;849
2021;2072;777
2025;2034;772
2026;2053;813
2026;2003;1014
2027;2034;851
2026;2010;129
2023;2039;680
2026;2035;755
2025;2036;758
2026;2027;805
2023;2024;771
2025;2048;761
2024;2025;798
2026;2068;1039
2024;2055;858
2024;2050;118
2023;2039;691
2024;2039;761
2023;2058;761
2024;2055;786
2021;2069;794
2022;2036;775
2025;2060;799
2031;2013;1086
2023;2013;890
2025;2005;157
2023;2035;663
2026;2048;742
2024;2037;754
2025;2030;781
2024;2005;767
2024;2039;723
2025;2039;833
2028;2075;1038
2020;2052;861
2024;2054;167
2026;2048;667
2024;2048;752
2023;2058;750
2025;2038;759
2025;2070;776
2025;2039;748
2025;2036;782
2027;2001;990
2030;2031;819
2025;2008;238
2024;2027;644
2025;2048;741
2022;2048;750
2024;2039;741
2024;1993;711
2022;2036;716
2023;2040;835
2023;2077;1100
2023;2058;802
2024;2066;252
2025;2048;665
2023;2032;747
2025;2037;749
2024;2048;760
2023;2070;759
2025;2039;725
2023;2035;742
2025;1991;1063
2026;2018;887
2027;2000;394
2025;2036;629
2024;2035;751
2026;2025;753
2024;2048;756
2024;1994;747
2024;2048;715
2023;2050;801
2025;2095;1139
2024;2049;831
2024;2069;320
2025;2055;653
2023;2055;757
2024;2048;763
2024;2059;769
2023;2073;806
2025;2027;717
2019;2048;755
2026;1967;1082
2026;2013;921
2024;1997;540
2025;2030;631
2027;2048;757
2024;2036;759
2026;2037;766
2031;1984;731
2023;2035;745
2027;2056;772
2023;2087;1111
2026;2063;871
2033;2071;539
2024;2062;648
2026;2037;758
2025;2037;757
2027;2037;754
2025;2086;771
2026;2035;742
2027;2029;730
2027;1978;1141
2026;2020;847
2025;2004;659
2023;2033;606
2022;2048;742
2025;2025;751
2025;2048;751
2027;1982;765
2023;2031;694
2023;2066;795
2024;2073;1082
2025;2067;864
2025;2067;627
2023;2039;628
2027;2048;748
2026;2049;757
2026;2048;759
2024;2087;812
2025;2035;759
2023;2021;755
2025;1991;1075
2027;2009;834
2025;1993;673
2031;2048;548
2026;2055;752
2026;2024;764
2027;2033;763
2024;1982;723
2023;2048;723
2025;2066;706
2029;2093;1147
2027;2052;922
2025;2056;746
2026;2048;596
2026;2036;759
2024;2048;772
2025;2057;767
2025;2121;806
2025;2026;741
2032;1996;735
2027;1989;1103
2026;2033;846
2017;1997;772
2025;2021;576
2024;2049;754
2023;2048;761
2024;2036;751
2025;1965;769
2026;2040;687
2023;2071;693
2023;2090;1234
2024;2054;909
2024;2073;823
2025;2058;543
2024;2037;754
2025;2039;761
2024;2073;760
2025;2112;799
2027;2052;744
2025;1991;690
2026;1978;1146
2029;2020;893
2024;2026;838
2023;2020;398
2024;2048;732
2025;2034;752
2025;2039;754
2025;1951;776
2026;2023;690
2023;2072;695
2023;2063;1131
2026;2066;849
2024;2050;881
2024;2048;462
2023;2048;736
2023;2054;752
2015;2037;750
2025;2100;788
2023;2051;759
2026;2014;691
2026;1974;1226
2025;2010;809
2027;2022;863
2025;2033;454
2025;2049;725
2025;2058;753
2024;2027;750
2023;1957;795
2026;2032;693
2024;2062;681
2027;2081;1208
2025;2060;889
2025;2069;763
2025;2048;508
2023;2034;739
2024;2048;755
2023;2049;750
2025;2118;813
2021;2048;754
2030;2006;687
2025;2002;1161
2029;1996;793
2025;2019;800
2023;2048;462
2027;2029;736
2025;2034;749
2027;2048;763
2026;1969;774
2025;2010;703
2025;2055;654
2021;2090;1178
2026;2066;931
2023;2054;819
2025;2048;434
2025;2048;747
2020;2040;760
2027;2040;762
2024;2134;843
2025;2058;753
2026;2014;700
2027;1986;1100
2025;2015;934
2023;2027;804
2025;2031;455
2027;2048;741
2024;2039;753
2025;2051;755
2026;1954;769
2025;1997;705
2024;2048;688
2024;2081;1199
2023;2076;934
2024;2063;814
2025;2053;459
2024;2034;742
2025;2048;749
2023;2050;755
2025;2120;839
2025;2059;750
2025;2023;742
2025;2001;1175
2023;2013;878
2025;2027;845
2025;2033;440
2026;2037;732
2024;2029;748
2024;2036;743
2025;1941;779
2025;2013;711
2025;2048;699
2023;2087;1193
2025;2063;920
2024;2050;830
2026;2051;423
2020;2048;744
2024;2048;759
2025;2050;761
2023;2140;872
2025;2067;808
2031;2029;771
2025;1996;1175
2035;2010;834
2025;2029;790
2024;2029;425
2025;2037;740
2025;2034;760
2025;2039;761
2030;1944;794
2023;2018;777
2025;2048;694
2025;2078;1207
2024;2053;884
2023;2058;828
2026;2054;369
2023;2041;741
2025;2041;754
2024;2048;760
2023;2157;860
2025;2041;777
2024;2054;758
2027;2002;1211
2029;2007;887
2026;2027;850
2026;2021;347
2026;2036;725
2030;2035;742
2025;2039;746
2030;1932;791
2023;2007;752
2027;2031;703
2025;2097;1253
2025;2064;895
2023;2055;831
2023;2048;376
2025;2037;740
2022;2051;761
2024;2051;757
2025;2138;841
2024;2067;804
2026;2073;785
2025;1983;1218
2027;2003;889
2027;2027;849
2027;2029;286
2026;2036;734
2024;2035;769
2027;2038;757
2026;1947;847
2026;2013;768
2024;2023;734
2022;2096;1228
2026;2049;891
2026;2066;843
2025;2048;267
2025;2048;743
2024;2053;763
2025;2048;765
2025;2150;890
2028;2080;814
2025;2068;795
2026;1996;1209
2025;2011;854
2025;2025;833
2025;2029;241
2025;2033;726
2025;2035;755
2024;2048;752
2026;1938;876
2023;2008;713
2025;2020;756
2025;2080;1139
2027;2067;945
2025;2058;774
2025;2057;287
2025;2039;727
2021;2029;752
2026;2048;758
2025;2163;883
2025;2076;794
2027;2067;791
2025;2018;1270
2023;2010;866
2024;2019;799
2025;2027;273
2025;2036;719
2026;2031;740
2024;2035;747
2023;1946;791
2025;2006;787
2024;2026;754
2023;2071;1290
2027;2067;1018
2024;2067;800
2025;2050;191
2024;2048;741
2024;2048;750
2025;2048;751
2026;2153;907
2025;2082;792
2027;2067;789
2026;2025;1222
2026;1991;919
2026;2024;877
2025;2027;178
2023;2029;729
2026;2048;754
2020;2038;755
2026;1945;825
2025;2011;704
2025;2017;748
2026;2084;1147
2027;2057;991
2025;2065;851
2023;2052;173
2024;2055;738
2027;2048;764
2025;2041;765
2023;2152;867
2025;2089;809
2024;2068;775
2026;2039;1188
2027;2007;875
2027;2028;840
2024;2031;178
2025;2035;731
2025;2037;759
2025;2031;754
2025;1944;850
2027;2003;798
2026;2027;757
2023;2091;1141
2024;2058;982
2024;2048;844
2022;2049;124
2023;2052;737
2025;2048;761
2018;2049;761
2023;2138;881
2026;2080;773
2025;2061;791
2026;2048;1056
2026;2015;931
2026;2035;778
2026;2031;109
2004;2027;716
2026;2026;752
2025;2033;724
2026;1953;854
2026;2006;773
2024;2025;769
2026;2065;1088
2023;2065;982
2025;2058;845
2025;2041;96
2025;2051;723
2023;2048;756
2025;2048;754
2025;2139;852
2026;2075;786
2026;2070;768
2028;2041;983
2025;1997;963
2026;2031;840
2025;2034;77
2026;2036;725
2026;2038;759
2026;2034;754
2025;1955;876
2025;2011;739
2025;2025;751
2024;2048;920
2027;2071;966
2023;2061;851
2024;2048;109
2023;2051;737
2026;2048;770
2027;2048;767
2023;2139;904
2025;2083;810
2024;2061;790
2026;2054;876
2029;2005;842
2024;2025;747
2027;2019;95
2026;2038;725
2012;2039;764
2025;2036;762
2027;1974;823
2024;2009;804
2026;2031;751
2022;2039;863
2027;2068;991
2023;2061;866
2020;2054;38
2024;2058;722
2025;2050;765
2024;2048;767
2023;2117;855
2025;2084;819
2026;2057;775
2027;2061;786
2027;1999;912
2026;2021;790
2027;2022;54
2026;2033;720
2026;2036;754
2025;2037;748
2025;1973;831
2025;2005;750
2025;2048;768
2023;2029;814
2023;2080;1012
2026;2062;842
2024;2060;51
2023;2050;700
2026;2056;760
2025;2040;759
2023;2107;861
2024;2084;781
2027;2053;737
2027;2062;804
2026;1995;928
2025;2027;838
2024;2015;69
2026;2033;714
2027;2036;756
2026;2033;763
2027;2004;857
2025;2009;746
2026;2048;739
2027;2024;790
2025;2081;937
2027;2060;907
2025;2060;74
2024;2048;715
2027;2053;765
2023;2056;756
2025;2101;847
2025;2083;805
2025;2048;764
2027;2061;786
2026;1993;926
2025;2025;828
2026;2015;83
2026;2034;695
2027;2035;757
2025;2036;759
2024;1999;821
2025;2008;758
2025;2031;751
2026;2033;778
2026;2085;1068
2025;2065;809
2024;2053;85
2025;2048;660
2024;2048;748
2025;2051;749
2025;2110;846
2026;2077;783
2025;2053;745
2026;2057;870
2025;1978;894
2025;2018;864
2025;2011;142
2026;2033;663
2025;2036;752
2025;2027;751
2026;2015;805
2029;2010;713
2026;2082;718
2024;2029;822
2026;2067;944
2025;2048;787
2025;2062;116
2023;2049;655
2025;2050;749
2025;2040;774
2023;2079;791
2025;2092;785
2025;2048;731
2026;2058;787
2025;1983;938
2024;2021;919
2026;1998;174
2027;2028;650
2024;2048;762
2025;2031;764
2025;2027;788
2028;2007;712
2024;2048;720
2026;2033;818
2025;2088;994
2025;2060;820
2025;2065;198
2026;2048;679
2025;2048;765
2026;2054;764
2025;2057;753
2025;2084;804
2025;2048;757
2027;2050;779
2029;1991;1117
2027;2021;773
2026;1994;239
2025;2035;673
2025;2039;756
2026;2055;767
2024;2035;759
2025;2004;719
2027;2037;697
2024;2037;783
2028;2093;1034
2025;2062;883
2025;2067;253
2027;2048;686
2023;2048;753
2026;2048;762
2026;2048;755
2026;2087;781
2026;2037;738
2025;2048;783
2026;1989;1017
2026;2027;846
2027;1981;442
2031;2037;665
2027;2048;757
2027;2035;754
2027;2041;758
2026;1994;733
2023;2051;692
2025;2066;800
2021;2089;1030
2023;2063;855
2025;2068;384
2025;2048;691
2026;2048;768
2026;2051;771
2025;2048;771
2024;2093;791
2023;2048;758
2023;2029;753
2028;1985;998
2027;2018;852
2027;1998;492
2025;2048;667
2024;2039;766
2026;2037;764
2026;2039;765
2026;1995;777
2023;2048;697
2026;2059;777
2024;2095;986
2024;2057;911
2026;2064;471
2026;2050;674
2026;2051;759
2026;2048;772
2026;2056;762
2024;2097;802
2023;2034;727
2024;2025;729
2025;1983;1029
2024;2017;861
2027;2003;642
2025;2029;615
2024;2048;746
2026;2039;758
2025;2035;762
2025;1979;714
2024;2038;692
2027;2065;779
2026;2082;1090
2023;2060;824
2024;2071;754
2026;2053;637
2026;2041;753
2025;2048;759
2025;2056;760
2025;2093;785
2027;2031;743
2026;2019;744
2026;1984;1013
2025;2017;873
2026;2011;789
2025;2031;638
2026;2041;750
2027;2036;763
2025;2034;765
2027;1978;770
2027;2048;730
2025;2071;736
2024;2088;1154
2026;2060;851
2027;2059;820
2025;2048;643
2025;2048;765
2028;2048;773
2026;2048;775
2025;2093;800
2026;2048;747
2025;1999;717
2025;1987;1007
2025;2016;780
2029;2015;820
2027;2033;624
2026;2048;756
2027;2039;759
2026;2041;754
2026;1973;755
2027;2037;751
2027;2074;738
2026;2084;1135
2025;2059;835
2024;2065;739
2026;2048;631
2025;2037;752
2025;2040;759
2026;2053;771
2026;2119;804
2029;2048;729
2026;2015;704
2026;1989;1099
2025;2009;875
2031;2017;811
2026;2038;579
2024;2048;753
2025;2034;755
2026;2041;753
2029;1984;789
2025;2035;733
2024;2069;680
