2037;2039;2097
2036;2051;2041
2037;2048;2055
2035;2048;2029
2034;2048;2036
2036;2031;2077
2036;2048;2059
2035;2048;2048
2036;2052;1998
2033;2048;2025
2035;2048;2095
2035;2048;2064
2036;2048;2039
2035;2048;2057
2035;2048;2037
2037;2055;1983
2036;2048;2070
2036;2048;2069
2034;2037;2110
2037;2048;2112
2037;2048;2101
2048;2048;2029
2037;2048;2069
2035;2048;2040
2037;2048;2040
2035;2035;2075
2035;2048;2034
2036;2048;2008
2038;2052;2013
2037;2048;2049
2037;2048;2037
2036;2048;2013
2036;2048;2018
2035;2048;2054
2039;2048;2034
2036;2050;2065
2035;2048;2069
2037;2048;2055
2039;2039;2051
2038;2048;1962
2037;2048;2024
2037;2048;2077
2036;2048;2056
2037;2041;2040
2037;2048;2023
2037;2035;2082
2036;2048;2027
2036;2042;2035
2034;2052;2049
2038;2048;2033
2040;2048;1995
2039;2048;2008
2032;2048;2034
2037;2048;2007
2037;2048;2053
2037;2048;1997
2034;2048;2025
2037;2048;1989
2039;2048;2003
2039;2001;2019
2037;2075;2048
2038;2048;2016
2038;2039;2037
2039;2048;2030
2036;2048;1999
2034;2037;2074
2036;2041;2015
2038;2039;2023
2031;2051;2031
2037;2048;1971
2036;2048;2003
2038;2048;2034
2038;2048;2048
2037;2048;2037
2038;2048;2023
2037;2048;2022
2038;2037;2041
2036;2048;2052
2038;2039;2055
2037;2035;2027
2037;2048;2031
2037;2048;2028
2039;2048;2048
2037;2048;2029
2037;2048;2036
2039;2039;2048
2038;2048;2055
2037;2041;2048
2031;2049;2013
2037;2050;2057
2037;2048;2065
2037;2048;2010
2036;2048;2021
2038;2048;2031
2037;2048;2031
2039;2048;2019
2039;2048;2025
2039;2048;1998
2038;2037;2039
2037;2037;2001
2036;2048;2008
2037;2048;2029
2039;2048;2030
2040;2048;2007
2039;2048;2007
2037;2048;2009
2039;2048;2031
2039;2048;2012
2037;2059;2048
2038;2048;2057
2037;2048;2048
2037;2048;2029
2036;2048;2071
2037;2048;2038
2038;2048;2048
2037;2048;2066
2037;2049;2023
2041;2041;2048
2038;2048;2068
2038;2048;2016
2037;2048;1987
2037;2048;2001
2037;2048;2033
2038;2048;2289
2036;2048;2041
2038;2039;2034
2038;2048;2066
2039;2041;2033
2039;2037;2031
2037;2048;2058
2037;2041;2037
2038;2041;2037
2035;2048;1994
2035;2048;2036
2034;2048;2005
2035;2048;2020
2037;2039;2048
2036;2040;2019
2037;2048;2048
2038;2031;2056
2035;2048;1997
2031;2037;2048
2036;2039;2075
2036;2048;2048
2039;2048;2024
2040;2048;2017
2036;2048;2035
2035;2048;2058
2035;2037;2095
2037;2048;2023
2036;2048;2086
2035;2048;2087
2035;2048;2069
2036;2040;2060
2036;2048;2103
2035;2040;2130
2035;2048;2069
2036;2048;2070
2051;2048;2155
2035;2036;2060
2036;2038;2048
2033;2037;2078
2034;2040;2038
2035;2039;2038
2034;2038;2038
2035;2039;2001
2033;2034;1792
2034;2048;2018
2034;2034;2026
2034;2039;2013
2028;2040;2011
2035;2048;1997
2034;2048;2011
2035;2048;2005
2035;2048;2002
2034;2048;2053
2054;2048;2048
2035;2039;2048
2035;2048;2023
2034;2033;2067
2025;2048;1994
2033;2031;2048
2030;2040;2022
2031;2048;2065
2033;2048;2022
2031;2048;2077
2033;2033;2103
2031;2048;2005
2033;2036;2027
2037;2048;2053
2031;2039;2021
2031;2048;2004
2027;2039;2048
2034;2039;2031
2031;2039;2037
2034;2037;2003
2033;2040;1994
2033;2036;2017
2031;2041;2068
2032;2032;2020
2032;2048;1981
2033;2032;2011
2033;2048;1993
2035;2040;2053
2033;2039;2048
2034;2039;2041
2035;2037;2079
2031;2039;2032
2031;2038;2056
2032;2048;2050
2032;2038;2082
2031;2048;2041
2031;2054;2048
2031;2034;2035
2034;2048;2068
2031;2048;2053
2031;2048;2111
2031;2035;2074
2031;2035;2031
2032;2033;2064
2035;2035;1981
2032;2037;2041
2033;2039;2048
2031;2048;2012
2033;2039;2048
2033;2040;2030
2031;2037;2029
2034;2042;2007
2031;2040;2037
2031;2048;2015
2027;2042;2053
2034;2048;1976
2031;2048;2029
2031;2037;2005
2031;2048;2030
2031;2052;2018
2031;2048;2048
2031;2037;2033
2031;2035;2048
2033;2031;2040
2031;2039;2029
2031;2035;2065
2031;2048;2038
2031;2039;2029
2031;2039;2022
2031;2039;2023
2031;2037;2025
2033;2049;1988
2032;2048;2010
2029;2048;2013
2030;2048;2048
2031;2041;2062
2034;2048;1981
2031;2037;2003
2033;2048;1975
2034;2048;2021
2033;2048;1997
2031;2038;2031
2031;2032;2048
2028;2033;2067
2033;2037;2005
2033;2034;2059
2031;2048;2048
2033;2040;2048
2031;2048;2025
2031;2036;2048
2032;2033;2112
2031;2048;2081
2031;2048;1995
2031;2048;2107
2031;2048;2048
2031;2048;2017
2031;2048;2078
2031;2038;2026
2031;2039;2005
2031;2048;2001
2031;2048;2002
2031;2039;2020
2031;2027;2017
2033;2035;2036
2031;2048;1979
2033;2039;2053
2031;2039;2012
2031;2048;2002
2032;2039;2048
2033;2039;2030
2031;2036;2023
2031;2048;2062
2030;2049;2069
2031;2049;2023
2031;2048;2027
2069;2039;2003
2031;2048;2088
2033;2039;2110
2029;2037;2030
2031;2038;2048
2033;2048;2003
2032;2041;2041
2030;2035;2057
2031;2037;2011
2031;2050;2035
2031;2038;2025
2030;2048;2009
2031;2039;2002
2030;2041;1997
2030;2041;2037
2031;2026;2023
2029;2037;2026
2031;2048;2018
2031;2048;2005
2031;2037;1974
2030;2039;2040
2031;2048;2033
2031;2039;2041
2031;2037;2034
2034;2048;2059
2033;2051;2014
2034;2039;2008
2033;2037;2080
2034;2035;2005
2033;2048;2061
2032;2041;2099
2031;2040;2059
2032;2040;2024
2033;2041;2123
2031;2039;2081
2032;2027;2123
2031;2033;2073
2031;2048;2024
2035;2048;2048
2033;2041;1998
2031;2048;2015
2031;2039;2035
2025;2039;2039
2033;2039;2048
2033;2048;2052
2031;2051;1998
2031;2048;2037
2031;2061;2052
2032;2037;2049
2033;2041;1987
2033;2041;2065
2033;2039;2023
2031;2040;2002
2034;2042;2015
2032;2048;1995
2035;2029;2063
2027;2037;2027
2031;2041;2048
2033;2049;2011
2031;2048;2009
2031;2048;2028
2031;2038;2099
2033;2048;2048
2031;2041;2107
2031;2039;2132
2031;2052;2013
2031;2048;2069
2031;2048;2066
2033;2037;2010
2031;2048;1999
2031;2039;2035
2031;2048;2013
2029;2036;1986
2031;2048;2009
2034;2040;2021
2032;2030;2034
2031;2031;1988
2029;2041;2030
2031;2048;2015
2031;2039;2040
2032;2039;2013
2033;2040;2061
2031;2040;2048
2030;2048;2048
2031;2048;2048
2031;2048;2010
2033;2048;2037
2037;2048;2011
2034;2048;2059
2031;2048;2021
2034;2048;2010
2031;2048;2051
2031;2038;2019
2031;2039;2018
2031;2048;2025
2034;2036;2033
2030;2039;2036
2035;2038;2014
2035;2049;2022
2033;2039;2053
2031;2048;2003
2031;2048;2083
2031;2048;2034
2031;2041;1987
2033;2048;2026
2031;2041;2009
2031;2048;2049
2031;2052;1982
2031;2037;2056
2033;2038;2005
2031;2038;2119
2031;2039;2002
2032;2036;2034
2031;2039;2033
2034;2039;2027
2031;2038;2051
2033;2040;2036
2031;2048;2048
2031;2048;2015
2031;2039;2048
2031;2048;2014
2034;2048;2036
2031;2048;2031
2031;2048;2066
2031;2048;2038
2033;2048;2073
2032;2048;2130
2031;2048;1998
2033;2040;2022
2032;2034;2077
2034;2042;2112
2031;2036;2031
2031;2039;2049
2031;2039;2029
2033;2048;2009
2030;2038;1994
2031;2038;2023
2031;2038;1993
2033;2039;1967
2030;2048;2048
2031;2039;2004
2032;2048;2022
2032;2048;2002
2030;2048;2048
2032;2048;2050
2031;2048;2038
2031;2048;2074
2031;2048;2048
2031;2048;2077
2026;2034;1955
2031;2041;2067
2032;2048;2048
2033;2048;2048
2031;2048;2039
2031;2039;2026
2031;2040;2065
2034;2037;2009
2030;2048;2085
2031;2036;2091
2031;2050;2136
2031;2048;1991
2031;2048;2071
2033;2050;1988
2031;2048;2048
2031;2048;2063
2031;2041;2013
2031;2048;2006
2030;2037;2031
2033;2048;1979
2035;2035;2036
2031;2041;1967
2037;2038;2031
2033;2039;2021
2034;2037;2029
2031;2037;2026
2031;2040;2011
2034;2048;2031
2030;2048;2038
2033;2038;2029
2031;2048;2049
2031;2048;2007
2031;2040;2017
2031;2048;2048
2031;2048;2048
2033;2048;2111
2033;2048;2067
2031;2085;2081
2033;2035;2038
2031;2034;2048
2034;2031;2048
2025;2048;2007
2033;2034;2051
2033;2042;2055
2034;2048;2038
2034;2038;2061
2031;2038;2036
2031;2035;1983
2033;2048;2027
2031;2039;2020
2031;2048;2033
2031;2048;2048
2031;2048;1979
2027;2048;2019
2033;2041;2037
2032;2048;2076
2031;2039;2001
2033;2048;2048
2031;2037;2062
2031;2048;2061
2033;2035;2112
2048;2048;2095
2033;2033;2078
2033;2048;2048
2031;2048;2075
2031;2053;2068
2033;2048;2118
2031;2041;2088
2031;2048;2055
2033;2036;2058
2031;2048;2002
2031;2040;2036
2031;2048;2011
2034;2038;2048
2030;2048;2002
2031;2048;2048
2033;2039;2057
2031;2048;2022
2033;2037;2013
2034;2039;2040
2033;2031;2056
2033;2039;2015
2038;2039;2057
2031;2039;2028
2032;2040;2048
2031;2048;2055
2035;2039;2017
2033;2036;2005
2035;2048;2005
2033;2058;2038
2031;2048;2037
2031;2040;2015
2031;2048;2074
2031;2048;2048
2032;2041;2111
2031;2048;2102
2035;2048;2089
2031;2048;2048
2034;2038;2034
2031;2038;2064
2035;2035;2030
2031;2039;2007
2033;2035;2131
2032;2039;2067
2033;2048;2074
2032;2039;2017
2032;2033;2026
2033;2033;2012
2031;2039;2021
2031;2048;2005
2033;2048;2014
2031;2048;2074
2031;2048;1983
2033;2048;2012
2031;2038;1999
2031;2041;1985
2031;2041;2005
2031;2048;1998
2031;2038;2065
2031;2032;2286
2034;2031;2083
2031;2295;2077
2031;2039;2083
2031;2038;2029
2031;2048;2026
2031;2048;2056
2031;2036;2039
2031;2034;2025
2031;2048;2037
2030;2048;2048
2029;2048;1987
2024;2039;1981
2030;2048;2059
2031;2048;2011
2032;2048;2070
2031;2039;2007
2031;2037;2009
2033;2050;2069
2031;2038;2037
2036;2035;2007
2029;2035;2055
2031;2039;1982
2031;2039;2054
2031;2038;2048
2031;2048;2011
2033;2048;2031
2031;2040;2001
2027;2032;2023
2026;2048;1988
2031;2048;1993
2031;2048;2020
2031;2040;2061
2031;2048;2039
2035;2011;2048
2031;2040;2018
2031;2037;2031
2031;2048;2051
2031;2049;2035
2033;2048;2092
2031;2036;2108
2026;2038;2035
2031;2039;2025
2036;2048;2056
2031;2035;2031
2031;2048;2049
2030;2048;2078
2031;2038;2035
2031;2028;2097
2033;2041;2013
2023;2039;1998
2032;2048;2010
2031;2048;2048
2031;2048;1987
2031;2048;1996
2031;2041;2014
2031;2048;2018
2030;2041;2020
2031;2048;2019
2031;2048;1985
2031;2037;2012
2030;2033;2052
2033;2040;2083
2030;2039;2006
2031;2048;2035
2031;2039;2015
2031;2048;2007
2033;2041;2025
2032;2030;2057
2028;2039;2048
2034;2048;2018
2031;2048;1993
2031;2048;2030
2031;2048;2004
2032;2041;2048
2038;2048;2049
2031;2048;2051
2033;2041;2049
2031;2049;1983
2031;2048;2036
2034;2034;2066
2031;2039;2035
2033;2048;1965
2031;2039;2040
2033;2038;2021
2031;2048;2078
2031;2038;1794
2031;2048;2049
2031;2030;2015
2031;2038;2014
2031;2039;2024
2031;2050;2020
2031;2037;2015
2031;2048;2002
2033;2061;2016
2031;2048;2023
2029;2041;2023
2034;2039;2005
2031;2049;2020
2033;2048;2051
2033;2048;2015
2033;2038;2062
2031;2039;2021
2031;2037;2011
2033;2040;2027
2033;2039;2037
2031;2048;2052
2031;2039;2031
2034;2040;2093
2031;2037;2027
2033;2040;2034
2031;2049;1999
2040;2037;2082
2031;2048;2028
2026;2026;2035
2034;2048;2034
2030;2049;2051
2031;2048;2036
2032;2048;2048
2031;2048;2038
2031;2041;2068
2034;2037;2028
2034;2041;2025
2031;2038;2005
2033;2048;2027
2034;2039;2048
2031;2040;1997
2033;2048;2022
2031;2035;2065
2024;2039;1995
2033;2037;2027
2033;2050;1965
2031;2048;2056
2031;2041;2021
2048;2041;2019
2031;2048;2021
2031;2048;2017
2031;2048;2029
2035;2041;2013
2030;2048;2048
2033;2048;2001
2033;2041;2034
2024;2048;2014
2031;2039;2082
2034;2048;1995
2031;2039;2060
2031;2041;2034
2033;2039;2052
2031;2039;2061
2031;2040;2048
2033;2040;2048
2031;2048;2012
2031;2048;2019
2030;2048;2048
2030;2048;2019
2031;2048;2023
2030;2048;2022
2033;2039;2095
2030;2041;2069
2031;2048;2055
2033;2040;2050
2034;2048;2002
2034;2041;2063
2034;2042;2035
2034;2048;1993
2034;2038;2035
2032;2041;2024
2033;2048;2010
2031;2048;2023
2031;2048;1976
2033;2039;2012
2034;2048;2004
2034;2048;2039
2035;2040;2003
2033;2048;2058
2034;2048;2033
2031;2048;2052
2035;2048;2033
2031;2057;2031
2033;2048;2057
2031;2048;2031
2033;2048;2074
2031;2048;2030
2031;2039;2089
2031;2048;2007
2031;2041;2089
2035;2048;2048
2032;2048;2029
2034;2048;2098
2031;2035;2009
2033;2048;2035
2033;2037;2033
2031;2048;2048
2033;2048;2107
2033;2049;2021
2033;2048;2048
2034;2048;2104
2033;2048;2041
2033;2040;2053
2031;2048;2030
2033;2041;2002
2031;2048;2023
2034;2039;2009
2031;2041;2041
2033;2039;2024
2031;2048;2077
2031;2041;2061
2031;2048;2067
2035;2048;2089
2031;2048;2006
2035;2048;2022
2035;2029;2048
2033;2048;1999
2033;2036;2048
2035;2048;2019
2031;2048;2021
2031;2048;2048
2033;2048;2048
2031;2048;2063
2033;2048;2061
2031;2048;2049
2033;2048;2093
2033;2039;1987
2028;2048;2005
2034;2035;2052
2033;2048;2048
2030;2039;2054
2034;2048;2037
2031;2048;2027
2031;2039;2010
2033;2048;1991
2031;2037;2087
2031;2048;1982
2033;2040;2050
2034;2048;2013
2031;2048;2027
2033;2052;2038
2035;2048;2029
2031;2041;1989
2033;2048;2021
2031;2039;2004
2034;2048;1995
2031;2036;2026
2034;2039;1985
2034;2037;2003
2031;2048;2011
2035;2048;2012
2033;2040;2012
2034;2048;2039
2034;2048;2006
2031;2048;2016
2034;2024;2035
2034;2049;2019
2029;2039;2020
2032;2048;1967
2034;2048;2019
2034;2048;2040
2036;2017;2002
2034;2039;2011
2033;2048;2016
2033;2036;2029
2026;2049;2008
2034;2038;2048
2033;2048;1998
2035;2038;2004
2033;2039;2013
2033;2041;1993
2033;2041;2035
2031;2048;2017
2033;2037;2031
2034;2048;1999
2033;2040;2048
2033;2022;1991
2033;2048;2068
2033;2049;2021
2035;2048;2022
2031;2048;2034
2033;2061;2004
2033;2041;2025
2031;2048;2027
2031;2039;2005
2034;2048;2007
2035;2041;2019
2035;2048;2051
2035;2032;2022
2030;2048;2026
2033;2064;2031
2031;2041;2032
2034;2048;2015
2033;2036;2053
2031;2048;2002
2034;2038;2027
2033;2048;2022
2033;2040;2053
2032;2056;2018
2033;2048;2033
2035;2048;2033
2031;2048;2012
2035;2041;2039
2034;2048;2057
2033;2048;2048
2035;2039;2027
2031;2034;2004
2034;2048;2048
2033;2037;2031
2035;2048;2023
2031;2048;2011
2034;2048;2036
2034;2048;2002
2031;2038;2014
2032;2048;2007
2032;2048;2007
2034;2048;2011
2033;2048;2071
2035;2050;1989
2034;2048;2048
2035;2048;2013
2033;2048;2051
2031;2048;2048
2034;2049;2031
2034;2039;2048
2031;2036;2021
2031;2036;2014
2035;2048;2038
2031;2037;2021
2033;2039;2031
2035;2038;2059
2035;2048;2040
2032;2048;2064
2035;2039;2117
2037;2048;2038
2033;2050;2048
2034;2048;2048
2033;2040;1985
2035;2048;2048
2030;2048;2039
2031;2041;2061
2033;2048;2071
2034;2048;2071
2034;2049;2005
2034;2048;2033
2031;2038;2026
2034;2039;2119
2031;2037;2003
2034;2034;2032
2034;2048;2019
2031;2059;2058
2033;2039;2026
2033;2048;2037
2033;2037;2084
2035;2048;2001
2031;2048;2039
2033;2048;2023
2033;2048;2000
2029;2048;1997
2031;2035;2028
2037;2048;2076
2034;2048;2048
2031;2048;2026
2031;2049;2013
2037;2048;2031
2033;2039;2051
2032;2038;2035
2034;2048;2023
2035;2048;2062
2033;2048;2048
2034;2048;2017
2033;2041;2031
2034;2038;2067
2031;2031;2013
2034;2048;2017
2031;2048;1988
2033;2038;2050
2034;2048;2052
2033;2029;1999
2034;2048;2017
2031;2039;2007
2031;2048;2022
2038;2048;2028
2034;2053;1983
2033;2037;2019
2033;2040;2039
2033;2035;2053
2036;2036;1997
2037;2048;2057
2033;2048;2008
2031;2039;2048
2037;2040;2013
2033;2037;2026
2034;2034;2048
2033;2048;2017
2034;2048;2008
2033;2039;2037
2031;2048;2023
2033;2048;2028
2034;2048;2017
2035;2048;2049
2033;2048;2048
2033;2042;2027
2032;2055;2007
2034;2048;2001
2037;2038;2048
2033;2035;2140
2031;2048;2035
2034;2048;2027
2034;2040;2035
2034;2041;2012
2034;2048;2031
2033;2039;2012
2035;2033;2071
2034;2048;2023
2034;2048;2019
2048;2048;2034
2037;2039;1995
2034;2048;2023
2035;2041;2041
2034;2048;2058
2034;2048;2021
2036;2048;2057
2035;2049;1991
2035;2048;2095
2034;2048;2029
2034;2035;2070
2034;2048;2066
2033;2039;2059
2034;2048;2078
2034;2036;2056
2034;2034;2074
2034;2048;2083
2034;2037;2083
2031;2039;2034
2035;2048;2048
2034;2048;2053
2033;2048;2085
2033;2038;2013
2034;2048;2031
2034;2042;2087
2031;2048;2061
2031;2048;2069
2034;2049;2068
2035;2048;2030
2035;2048;2055
2033;2038;2082
2033;2048;2080
2033;2048;1991
2031;2048;2031
2033;2041;2038
2035;2048;2056
2034;2048;2031
2035;2034;2039
2035;2048;2048
2035;2039;2061
2033;2048;2093
2035;2048;2027
2030;2039;2048
2033;2048;2031
2033;2048;2048
2036;2041;2067
2048;2048;2087
2035;2049;2028
2037;2048;2055
2034;2048;2025
2034;2040;2007
2034;2041;2055
2034;2038;1984
2031;2039;2052
2033;2038;2077
2035;2048;2048
2034;2041;2023
2033;2037;2048
2033;2041;2071
2035;2039;2006
2031;2048;1964
2033;2048;2053
2034;2048;2031
2035;2048;2012
2033;2048;2035
2033;2048;2018
2034;2041;2028
2034;2048;1998
2035;2048;1994
2034;2048;2039
2034;2040;2067
2035;2042;2048
2035;2023;2024
2033;2048;2031
2035;2039;2026
2035;2048;2025
2035;2048;2000
2031;2036;2025
2033;2039;2014
2034;2041;2031
2031;2048;1998
2033;2048;2039
2034;2048;2033
2034;2048;2031
2034;2041;2014
2034;2048;2048
2037;2048;2021
2034;2040;2029
2034;2038;2039
2033;2048;2009
2033;2048;2125
2035;2037;2041
2031;2041;1998
2031;2048;1992
2033;2048;2024
2035;2036;2026
2048;2048;2017
2035;2041;2036
2031;2042;2017
2035;2040;2053
2033;2048;1981
2031;2048;2026
2035;2048;2084
2034;2015;1991
2034;2036;2000
2031;2048;1998
2035;2040;2023
2031;2041;2017
2029;2048;2037
2034;2040;2035
2033;2048;2283
2034;2036;2006
2031;2048;1986
2033;2048;2023
2036;2037;2028
2033;2039;2006
2035;2040;2017
2031;2039;2035
2033;2038;2048
2031;2048;2014
2033;2048;2007
2033;2048;2048
2034;2041;1997
2033;2048;2031
2034;2048;2035
2034;2048;2021
2033;2041;2050
2033;2039;2048
2031;2048;2061
2033;2040;2030
2033;2048;2035
2035;2048;2030
2035;2048;2079
2034;2039;2015
2036;2038;2085
2035;2031;2066
2035;2039;2048
2034;2048;2059
2035;2048;2051
2035;2048;2048
2034;2048;2105
2034;2053;2048
2035;2048;2071
2031;2048;2019
2037;2050;2048
2033;2048;2072
2036;2038;2075
2034;2040;2027
2028;2048;2020
2034;2048;2009
2036;2048;2049
2035;2040;2051
2031;2048;2011
2034;2048;2066
2036;2037;2048
2035;2048;2065
2034;2036;2068
2035;2041;2041
2035;2048;2037
2035;2048;2035
2036;2038;2007
2033;2051;2050
2036;2048;2048
2033;2039;2034
2035;2039;2087
2033;2048;2024
2039;2048;2036
2033;2048;2049
2033;2048;2033
2034;2048;2030
2034;2048;2050
2034;2029;2057
2031;2041;2023
2034;2040;1995
2036;2034;2048
2035;2039;2065
2034;2054;2037
2035;2048;2057
2034;2039;2033
2035;2038;2010
2034;2039;2015
2033;2048;2015
2035;2048;2058
2035;2048;2063
2034;2048;2048
2033;2048;2017
2035;2057;2037
2033;2048;2013
2033;2048;2062
2034;2048;2058
2033;2048;2083
2034;2040;2053
2034;2041;1998
2035;2039;2061
2023;2038;2061
2040;2048;2025
2033;2037;2031
2048;2039;2006
2034;2048;2025
2033;2048;1999
2033;2048;2035
2034;2048;2080
2034;2039;2033
2034;2048;2027
2031;2039;2034
2031;2048;2052
2031;2048;2035
2034;2038;2066
2035;2048;2039
2035;2039;2048
2035;2048;2019
2035;2037;2048
2034;2040;2096
2035;2034;2048
2034;2048;2059
2031;2048;2029
2034;2048;2071
2033;2048;2040
2035;2039;2027
2035;2048;2014
2035;2038;2056
2034;2048;1994
2032;2048;2094
2036;2048;2055
2034;2048;2029
2033;2048;2030
2033;2048;2048
2033;2041;2051
2037;2048;2007
2034;2040;2091
2035;2048;2057
2033;2036;2027
2031;2048;2079
2035;2039;2052
2034;2048;2027
2033;2048;2024
2034;2048;2021
2034;2040;2014
2034;2039;2009
2033;2048;2048
2033;2037;2089
2034;2048;2048
2034;2048;2102
2034;2048;2050
2033;2048;2081
2036;2039;2071
2034;2049;2059
2048;2048;2054
2035;2048;2013
2031;2048;2068
2035;2038;2010
2035;2037;2005
2037;2048;2030
2035;2035;2031
2031;2041;2025
2033;2041;2075
2035;2037;2040
2034;2040;2037
2034;2039;2075
2034;2048;2010
2035;2048;2009
2035;2048;2062
2034;2048;2030
2034;2048;2041
2033;2040;2049
2035;2041;2015
2034;2048;2063
2034;2048;2028
2035;2048;2023
2035;2048;2060
2034;2037;2039
2036;2039;2031
2034;2039;2003
2033;2048;2053
2029;2042;2013
2030;2039;2028
2031;2039;2007
2035;2048;2026
2035;2038;1998
2031;2048;2021
2036;2048;2000
2031;2048;1995
2033;2048;2051
2033;2048;2068
2035;2038;2011
2035;2048;2048
2034;2041;2029
2035;2048;2003
2034;2048;2021
2033;2039;2031
2035;2035;2026
2033;2037;2056
2031;2038;2028
2035;2048;2081
2038;2054;2015
2035;2048;2013
2034;2048;2028
2033;2048;2020
2035;2037;1995
2033;2040;2035
2036;2048;2005
2033;2048;1995
2031;2048;2037
2034;2048;2030
2031;2048;1998
2034;2041;2036
2035;2048;2018
2034;2048;2024
2033;2050;2015
2036;2048;2039
2034;2038;2033
2034;2036;2021
2035;2041;2027
2033;2048;1986
2034;2039;2025
2035;2030;2011
2031;2048;2020
2035;2048;2006
2033;2034;2041
2035;2048;2029
2033;2048;1999
2035;2048;1992
2033;2040;2039
2034;2048;2024
2036;2048;1999
2035;2048;2011
2035;2041;2025
2034;2048;2027
2033;2049;1977
2036;2039;2020
2035;2048;2015
2048;2037;2085
2031;2039;2055
2034;2048;2039
2035;2048;2048
2033;2048;2032
2033;2037;2021
2034;2041;2025
2034;2035;2069
2034;2038;2012
2034;2048;2001
2034;2048;2007
2033;2048;2025
2035;2041;2033
2035;2048;2050
2033;2041;2048
2034;2048;2017
2033;2048;2011
2032;2053;2011
2031;2048;2031
2035;2039;2038
2035;2034;2031
2035;2048;2013
2034;2048;2013
2034;2039;2025
2039;2048;2003
2033;2041;2002
2034;2048;2027
2033;2035;2029
2032;2040;1999
2034;2048;1989
2035;2048;1979
2039;2048;2048
2034;2040;2003
2034;2039;2011
2035;2050;2029
2034;2048;1999
2035;2041;2019
2031;2051;2004
2034;2040;2048
2033;2041;2027
2036;2039;2034
2033;2039;2026
2032;2048;2061
2035;2048;2023
2035;2048;2010
2034;2041;2021
2035;2035;2027
2037;2034;2065
2034;2048;2019
2035;2048;1998
2034;2048;2008
2036;2039;2030
2034;2048;2057
2032;2048;2041
2034;2048;2019
2035;2048;2052
2032;2048;2048
2033;2053;2034
2033;2048;2049
2034;2048;2048
2036;2037;2011
2033;2041;2095
2034;2040;2065
2033;2034;2037
2039;2048;2061
2034;2037;2026
2033;2041;2037
2035;2035;2059
2034;2039;2059
2034;2048;2076
2033;2048;2088
2030;2048;2029
2018;2048;2086
2033;2048;2032
2035;2048;2061
2035;2033;2050
2031;2048;2078
2033;2048;2041
2035;2049;2048
2035;2048;2038
2034;2029;2103
2035;2041;2137
2048;2042;2067
2038;2042;2076
2035;2048;2091
2031;2048;2032
2034;2048;2048
2034;2037;2058
2031;2048;2020
2036;2037;2111
2031;2048;2073
2034;2048;2055
2033;2048;2073
2034;2052;2038
2029;2048;2036
2034;2039;2085
2038;2031;2039
2034;2048;2048
2034;2048;2039
2033;2058;2022
2033;2039;2103
2034;2039;2048
2033;2048;1991
2035;2048;2079
2033;2048;2031
2034;2048;2065
2035;2040;2077
2033;2029;2091
2033;2048;2048
2036;2040;2029
2034;2048;2110
2033;2054;2140
2033;2039;2034
2033;2048;2061
2033;2048;2024
2034;2039;2062
2033;2041;2069
2031;2041;1991
2031;2048;1997
2035;2048;2095
2034;2037;2065
2035;2036;2002
2031;2041;2111
2035;2048;2025
2034;2041;2054
2036;2048;2066
2035;2038;2012
2034;2048;2048
2036;2048;2048
2034;2038;2030
2033;2048;2056
2034;2048;2066
2034;2048;2035
2031;2039;2061
2034;2048;2067
2035;2048;2071
2036;2048;2061
2031;2039;2028
2033;2048;2008
2032;2048;2050
2035;2039;2053
2036;2048;1999
2033;2038;2001
2033;2040;2011
2034;2048;2019
2033;2041;2006
2033;2034;2011
2035;2048;2052
2031;2039;2026
2035;2048;2048
2033;2048;2012
2035;2039;2048
2032;2048;1989
2033;2048;2023
2035;2048;2018
2033;2048;2019
2034;2048;2038
2034;2034;2034
2031;2048;2051
2035;2040;2011
2035;2048;2049
2034;2048;2048
2033;2048;2029
2034;2048;2010
2029;2048;2019
2034;2038;2007
2033;2039;2011
2033;2048;2022
2033;2041;2005
2034;2041;2036
2035;2036;2019
2029;2048;2069
2030;2048;2016
2033;2048;2013
2034;2048;2037
2031;2048;2010
2034;2048;2021
2035;2040;2038
2036;2048;2009
2033;2048;2007
2033;2048;2011
2034;2037;2030
2035;2048;2017
2035;2040;1992
2034;2040;2037
2035;2048;2031
2033;2037;2031
2034;2037;2034
2033;2041;2039
2033;2048;2016
2034;2039;2023
2035;2048;2030
2033;2048;1990
2027;2048;2010
2033;2040;2022
2031;2048;1999
2033;2048;2029
2035;2048;2048
2034;2048;2031
2036;2048;2048
2035;2048;2012
2035;2037;2015
2034;2038;2026
2031;2035;2015
2033;2040;2039
2035;2027;2029
2035;2048;2008
2035;2039;2019
2034;2048;2052
2033;2048;2025
2033;2039;2028
2035;2048;2040
2034;2048;2014
2033;2048;2058
2034;2048;2022
2032;2039;2048
2036;2048;2041
2033;2052;2048
2035;2048;2055
2031;2041;2054
2033;2048;2082
2034;2037;2051
2034;2040;2054
2034;2037;2008
2035;2048;2036
2033;2038;2048
2034;2048;2091
2034;2036;2071
2031;2039;2059
2033;2034;2079
2034;2039;2082
2031;2048;2038
2032;2048;2003
2035;2048;2021
2033;2048;2034
2036;2056;2076
2034;2048;2033
2033;2048;2035
2031;2048;2102
2034;2039;2091
2035;2039;2061
2033;2041;2087
2034;2048;2105
2035;2036;2019
2034;2050;2034
2034;2048;2057
2035;2039;2080
2035;2039;2064
2037;2038;2013
2034;2048;2063
2035;2038;2019
2036;2050;2013
2034;2048;1996
2033;2064;2040
2033;2048;2097
2034;2048;2060
2031;2048;2060
2033;2048;2048
2033;2048;2081
2034;2041;2059
2034;2048;2009
2035;2035;2018
2033;2039;2049
2031;2048;2001
2035;2039;2075
2033;2048;2037
2037;2048;2097
2034;2048;2078
2033;2041;2025
2035;2048;2048
2035;2048;2126
2035;2048;1981
2035;2042;2065
2035;2048;2017
2033;2048;2037
2033;2040;2024
2033;2041;2034
2033;2048;2022
2033;2074;2066
2035;2038;2083
2034;2034;2019
2033;2039;2089
2034;2048;2098
2035;2037;2053
2035;2048;2022
2032;2048;2025
2035;2038;2015
2034;2041;2060
2038;2036;2003
2034;2037;2033
2035;2048;2048
2034;2048;2015
2031;2048;2061
2034;2048;2023
2033;2048;2049
2034;2048;2033
2035;2048;2049
2034;2048;2037
2034;2049;2024
2035;2048;2058
2034;2039;2036
2034;2035;2048
2036;2048;2007
2031;2039;2059
2034;2048;2084
2035;2048;2065
2034;2048;2038
2036;2048;2019
2035;2037;2048
2034;2048;2048
2037;2048;2048
2034;2048;2083
2034;2048;2005
2036;2048;2006
2037;2048;2013
2034;2039;2018
2034;2048;2053
2036;2048;2055
2035;2048;2029
2036;2048;2048
2033;2038;2013
2036;2039;2048
2035;2039;2011
2048;2036;2035
2034;2048;2011
2033;2048;2018
2035;2048;2009
2035;2041;2014
2034;2039;2026
2036;2048;2020
