1979;2048;1991
1977;2051;2010
1981;2052;2064
1978;2048;1950
1976;2048;1964
1979;2040;1950
1977;2037;1975
1975;2048;1988
1980;2048;1974
1979;2060;2037
1982;2034;1956
1979;2027;1941
1982;2015;2065
1979;2037;1973
1981;2037;2019
1977;2048;1924
1978;2048;1962
1979;2039;1966
1978;2038;1974
1979;2014;1923
1978;2048;1986
1980;2055;2018
1985;2056;2106
1976;2048;2031
1979;2048;1947
1979;2048;1938
1978;2048;1965
1981;2048;1959
1980;2048;1962
1979;2070;2035
1979;2041;1966
1981;2023;1939
1980;2023;2089
1977;2037;1943
1978;2035;1989
1978;2048;1907
1979;2027;1963
1979;2048;1958
1979;2039;1957
1982;2013;1874
1978;2039;1947
1977;2056;2014
1979;2054;2140
1975;2048;1985
1979;2048;1935
1975;2048;1936
1978;2041;1985
1979;2048;1979
1980;2048;1973
1976;2071;1998
1981;2048;1990
1982;2021;1970
1979;2019;2071
1980;2034;1996
1979;2035;1946
1980;2059;1918
1979;2041;1973
1979;2048;1969
1979;2048;1979
1980;2004;1898
1977;2039;1967
1979;2048;1972
1978;2051;2111
1978;2048;1979
1979;2048;1977
1979;2048;1929
1980;2048;1967
1974;2048;1975
1977;2040;1969
1978;2075;1992
1979;2050;2054
1981;2025;1947
1981;2023;2187
1980;2035;1974
1978;2039;1981
1978;2039;1919
1979;2048;1977
1979;2041;1975
1979;2048;1977
1979;2001;1881
1978;2031;1911
1979;2048;1986
1979;2055;2170
1979;2048;2007
1976;2051;1994
1976;2048;1936
1978;2041;1994
1979;2048;1983
1979;2039;1984
1979;2082;2048
1979;2050;2003
1980;2039;2018
1980;2018;2146
1979;2036;1958
1979;2039;2017
1979;2037;1921
1979;2048;1978
1979;2039;1980
1983;2039;1986
1981;2001;1881
1978;2030;1997
1979;2050;1956
1979;2059;2231
1979;2060;2010
1979;2048;1978
1979;2048;1914
1979;2048;1977
1979;2038;1985
1978;2048;1986
1980;2081;1971
1978;2048;1995
1978;2048;1990
1979;2053;2107
1983;2034;1997
1978;2034;2004
1983;2041;1910
1982;2040;1971
1978;2039;1974
1982;2039;1978
1981;1997;1950
1977;2031;1907
1982;2033;1960
1977;2062;2219
1978;2048;1978
1979;2052;1977
1979;2048;1919
1978;2048;1985
1978;1792;1990
1979;2048;1997
1978;2081;2001
1979;2053;1979
1979;2048;2013
1979;2015;2181
1981;2036;1989
1978;2031;1967
1977;2039;1905
1979;2039;1983
1978;2048;1985
1987;2048;1986
1980;2003;1904
1979;2031;1918
1979;2034;1984
1977;2056;2181
1980;2050;2034
1979;2048;2023
1979;2048;1898
1979;2048;1990
1977;2041;1991
1978;2048;1995
1977;2081;1980
1980;2057;1968
1978;2050;2036
1979;2028;2237
1986;2029;1947
1978;2048;2037
1980;2040;1878
1978;2039;1980
1978;2039;1975
1979;2048;1982
1978;2021;1907
1982;2030;1913
1978;2031;1985
1981;2059;2187
1977;2048;2069
1979;2051;1989
1978;2048;1904
1978;2048;1998
1977;2041;1993
1979;2040;1995
1978;2083;2015
1978;2048;2039
1979;2048;1983
1981;2029;2197
1977;2035;2013
1979;2037;1978
1979;2041;1874
1978;2038;1979
1979;2048;1989
1977;2048;1992
1979;2004;1927
1978;2053;1972
1979;2034;1921
1980;2054;2202
1978;2051;1995
1975;2048;1956
1981;2048;1871
1977;2048;1975
1978;2048;1982
1982;2048;1987
1978;2083;2052
1978;2051;1973
1978;2048;1963
1979;2032;2214
1977;2029;1966
1983;2048;1995
1979;2035;1825
1979;2040;1975
1979;2040;1967
1978;2041;1982
1979;2006;1954
1977;2028;1915
1982;2033;1905
1981;2055;2164
1982;2048;1990
1979;2049;2029
1978;2048;1840
1980;2048;1970
1981;2048;1983
1975;2048;1982
1979;2080;1937
1979;2056;2017
1977;2049;1947
1981;2034;2114
1979;2033;1997
1983;2039;1997
1979;2031;1823
1980;2040;1967
1978;2048;1984
1979;2048;1971
1977;2011;1951
1978;2031;1989
1980;2033;1918
1977;2048;2011
1977;2048;1994
1979;2048;1992
1979;2041;1803
1979;2048;1953
1978;2048;1964
1976;2048;1972
1977;2075;1927
1979;2048;1988
1980;2048;2006
1981;2049;2085
1985;2029;2025
1981;2032;1955
1978;2035;1806
1979;2036;1958
1979;2048;1961
1979;2038;1961
1979;2017;1980
1979;2031;1937
1978;2035;1971
1977;2048;1940
1978;2051;2053
1979;2039;1975
1977;2049;1772
1977;2048;1967
1978;2048;1971
1978;2039;1972
1977;2067;1959
1980;2052;2014
1978;2048;1985
1979;2050;2048
1980;2029;2048
1979;2037;1979
1980;2033;1756
1979;2031;1960
1979;2039;1973
1979;2037;1967
1978;2028;2063
1977;2031;1980
1978;2039;1991
1978;2039;1913
1980;2057;2075
1978;2048;1917
1979;2048;1787
1978;2049;1954
1979;2048;1967
1980;2038;1974
1978;2055;1942
1978;2053;2021
1979;2039;1935
1981;2050;1969
1979;2026;2048
1979;2048;2007
1981;2023;1739
1979;2039;1965
1979;2039;1968
1980;2035;1967
1979;2035;1984
1979;2028;1906
1980;2040;1951
1981;2036;1965
1977;2058;2048
1979;2039;1977
1978;2048;1732
1977;2048;1977
1983;2048;1991
1978;2048;1987
1978;2048;1958
1978;2051;1982
1978;2035;1952
1981;2037;1959
1981;2016;1967
1980;2037;1934
1979;2027;1710
1979;2039;1967
1979;2038;1984
1975;2034;1999
1980;2039;1984
1979;2032;1956
1979;2049;2015
1979;2039;1946
1979;2052;2053
1978;2039;2002
1979;2048;1720
1977;2048;1980
1977;2040;1980
1980;2048;1983
1979;2048;1982
1976;2050;2016
1981;2036;1954
1979;2053;2036
1979;2021;2015
1980;2034;1905
1981;2026;1747
1981;2048;1966
1964;2048;2008
1978;2038;1992
1978;2040;1981
1977;2029;2007
1979;2041;2022
1979;2048;1933
1983;2059;2075
1978;2048;2024
1979;2048;1754
1979;2048;1990
1984;2048;1997
1979;2048;1992
1979;2048;1999
1980;2053;1969
1977;2037;1964
1977;2048;1977
1976;2020;2053
1980;2031;1963
1980;2020;1747
1980;2037;1957
1981;2040;1991
1977;2040;1981
1979;2048;2005
1979;2030;1957
1979;2048;1969
1979;2055;1959
1980;2056;2036
1980;2039;1935
1979;2050;1771
1978;2048;1973
1976;2048;1980
1979;2048;1990
1980;2048;1987
1979;2057;2048
1979;2031;1945
1979;2039;2013
1979;2011;2035
1980;2048;2014
1981;2024;1802
1980;2048;1958
1979;2048;1979
1981;2039;1989
1979;2037;1984
1980;2026;1958
1978;2040;2005
1979;2053;1988
1979;2057;2163
1981;2048;1986
1979;2053;1965
1977;2048;1979
1979;2048;2001
1979;2048;1986
1980;2041;1993
1977;2058;2007
1979;2039;2013
1979;2034;1995
1979;2020;2025
1982;2037;1995
1975;2031;1967
1979;2048;1953
1977;2041;1981
1981;2036;1992
1980;2039;1986
1976;2023;1915
1978;2048;1997
1979;2054;2035
1979;2048;2081
1965;2049;2012
1978;2059;1951
1981;2048;1980
1978;2041;1990
1979;2048;1982
1977;2048;1988
1980;2064;2048
1979;2036;2034
1978;2026;1928
1981;2027;2098
1982;2034;1954
1990;2035;1971
1979;2048;1936
1981;2048;1981
1979;2038;1979
1982;2034;1989
1980;2019;1921
1978;2048;1972
1981;2054;2048
1979;2054;2068
1978;2048;1969
1981;2052;1970
1977;2039;1951
1978;2048;1988
1979;2049;1997
1982;2048;1980
1978;2066;1979
1979;2048;2027
1978;2027;1960
1979;2017;2071
1978;2036;1987
1981;2031;1912
1980;2038;1945
1978;2039;1974
1979;2030;1972
1979;2033;1973
1980;2016;1941
1979;2041;1963
1980;2058;2022
1979;2061;2118
1979;2052;2013
1978;2052;2018
1979;2048;1960
1978;2039;1990
1980;2038;1980
1979;2048;1975
1979;2067;1997
1981;2048;1985
1979;2025;1924
1981;2018;2094
1982;2034;2066
1979;2035;1975
1979;2048;1929
1979;2048;1970
1979;2048;1963
1979;2038;1969
1979;2010;1903
1979;2035;1906
1983;2057;2022
1978;2059;2127
1979;2050;1983
1980;2048;2014
1979;2048;1941
1979;2048;1978
1979;2048;1980
1974;2048;1972
1979;2075;2019
1978;2050;2009
1979;2023;1963
1974;2019;2156
1983;2036;1983
1979;2037;2025
1979;2040;1928
1981;2040;2002
1979;2040;1974
1979;2048;1982
1979;2010;1953
1980;2038;1950
1977;2053;2003
1977;2059;2146
1978;2048;2012
1979;2050;2015
1979;2048;1916
1979;2053;1979
1979;2048;1975
1979;2048;1971
1977;2079;2010
1979;2049;1989
1979;2037;2017
1981;2019;2151
1981;2034;1976
1979;2039;1978
1980;2039;1928
1978;2037;1959
1978;2048;1961
1979;2048;1965
1979;2005;1894
1979;2036;1922
1978;2048;2009
1980;2051;2223
1980;2048;1999
1978;2048;1946
1979;2048;1909
1978;2042;1975
1979;2038;1971
1978;2048;1974
1978;2090;2048
1978;2053;2012
1979;2041;2005
1981;2021;2133
1981;2035;1981
1978;2041;1983
1977;2048;1909
1988;2039;1965
1979;2039;1965
1979;2031;1961
1979;2003;1955
1977;2034;1895
1980;2048;1973
1979;2064;2208
1977;2050;1976
1978;2048;1971
1979;2048;1917
1978;2048;1981
1978;2048;1979
1979;2041;1975
1978;2087;2019
1979;2055;2002
1979;2048;2003
1979;2018;2109
1979;2037;1999
1981;2037;1963
1979;2037;1907
1981;2048;1958
1981;2040;1974
1980;2041;1967
1978;1999;1918
1981;2031;1940
1979;2039;2012
1979;2056;2182
1978;2048;2001
1978;2049;1957
1977;2048;1869
1976;2055;1967
1981;2038;1971
1978;2048;1973
1980;2086;1982
1979;2055;2015
1980;2048;1991
1980;2023;2180
1979;2036;1961
1983;2033;1938
1979;2038;1898
1978;2048;1959
1981;2037;1954
1978;2039;1959
1979;2001;1928
1979;2034;1915
1978;2034;1938
1979;2056;2188
1978;2048;1994
1979;2049;2051
1979;2048;1888
1977;2048;1970
1979;2041;1973
1979;2039;1985
1980;2085;1987
1977;2061;1999
1977;2051;2007
1979;2025;2191
1980;2035;1958
1977;2038;1995
1979;2039;1863
1979;2048;1965
1980;2037;1967
1981;2048;1962
1981;2007;1893
1981;2024;1923
1979;2033;1972
1975;2056;2188
1981;2048;2029
1978;2051;1967
1979;2048;1879
1978;2048;1975
1978;2048;1966
1980;2048;1979
1978;2084;1992
1978;2057;2048
1983;2049;2019
1979;2025;2197
1979;2035;1990
1981;2048;1958
1983;2037;1849
1980;2036;1958
1978;2037;1959
1980;2034;1978
1979;2011;1946
1979;2030;1919
1981;2033;1945
1982;2053;2147
1978;2048;2016
1977;2049;1945
1970;2048;1865
1979;2048;1959
1978;2037;1970
1979;2048;1969
1978;2075;1961
1979;2054;2040
1977;2054;2005
1979;2037;2245
1978;2027;1977
1979;2038;1986
1979;2039;1838
1977;2041;1959
1978;2038;1962
1979;2048;1960
1981;2015;1926
1979;2029;1935
1979;2031;1965
1980;2058;2159
1979;2053;2087
1978;2050;1987
1979;2048;1844
1977;2048;1972
1979;2048;1977
1978;2039;1974
1979;2078;1997
1980;2052;1943
1978;2053;2017
1980;2037;2149
1978;2031;1971
1981;2039;1933
1979;2039;1842
1975;2039;1969
1979;2039;1983
1979;2048;1973
1979;2017;2022
1979;2031;1944
1978;2037;1963
1977;2056;2053
1979;2051;2055
1981;2048;1936
1980;2039;1820
1978;2049;1967
1977;2048;1986
1978;2039;1977
1979;2076;1911
1979;2056;2037
1980;2048;2010
1980;2048;2079
1981;2028;2025
1979;2048;1979
1980;2033;1803
1979;2038;1960
1979;2048;1964
1980;2039;1978
1979;2017;2001
1979;2024;1933
1978;2036;1958
1979;2035;1947
1980;2051;2015
1978;2048;2018
1978;2048;1803
1979;2048;1970
1978;2036;1970
1979;2048;1963
1978;2069;1965
1978;2053;2014
1983;2049;2037
1978;2048;2064
1966;2030;2018
1979;2037;1892
1975;2033;1796
1979;2036;1965
1977;2037;1973
1981;2040;1966
1978;2030;2014
1978;2034;1984
1979;2031;1956
1978;2035;1927
1975;2056;2070
1979;2039;1986
1978;2048;1758
1979;2048;1969
1978;2048;1975
1979;2048;1974
1978;2059;1918
1975;2050;1960
1978;2048;2018
1979;2050;2012
1980;2024;2002
1979;2039;1991
1978;2029;1767
1980;2039;1961
1979;2048;1971
1978;2048;1962
1979;2038;2048
1979;2029;1935
1978;2039;2010
1978;2035;1957
1988;2058;2005
1979;2048;1932
1978;2048;1738
1980;2048;1960
1978;2048;1965
1979;2048;1966
1979;2048;1969
1978;2049;2019
1973;2036;1955
1981;2048;1970
1979;2029;2025
1979;2033;1977
1981;2027;1758
1981;2039;1955
1979;2042;1962
1978;2040;1965
1977;2039;1960
1980;2021;1962
1978;2048;1947
1979;2034;1964
1978;2058;2023
1979;2048;1962
1978;2048;1751
1978;2039;1983
1978;2041;1976
1978;2048;1966
1979;2039;1970
1979;2052;2002
1982;2037;1958
1980;2038;1945
1979;2022;2014
1979;2048;1971
1979;2026;1751
1979;2040;1950
1979;2039;1981
1981;2039;1975
1979;2039;1966
1979;2029;1976
1979;2048;1995
1983;2039;1979
1980;2059;2065
1979;2048;2002
1978;2048;1745
1978;2048;1951
1977;2048;1971
1979;2048;1978
1978;2048;1973
1979;2051;1969
1981;2037;1951
1980;2048;1975
1981;2023;2011
1979;2039;1993
1981;2026;1770
1982;2038;1945
1979;2048;1961
1979;2039;1962
1979;2039;1963
1979;2029;1961
1979;2048;1974
1979;2048;1983
1980;2051;2036
1979;2048;2005
1976;2049;1747
1981;2048;1951
1979;2048;1967
1980;2048;1967
1979;2048;1967
1978;2055;1999
1978;2036;1989
1977;2048;2005
1980;2025;2061
1979;2039;2007
1980;2027;1756
1977;2039;1950
1981;2038;1963
1978;2041;1965
1979;2039;1974
1978;2025;1943
1979;2035;2038
1979;2048;1943
1978;2059;2083
1978;2048;2048
1978;2048;1823
1979;2048;1965
1979;2048;1963
1980;2040;1978
1979;2048;1967
1979;2056;1969
1981;2039;1933
1978;2037;1991
1980;2025;2065
1978;2039;2011
1979;2026;1910
1979;2041;1946
1979;2048;1972
1979;2048;1978
1979;2041;1981
1979;2028;1944
1981;2039;1967
1979;2048;1974
1979;2050;2072
1979;2048;1919
1979;2048;1917
1975;2048;1955
1978;2042;1982
1977;2048;1978
1979;2048;1970
1977;2058;2024
1978;2048;1971
1977;2031;1930
1987;2025;2097
1983;2039;2004
1980;2032;1970
1979;2040;1928
1977;2041;1975
1979;2041;1974
1979;2039;1982
1981;2021;1901
1979;2048;1981
1979;2052;2018
1977;2051;2070
1979;2054;2016
1980;2048;1950
1979;2048;1946
1978;2038;1970
1978;2040;1980
1978;2048;1987
1978;2059;2014
1978;2038;1949
1979;2027;1987
1980;2028;2080
1980;2038;1901
1981;2031;1916
1979;2038;1958
1979;2039;1967
1979;2028;1965
1980;2037;1978
1981;2019;1951
1979;2038;2013
1980;2050;2018
1978;2051;2072
1978;2048;2004
1979;2050;1939
1979;2042;1965
1979;2049;1985
1977;2048;1979
1981;2048;1979
1980;2061;1949
1980;2048;1970
1979;2026;1974
1983;2027;2098
1941;2036;1970
1979;2036;1959
1979;2040;1923
1981;2048;1957
1980;2039;1973
1979;2037;1969
1982;2015;1956
1979;2037;1978
1977;2051;2002
1982;2050;2081
1979;2048;1990
1981;2048;1982
1980;2048;1942
1979;2048;1980
1980;2040;1981
1981;2048;1983
1978;2068;1990
1978;2049;1959
1983;2030;1946
1978;2020;2097
1980;2039;2039
1979;2041;2011
1977;2048;1950
1981;2041;1998
1979;2048;1983
1979;2048;1997
1980;2010;1884
1979;2034;1949
1978;2049;1999
1979;2051;2093
1977;2048;1995
1979;2048;1985
1971;2048;1949
1981;2048;1987
1978;2048;1984
1976;2040;1985
1978;2074;2005
1979;2051;2085
1977;2034;1943
1980;2022;2065
1975;2036;1983
1981;2033;1975
1979;2037;1929
1980;2048;1977
1979;2048;1973
1979;2031;1978
1980;2011;1917
1981;2033;1923
1979;2041;1962
1979;2051;2139
1979;2048;2019
1979;2050;2015
1982;2048;1913
1975;2048;1965
1980;2048;1976
1981;2048;1967
1978;2071;1983
1979;2039;1974
1980;2039;1966
1979;2019;2123
1981;2048;1998
2013;2048;1972
1979;2038;1925
1979;2038;1961
1981;2048;1981
1979;2048;1970
1981;2007;1892
1978;2031;1977
1979;2037;2016
1980;2055;2181
1977;2051;2039
1981;2048;2015
1979;2048;1922
1979;2048;1990
1978;2048;2002
1979;2048;2000
1979;2075;1991
1979;2054;2091
1978;2048;2065
1979;2027;2142
1979;2033;1993
1983;2037;1965
1981;2040;1908
1978;2038;1974
1981;2039;1970
1981;2048;1979
1981;2011;1934
1979;2027;1967
1981;2031;1977
1979;2057;2182
1979;2052;2019
1977;2054;1992
1978;2048;1883
1978;2040;1974
1981;2048;1980
1980;2039;1978
1978;2078;2001
1980;2054;2063
1979;2052;1981
1981;2034;2159
1982;2035;1956
1981;2048;2011
1980;2036;1879
1978;2048;1962
1977;2039;1962
1981;2038;1965
1979;2009;1903
1978;2029;1894
1981;2030;1988
1977;2062;2177
1981;2050;2021
1981;2051;2003
1979;2041;1884
1979;2034;1989
1980;2048;1982
1981;2039;1971
1976;2072;1961
1978;2057;1987
1979;2048;1993
1981;2025;2152
1978;2039;1994
1981;2039;1969
1979;2040;1891
1978;2037;1973
1981;2048;1978
1979;2048;1971
1981;2009;1918
1980;2020;1956
1978;2034;1911
1983;2055;2175
1982;2048;1945
1981;2048;1961
1972;2048;1872
1978;2052;1983
1980;2048;1979
1977;2039;1993
1979;2070;1953
1979;2053;1978
1982;2048;1974
1981;2048;2207
1983;2048;2023
1981;2038;1974
1979;2039;1853
1981;2037;1963
1979;2037;1972
1981;2034;1967
1984;2015;1938
1980;2032;1999
1979;2037;1913
1978;2054;2167
1977;2048;1994
1980;2048;1999
1980;2039;1869
1981;2049;1963
1980;2048;1972
1987;2039;1962
1986;2069;1917
1979;2053;2023
1979;2052;1975
1979;2039;2115
1979;2031;1960
1980;2048;1983
1982;2038;1817
1979;2036;1972
1979;2037;1972
1980;2048;1965
1979;2016;1969
1978;2029;1895
1979;2035;1958
1980;2048;2033
1981;2049;2008
1979;2058;1998
1979;2048;1865
1978;2048;1980
1978;2048;1978
1981;2039;1987
1975;2071;1952
1980;2052;1983
1980;2048;2004
1981;2051;2133
1980;2027;2028
1979;2030;1976
1982;2039;1805
1978;2041;1967
1978;2039;1987
1980;2048;1981
1980;2031;1991
1980;2030;1947
1979;2031;1919
1981;2037;1966
1979;2052;2063
1979;2050;2048
1979;2049;1824
1977;2048;1965
1981;2048;1981
1979;2048;1989
1979;2063;1958
1977;2052;2009
1981;2048;1967
1979;2051;2048
1977;2033;2023
1979;2039;2097
1981;2038;1769
1980;2048;1980
1985;2048;1983
1980;2048;1982
1979;2027;2052
1981;2031;1927
1979;2038;1958
1979;2037;1940
1979;2055;2074
1981;2048;2001
1979;2048;1814
1979;2048;1997
1979;2041;2004
1978;2048;1999
1976;2059;1996
1979;2049;2003
1981;2048;2052
1980;2052;1981
1980;2026;2025
1981;2034;1975
1979;2029;1798
1979;2048;1987
1980;2037;1983
1981;2048;1986
1980;2036;2022
1980;2031;1994
1981;2039;1957
1978;2036;1991
1979;2053;2080
1979;2050;2013
1981;2048;1775
1972;2049;1973
1981;2048;1987
1979;2039;1986
1980;2048;1954
1980;2050;2003
1979;2035;2015
1981;2055;2037
1982;2030;2020
1979;2037;2020
1978;2040;1779
1979;2048;1979
1979;2048;1983
1981;2048;1988
1980;2035;1991
1978;2031;1955
1979;2048;1976
1980;2034;1925
1979;2051;2079
1979;2039;1977
1981;2048;1769
1978;2048;1985
1980;2048;1988
1981;2048;1986
1980;2048;1986
1978;2048;2061
1977;2048;1998
1980;2058;2021
1981;1996;2086
1980;2039;2082
1981;2031;1783
1978;2048;1973
1979;2048;1993
1981;2056;1988
1980;2048;1995
1979;2029;1953
1979;2049;2023
1979;2048;2023
1976;2055;2011
1981;2040;1957
1978;2050;1760
1979;2048;1976
1978;2048;1990
1979;2039;1991
1972;2049;1989
1979;2060;2066
1978;2037;2031
1984;2048;1969
1979;2027;2048
1980;2037;1987
1979;2031;1775
1978;2048;1974
1983;2039;1981
1979;2035;1984
1981;2048;1979
1981;2030;1970
1980;2051;2026
1979;2041;2003
1978;2064;2078
1978;2048;1947
1981;2048;1757
1980;2048;1982
1979;2048;1994
1979;2048;1994
1976;2048;1988
1980;2053;1969
1979;2041;2011
1981;2041;1950
1981;2029;2040
1978;2048;1966
1981;2027;1800
1976;2040;1966
1981;2048;1987
1980;2019;2002
1980;2041;1979
1981;2027;1945
1978;2048;2034
1974;2048;1965
1981;2053;2090
1979;2048;1990
1980;2048;1801
1981;2039;1967
1979;2048;1991
1979;2040;1998
1980;2048;1997
1981;2060;1978
1979;2039;1999
1979;2031;1964
1978;2025;2106
1980;2040;1976
1988;2031;1913
1981;2042;1966
1979;2034;1985
1979;2039;1989
1979;2038;1967
1981;2027;1963
1979;2048;2015
1979;2048;2048
1980;2051;2017
1979;2048;1988
1978;2039;1921
1980;2048;1973
1981;2048;1979
1979;2048;1985
1980;2039;1982
1981;2067;2053
1981;2041;2024
1980;2038;1957
1979;2023;2089
1981;2039;2057
1979;2039;1973
1981;2035;1965
1980;2037;1977
1980;2048;1977
1978;2037;1983
1979;2024;1987
1982;2048;2012
1978;2048;2030
1980;2051;2080
1979;2048;2053
1978;2048;1924
1979;2048;1977
1983;2048;2006
1981;2048;1997
1979;2048;1988
1981;2067;1973
1979;2048;1967
1980;2026;1995
1980;2028;2070
1980;2036;1993
1981;2048;1955
1981;2048;1954
1979;2048;1989
1978;2048;1991
1980;2048;1991
1981;2019;1944
1979;2031;2011
1980;2055;1981
1983;2061;2089
1979;2051;2026
1977;2048;1959
1981;2048;1963
1979;2048;1989
1979;2048;1992
1979;2048;2002
1974;2068;1971
1981;2048;1971
1981;2034;2048
1981;2019;2119
1980;2037;2018
1980;2040;2015
1981;2035;1951
1979;2048;1979
1981;2048;1979
1981;2039;1977
1980;2011;1983
1979;2038;1957
1977;2053;2018
1981;2055;2109
1981;2048;1979
1979;2048;1994
1978;2048;1963
1979;2029;1984
1978;2048;1987
1979;2048;1987
1973;2075;1981
1980;2051;2006
1982;2031;2027
1980;2025;2166
1979;2037;1981
1979;2035;1955
1982;2039;1941
1979;2039;1982
1980;2048;1993
1979;2041;1994
1977;2014;1983
1980;2036;1937
1979;2049;1980
1979;2057;2067
1978;2041;2000
1980;2050;1992
1979;2048;1951
1981;2048;1987
1977;2048;2004
1981;2039;1988
1981;2076;1980
1980;2049;2026
1981;2029;2035
1980;2026;2165
1980;2031;1958
1981;2048;1996
1978;2039;1929
1980;2048;1973
1980;2040;1987
1981;2048;1985
1979;2013;1918
1980;2029;1967
1979;2039;1972
1980;2059;2113
1978;2051;2063
1975;2048;2030
1979;2048;1935
1979;2041;1991
1979;2048;1985
1978;2048;1989
1979;2080;1983
1979;2056;1979
1981;2033;1990
1983;2023;2085
1979;2029;2001
1978;2041;1986
1983;2048;1934
1980;2033;1981
1979;2039;1983
1981;2048;1982
1981;2025;1980
1979;2031;1938
1979;2055;2001
1978;2054;2176
1978;2055;2033
1977;2048;2026
1979;2048;1949
1979;2048;1989
1981;2039;2005
1979;2048;1995
1979;2079;2007
1980;2053;1986
1977;2041;1998
1979;2023;2193
1981;2030;2059
1980;2049;1937
1984;2039;1913
1983;2048;1984
1980;2039;1987
1981;2039;1983
1978;2006;1995
1980;2031;1936
1980;2029;1953
1979;2058;2143
1979;2048;1965
1983;2048;1979
1979;2037;1929
1979;2048;2011
1982;2048;1993
1981;2048;1997
1979;2071;2023
1978;2049;2001
1979;2051;2026
1981;2026;2180
1982;2037;1970
1980;2039;1943
1981;2035;1915
1979;2039;1975
1979;2048;1989
1981;2048;1986
1979;2012;1947
1978;2028;1926
1980;2048;1948
1978;2051;2092
1978;2048;2048
1979;2048;1960
1979;2048;1925
1979;2049;1996
1969;2048;1983
1979;2048;1983
1977;2083;1943
1982;2053;1972
1982;2050;2003
1979;2028;2121
1981;2029;1973
1981;2048;2060
1981;2039;1924
1981;2039;1991
1978;2041;1987
1977;2042;1986
1979;1958;1971
1979;2027;2009
1979;2035;1978
1979;2051;2151
1978;2048;2005
1979;2049;2031
1979;2048;1917
1980;2048;1995
1979;2048;1997
1980;2048;2000
1979;2082;1971
1978;2057;2013
1980;2052;2031
1979;2030;2170
1978;2035;2015
1979;2037;1999
1985;2039;1905
1980;2048;1983
1981;2048;1972
1980;2039;1975
1978;2001;1970
1978;2028;1975
1981;2030;1953
1979;2058;2182
1979;2053;2035
1980;2049;2063
1980;2048;1899
1979;2048;1986
1980;2048;1986
1978;2039;1982
1979;2069;1954
1979;2053;1973
1980;2053;1976
1979;2037;2151
1978;2029;1955
1979;2033;1949
1979;2037;1890
1979;2039;1987
1977;2040;1984
1978;2039;1983
1979;2013;2016
1979;2027;1940
1979;2033;1937
1978;2055;2103
1980;2048;1987
1978;2057;1991
1979;2049;1899
1977;2048;1993
1980;2041;1991
1978;2048;1991
1979;2073;1943
1977;2053;2031
1981;2049;1971
1980;2048;2170
1983;2038;2004
1983;2039;2007
1979;2035;1856
1980;2039;1977
1979;2035;1983
1980;2040;1988
1980;2021;2020
1978;2030;2007
1981;2029;1935
1980;2055;2128
1981;2054;2034
1981;2060;2011
1978;2048;1866
1981;2023;1987
1981;2048;1976
1978;2048;1986
1978;2068;1963
1979;2048;2035
1979;2050;2011
1981;2052;2090
1981;2030;2020
1982;2033;1951
1981;2048;1861
1979;2041;1981
1980;2059;1981
1979;2048;1978
1982;2027;2054
1980;2031;1997
1987;2036;1992
1978;2048;1963
1983;2055;2075
1979;2048;1970
1979;2048;1860
1980;2048;1981
1978;2048;1997
1978;2048;1995
1979;2060;1965
1980;2051;1962
1981;2048;1973
1979;2050;2021
1979;2031;2058
1979;2039;1972
1981;2035;1834
1982;2037;1987
1979;2048;1979
1980;2039;1979
1979;2030;2025
1977;2034;1931
1979;2039;2002
1980;2037;1952
1980;2053;1988
1980;2048;2023
1979;2048;1835
1979;2048;1983
1979;2048;1978
1979;2039;1982
1978;2053;1913
1979;2053;2029
1982;2048;2036
1979;2048;2014
1979;2029;2035
1980;2040;2002
1979;2033;1805
1981;2059;1978
1981;2039;1972
1979;2040;1965
1979;2039;2010
1979;2031;1987
1977;2037;1961
1979;2048;1973
1980;2053;2056
1979;2048;1963
1982;2048;1826
1978;2048;1979
1980;2048;1983
1979;2048;1974
1979;2038;1943
1980;2050;1966
1979;2039;2011
1979;2051;1990
1979;2031;2103
1980;2038;1957
1973;2030;1773
1978;2039;1963
1979;2041;1977
1981;2035;1979
1981;2048;1997
