2011;2025;1792
2009;2073;2383
2012;2051;2109
2008;2055;2117
2011;2048;1843
2011;2048;2057
2009;2048;2067
2010;2048;2054
2007;2114;2105
2010;2065;2048
2010;2061;2053
2011;2036;2414
2010;2031;2229
2011;2034;2070
2012;2038;1862
2011;2033;2065
2011;2036;2067
2011;2039;2061
2012;1983;1903
2011;2018;2098
2011;2027;1981
2013;2061;2355
2007;2050;2115
2009;2055;2155
2011;2048;1848
2010;2048;2070
2005;2049;2081
2009;2048;2067
2009;2113;2048
2009;2067;2095
2009;2055;2053
2010;2031;2459
2009;2029;2125
2018;2034;2090
2013;2038;1742
2014;2036;2038
2011;2048;2048
2013;2039;2056
2011;1982;1956
2012;2019;1996
2012;2028;1981
2009;2057;2327
2007;2058;2211
2007;2055;2059
2011;2048;1788
2010;2048;2029
2009;2048;2056
2011;2048;2048
2010;2108;2075
2010;2063;2078
2011;2058;2099
2013;2041;2347
2011;2024;2237
1988;2034;1992
2011;2038;1725
2010;2038;2020
2013;2038;2031
2011;2036;2038
2012;1987;1978
2012;2017;1990
2011;2029;2011
2013;2050;2227
2013;2051;2092
2009;2048;2037
2010;2048;1789
2011;2048;2020
2010;2048;2027
2011;2048;2050
2010;2109;2041
2011;2065;2094
2008;2054;2105
2007;2048;2197
2009;2026;2108
2010;2038;2075
2010;2037;1723
2009;2037;2035
2009;2039;2031
2010;2040;2048
2013;1985;1955
2011;2024;2023
2013;2030;1998
2011;2048;2149
2013;2054;2090
2011;2050;2114
2009;2039;1759
2009;2048;2048
2010;2048;2037
2011;2048;2048
2007;2107;2048
2010;2062;2141
2011;2051;2055
2009;2057;2180
1999;2022;2155
2011;2035;1919
2007;2034;1728
2011;2035;2026
2012;2039;2058
2010;2039;2049
2008;1983;1966
2009;2019;2034
2012;2025;2063
2011;2039;2059
2009;2062;2159
2009;2053;2127
2010;2048;1685
2009;2049;2051
2009;2048;2069
2010;2048;2062
2008;2108;2041
2009;2063;2087
2009;2049;2048
2015;2055;2083
2011;2024;2079
2013;2036;2075
2010;2032;1743
2011;2040;2055
2008;2039;2067
2011;2038;2074
2012;1988;2015
2011;2015;2001
2010;2030;2017
2009;2031;2014
2010;2066;2141
2009;2048;2114
2010;2048;1623
2009;2048;2048
2009;2048;2075
2010;2048;2073
2011;2105;2057
2009;2065;2050
2010;2051;2056
2010;2053;2049
2010;2022;2091
2008;2035;2030
1999;2035;1693
2009;2035;2052
2012;2038;2062
2013;2040;2054
2008;1998;1982
2011;2017;1999
2011;2031;1985
2012;2048;2006
2015;2064;2088
2010;2048;2143
2006;2048;1581
2006;2040;2018
2011;2048;2051
2011;2048;2057
2010;2097;2022
2009;2062;2059
2009;2048;2041
2011;2055;2075
2010;2019;2195
2012;2039;2049
2011;2031;1695
2010;2037;2020
2011;2048;2027
2011;2039;2035
2013;2009;2006
2011;2020;2061
2011;2033;1972
2007;2035;1992
2007;2062;2208
2010;2049;1997
2011;2048;1542
2011;2058;1998
2009;2048;2033
2011;2048;2034
2009;2083;1965
2009;2061;2021
2011;2048;2081
2001;2057;2095
2008;2024;2159
2009;2039;2017
2013;2026;1624
2010;2038;2031
2011;2042;2051
2010;2037;2059
2013;2013;2013
2011;2020;2020
2011;2035;2019
2011;2031;2022
2011;2065;2193
2010;2048;2101
2011;2039;1628
2007;2048;2031
2010;2048;2065
2010;2048;2048
2008;2080;2018
2010;2062;2090
2008;2048;2110
2011;2059;2118
2006;2019;2139
2010;2036;2027
2011;2023;1569
2012;2048;2029
2011;2037;2054
2010;2034;2057
2011;2017;2089
2009;2020;2025
2011;2041;2033
2009;2031;2005
2009;2069;2278
2012;2048;1999
2007;2049;1609
2010;2048;2035
2010;2048;2048
2010;2048;2053
2007;2070;2006
2009;2063;2041
2009;2048;2069
2010;2061;2051
2010;2017;2206
2010;2038;2079
2009;2021;1602
2014;2039;2021
2009;2049;2058
2010;2048;2049
2010;2031;2105
2007;2015;1995
2012;2048;2090
2011;2029;2001
2011;2069;2180
2010;2048;2083
2006;2048;1615
2009;2041;2029
2011;2049;2055
2011;2048;2037
2011;2061;2025
2011;2066;2074
2011;2037;2015
2010;2065;2100
2014;2009;2181
2010;2036;2129
2011;2021;1454
2008;2048;2009
2011;2036;2048
2011;2037;2054
2011;2039;2129
2011;2020;2048
2011;2048;2011
2011;2032;2035
2013;2064;2239
2009;2051;2136
2010;2048;1574
2007;2048;2027
2013;2040;2048
2010;2048;2023
2009;2041;2023
2011;2062;2021
2008;2035;2054
2010;2058;2051
2015;2015;2174
2010;2037;2067
2011;2017;1578
2009;2031;2013
2010;2048;2048
2009;2037;2049
2010;2036;2054
2009;2020;2008
2010;2026;2063
2012;2038;1982
2010;2068;2093
2012;2048;2019
2010;2052;1633
2009;2048;2029
2010;2048;2049
2010;2048;2069
2009;2052;2066
2009;2064;2067
2011;2041;2070
2010;2057;2061
2010;2005;2335
2013;2032;2102
2009;2015;1617
2011;2039;2014
2010;2048;2061
2010;2038;2053
2010;2039;2064
2009;2024;2050
2010;2049;2105
2014;2036;2098
2007;2066;2298
2010;2053;2143
2008;2049;1586
2011;2048;2016
2009;2048;2068
2007;2048;2071
2009;2048;2063
2007;2075;2125
2011;2039;2113
2011;2048;2157
2015;2013;2292
2014;2036;2108
2010;2024;1653
2012;2039;2013
2009;2048;2039
2009;2038;2060
2011;2040;2058
2012;2017;2057
2011;2048;2074
2011;2048;2097
2011;2060;2260
2011;2048;2065
2010;2056;1724
2015;2048;2017
2008;2048;2057
2009;2040;2048
2009;2048;2065
2008;2072;2143
2010;2035;2048
2008;2048;2048
2010;2007;2298
2010;2039;2162
2010;2019;1909
2009;2048;2004
2011;2031;2048
2008;2041;2048
2012;2041;2039
2009;2013;2060
2009;2036;2097
2012;2048;2125
2010;2057;2192
2007;2050;2048
2010;2063;1844
2010;2048;2010
2010;2048;2048
2011;2048;2039
2011;2048;2030
2010;2076;2028
2011;2048;2029
2007;2048;2109
2013;2015;2236
2010;2035;2082
2012;2026;1948
2009;2040;1987
2011;2039;2029
2011;2041;2028
2009;2048;2028
2011;2008;2048
2011;2038;2080
2013;2051;2048
2010;2064;2278
2009;2056;2135
2009;2060;1997
2010;2039;2002
2009;2048;2054
2010;2039;2048
2007;2048;2037
2007;2080;2113
2011;2048;1834
2010;2033;2071
2011;2009;2342
2011;2033;2168
2013;2020;2006
2010;2048;2010
2010;2048;2054
2011;2038;2057
2009;2039;2051
2009;2011;2052
2009;2048;2075
2011;2058;2081
2009;2059;2272
2011;2048;2019
2010;2050;2037
2010;2048;2019
2011;2048;2077
2011;2055;2082
2011;2049;2065
2007;2078;2111
2006;2049;2040
2009;2026;2029
2013;2008;2239
2011;2029;2031
2009;2026;2079
2007;2048;2005
2010;2039;2062
2010;2039;2062
2010;2037;2067
2012;2011;2053
2011;2040;2078
2013;2059;2123
2012;2063;2303
2009;2051;2031
2007;2057;2065
2011;2048;2013
2009;2048;2077
2007;2048;2064
2007;2049;2067
2006;2080;2112
2010;2060;2073
2010;2033;2034
2008;2003;2301
2010;2035;1799
2011;2031;2125
2008;2039;1979
2010;2048;2059
2009;2039;2051
2010;2038;2060
2011;2005;2052
2010;2040;2094
2011;2057;2124
2010;2055;2262
2007;2056;2118
2009;2059;2048
2010;2048;1963
2011;2048;2054
2010;2048;2053
2010;2048;2051
2007;2083;2069
2007;2051;2061
2006;2019;2010
2013;2009;2277
2010;2031;2109
2001;2035;2072
2011;2038;1925
2009;2048;2019
2007;2039;2048
2010;2039;2037
2012;2005;2067
2011;2027;2052
2009;2059;2085
2011;2059;2249
2007;2053;2087
2011;2053;2004
2007;2048;1965
2015;2048;2048
2010;2048;2039
2011;2048;2048
2009;2085;2114
2010;2052;2090
2008;2026;2031
2013;2008;2334
2010;2031;2121
2010;2039;2145
2009;2038;1949
2009;2038;2023
2009;2048;2048
2010;2039;2041
2010;1995;2014
2011;2034;2048
2010;2058;2082
2009;2060;2233
2010;2052;2040
2013;2050;2035
2010;2049;1986
2010;2048;2056
2007;2048;2059
2011;2049;2053
2008;2090;2087
2009;2055;2048
2009;2023;2095
2011;2009;2291
2011;2033;2014
2012;2032;2021
2009;2039;1983
2010;2041;2054
2010;2040;2053
2010;2039;2060
2011;1995;2025
2009;2031;2034
2010;2058;2077
2007;2048;2317
2009;2058;2094
2009;2052;2176
2007;2048;1983
2009;2048;2065
2011;2048;2065
2009;2048;2048
2009;2090;2128
2007;2054;2122
2009;2017;2031
2010;2009;2285
2011;2030;2188
2008;2032;2038
2009;2048;1973
2010;2039;2057
2011;2048;2055
2011;2039;2055
2010;1990;1963
2011;2031;2039
2011;2052;2125
2011;2066;2283
2011;2051;2097
2012;2052;2186
2009;2048;1971
2008;2048;2080
2011;2048;2062
2010;2048;2060
2006;2100;2091
2010;2054;2058
2011;2026;2039
2012;2013;2337
2011;2031;2098
2011;2037;2037
2007;2037;1973
2009;2038;2039
2009;2050;2048
2011;2048;2055
2013;1991;2048
2012;2026;2087
2010;2048;2107
2012;2061;2371
2004;2055;2048
2014;2052;2053
2009;2048;1931
2009;2048;2048
2010;2048;2056
2010;2048;2048
2008;2099;2090
2009;2056;2048
2013;2031;2011
2010;2013;2364
2008;2030;2093
2011;2048;2059
2008;2035;1936
2010;2048;2038
2011;2039;2036
2012;2048;2048
2011;1985;1956
2010;2023;2069
2005;2048;2080
2015;2066;2477
2012;2055;2081
2013;2048;1988
2009;2048;1919
2009;2048;2048
2010;2048;2051
2008;2050;2059
2008;2095;2100
2008;2057;2089
2013;2038;2077
2011;2011;2372
2011;2035;2113
2009;2034;2039
2008;2041;1923
2011;2038;2023
2009;2040;2037
2009;2042;2041
2008;1979;1942
2013;2012;2026
2010;2048;2104
2010;2066;2377
2010;2053;2074
2011;2053;2084
2011;2048;1899
2010;2048;2055
2010;2048;2065
2011;2048;2051
2006;2101;2029
2009;2060;2058
2009;2039;2100
2008;2012;2255
1991;2031;2122
2010;2031;2108
2009;2040;1928
2009;2048;2050
2009;2048;2049
2010;2039;2055
2011;1980;1991
2010;2023;2038
2009;2032;2063
2009;2070;2551
2011;2050;2112
2007;2051;2094
2009;2053;1908
2009;2048;2059
2010;2048;2054
2011;2050;2053
2007;2106;2132
2007;2061;2101
2007;2048;2107
2009;2015;2371
2012;2035;2227
2011;2035;2019
2011;2038;1922
2011;2048;2049
2007;2048;2048
2011;2048;2061
2011;1979;2015
2013;2020;1997
2010;2031;2069
2009;2061;2347
2009;2053;2171
2013;2051;2084
2010;2048;1924
2008;2048;2061
2010;2048;2067
2010;2038;2054
2007;2105;2069
2009;2061;2051
2010;2052;2089
2010;2021;2347
2010;2035;2139
2008;2037;2132
2009;2041;1895
2007;2039;2048
2011;2039;2035
2010;2039;2031
2015;1981;1943
2011;2021;1998
2012;2020;2021
2009;2065;2411
2006;2049;2132
2007;2056;2089
2009;2048;1907
2009;2049;2057
2008;2039;2048
2008;2048;2048
2009;2108;2037
2008;2062;2098
2008;2059;2105
2013;2017;2425
2014;2035;2170
2010;2032;2051
2010;2035;1818
2009;2048;2034
2009;2039;2048
2009;2038;2052
2011;1969;1935
2011;2019;1986
2013;2023;2033
2011;2074;2379
2009;2055;2111
2009;2048;2095
2011;2048;1900
2010;2048;2057
2009;2048;2056
2011;2048;2074
2011;2108;2077
2009;2063;2075
2010;2058;2092
2011;2023;2506
2011;2030;2055
2012;2036;2094
2011;2035;1860
2010;2035;2050
2006;2040;2068
2008;2039;2065
2012;1977;1986
2011;2021;1994
2011;2016;2011
2011;2068;2371
2011;2054;2098
2008;2048;2068
2009;2048;1896
2009;2053;2051
2010;2051;2067
2011;2054;2074
2005;2108;2087
2008;2064;2129
1998;2059;2129
2021;2023;2340
2013;2031;2158
2009;2036;1986
2011;2041;1872
2010;2038;2037
2010;2039;2052
2013;2039;2058
2011;1973;1932
2011;2021;1995
2009;2022;2026
2010;2073;2403
2013;2053;2125
2009;2050;2136
1991;2048;1893
2009;2048;2050
2010;2048;2059
2010;2048;2051
2009;2110;2106
2009;2061;2111
2010;2054;2079
2010;2033;2473
2010;2032;2048
2010;2048;2122
2011;2037;1827
2009;2040;2048
2010;2039;2063
2010;2038;2053
2011;1977;1956
2011;2021;1969
2010;2019;2031
2009;2067;2476
2008;2048;2086
2013;2049;1995
2010;2048;1835
2009;2048;2056
2011;2048;2058
2011;2048;2071
2007;2111;2098
2007;2064;2098
2008;2061;2097
2015;2037;2349
2008;2033;2161
2007;2039;2114
2007;2035;1833
2012;2037;2051
2010;2039;2054
2010;2037;2051
2009;1976;2030
2010;2015;2002
2010;2027;2014
2009;2075;2388
2010;2056;2095
2008;2050;2002
2011;2048;1809
2010;2048;2048
2012;2048;2064
2010;2048;2065
2009;2105;2039
2011;2057;2048
2009;2058;2091
2009;2041;2385
2007;2029;2132
2011;2035;2042
2010;2035;1791
2010;2039;2035
2011;2048;2049
2013;2037;2035
2014;1974;2024
2007;2021;2023
2011;2025;1973
2011;2062;2381
2001;2048;2090
2011;2053;2094
2011;2034;1693
2011;2049;2016
2011;2049;2051
2007;2048;2049
2007;2112;2078
2013;2060;2053
2008;2063;2114
2013;2048;2219
2011;2026;2129
2009;2037;2075
2010;2037;1759
2012;2038;2024
2010;2041;2034
2011;2039;2032
2013;1983;1988
2000;2031;2003
2009;2026;1997
2011;2052;2229
2010;2054;2151
2011;2052;2095
2013;2048;1701
2009;2048;2031
2021;2049;2051
2010;2038;2054
2019;2110;2087
2008;2064;2048
2008;2060;2145
2011;2048;2221
2009;2029;2098
2010;2034;2078
2013;2034;1794
2009;2035;2038
2011;2048;2048
2009;2039;2054
2011;1986;1996
2012;2025;2079
2012;2030;2085
2010;2052;2136
2010;2055;2155
2010;2053;2080
2011;2048;1768
1999;2048;2051
2011;2048;2057
2010;2048;2055
2009;2110;2029
2009;2058;2039
2007;2053;2107
2010;2048;2127
2009;2022;2247
2010;2037;2067
2011;2035;1715
2011;2035;2049
2010;2039;2031
2011;2039;2052
2012;1989;2017
2009;2029;2031
2013;2027;1981
2012;2039;2129
2008;2066;2239
2010;2051;2122
2010;2049;1753
2010;2048;2038
2009;2048;2055
2010;2048;2057
2009;2129;2050
2010;2061;2075
2010;2053;2086
2007;2051;2133
2011;2026;2085
2011;2031;2007
2027;2035;1782
2013;2033;2048
2010;2036;2048
2009;2048;2048
2013;1988;2070
2010;2026;2048
2011;2032;1998
2009;2031;2057
2012;2063;2120
2008;2050;2168
2010;2048;1667
2010;2048;2031
2010;2048;2076
2010;2048;2065
2007;2105;2075
2011;2061;2092
2008;2051;2095
2011;2057;2061
2010;2023;2300
2007;2035;2102
2010;2030;1551
2011;2041;2026
2011;2037;2048
2010;2041;2052
2017;2001;2050
2011;2026;2105
2010;2039;2031
2007;2031;2066
2004;2065;2240
2009;2049;2165
2013;2048;1620
2010;2048;2025
2010;2048;2048
2011;2050;2048
2007;2102;2053
2027;2060;2048
2010;2057;2088
2011;2051;2102
2013;2027;2239
2011;2035;2116
2010;2033;1632
2011;2036;2016
2010;2037;2048
2010;2040;2035
2011;2003;2010
2011;2026;2034
2010;2038;2115
2009;2031;2041
2013;2051;2113
2009;2048;2064
2011;2048;1681
2011;2049;2012
2009;2051;2048
2011;2048;2048
2008;2094;2059
2011;2061;2051
2011;2048;2109
2010;2064;2072
2013;2017;2111
2010;2041;2074
2007;2026;1663
2011;2038;2016
2012;2048;2041
2011;2028;2035
2011;2010;2019
2010;2013;2036
2008;2039;2066
2012;2030;2007
2010;2062;2243
2009;2048;2055
2007;2048;1581
2009;2050;2020
2010;2048;2050
2010;2059;2048
2007;2083;2077
2004;2069;2100
2009;2048;2111
2010;2052;2086
2011;2018;2227
2013;2039;2126
2011;2025;1673
2011;2048;2048
2009;2041;2055
2011;2029;2048
2010;2023;2059
2011;2026;2048
2011;2048;2037
2009;2028;2012
2010;2059;2209
2008;2054;2048
2010;2048;1531
2010;2048;2037
2010;2048;2063
2010;2048;2053
2010;2075;2048
2009;2065;2084
2010;2048;2087
2010;2057;2121
2011;2013;2197
2006;2029;2011
2008;2021;1596
2011;2041;2031
2010;2038;2061
2011;2037;2051
2014;2028;2059
2011;2023;2026
2011;2048;2061
2010;2031;2049
2011;2061;2129
2012;2049;2027
2007;2048;1568
2010;2048;2029
2011;2049;2050
2013;2048;2039
2009;2066;2013
2011;2080;2040
2009;2048;2031
2010;2058;2074
2015;2009;2143
2011;2041;2067
2011;2020;1615
2007;2039;2018
2007;2041;2048
2007;2039;2050
2011;2041;2080
2011;2019;2017
2011;2048;2020
2010;2029;2086
2013;2070;2189
2007;2048;2036
2009;2048;1630
2009;2048;2015
2010;2048;2048
2011;2048;2048
2009;2058;2026
2012;2065;2058
2010;2049;2053
2009;2050;2058
2011;2011;2218
2012;2035;2064
2012;2021;1567
2011;2048;2004
2009;2039;2037
2011;2037;2048
2013;2040;2037
2012;2021;2025
2013;2048;2057
2010;2036;1967
2012;2069;2163
2012;2050;2034
2012;2048;1619
2007;2048;2013
2011;2048;2048
2011;2048;2048
2010;2048;2026
2011;2063;2085
2009;2039;2077
2009;2050;2074
2010;2015;2249
