2041;2040;1318
2039;2040;1319
2037;2038;1324
2039;2048;1322
2039;2040;1323
2039;2048;1325
2037;2048;1326
2039;2035;1322
2039;2038;1322
2037;2048;1321
2038;2048;1318
2041;2048;1322
2039;2048;1313
2038;2039;1317
2038;2048;1320
2040;2048;1319
2040;2048;1327
2038;2048;1327
2040;2048;1323
2048;2041;1327
2037;2048;1323
2039;2041;1321
2039;2041;1320
2039;2048;1322
2039;2037;1322
2039;2048;1325
2039;2048;1326
2039;2048;1321
2048;2048;1329
2038;2039;1325
2039;2048;1323
2037;2048;1324
2038;2048;1322
2038;2039;1325
2039;2048;1320
2037;2039;1325
2039;2039;1326
2039;2048;1322
2039;2048;1331
2039;2048;1331
2038;2042;1326
2039;2048;1331
2037;2048;1326
2039;2048;1325
2041;2048;1329
2040;2038;1324
2039;2048;1327
2039;2040;1329
2039;2048;1329
2040;2048;1325
2037;2048;1323
2041;2048;1329
2039;2048;1330
2039;2040;1328
2039;2048;1325
2039;2048;1327
2040;2038;1322
2038;2039;1325
2048;2048;1325
2037;2048;1327
2039;2048;1331
2039;2048;1327
2037;2048;1330
2037;2042;1329
2039;2048;1323
2039;2048;1333
2037;2048;1311
2040;2048;1326
2040;2048;1325
2037;2042;1325
2040;2048;1323
2037;2048;1323
2039;2048;1326
2038;2048;1323
2039;2048;1325
2039;2048;1327
2039;2048;1329
2039;2048;1331
2037;2048;1330
2037;2048;1327
2040;2040;1329
2039;2048;1327
2039;2037;1326
2040;2018;1324
2039;2048;1330
2037;2048;1330
2038;2040;1330
2039;2048;1333
2039;2048;1332
2035;2048;1332
2038;2048;1327
2039;2039;1329
2039;2048;1325
2039;2037;1325
2039;2048;1322
2038;2048;1329
2039;2042;1329
2037;2040;1329
2048;2041;1329
2037;2041;1331
2039;2048;1331
2041;2048;1330
2039;2048;1332
2039;2048;1327
2038;2048;1331
2040;2041;1330
2039;2038;1327
2039;2048;1330
2039;2048;1327
2041;2040;1330
2039;2048;1330
2039;2048;1331
2037;2048;1330
2039;2041;1325
2039;2048;1322
2038;2048;1325
2037;2040;1327
2039;2039;1325
2039;2048;1325
2039;2040;1328
2039;2040;1328
2039;2048;1328
2039;2048;1323
2039;2048;1327
2039;2048;1328
2041;2048;1327
2038;2048;1324
2038;2048;1322
2040;2040;1322
2035;2040;1323
2040;2036;1330
2039;2039;1328
2048;2048;1327
2038;2048;1323
2039;2039;1327
2039;2048;1327
2037;2048;1326
2038;2041;1323
2041;2039;1322
2039;2048;1319
2039;2048;1322
2041;2048;1325
2039;2048;1327
2038;2048;1325
2039;2048;1326
2039;2039;1326
2039;2048;1330
2039;2048;1323
2038;2041;1314
2037;2048;1320
2037;2038;1318
2038;2048;1318
2038;2048;1322
2038;2041;1322
2037;2048;1322
2039;2048;1320
2048;2039;1323
2039;2041;1323
2038;2041;1318
2039;2040;1317
2039;2048;1318
2039;2048;1323
2038;2039;1322
2041;2048;1322
2040;2039;1322
2040;2048;1324
2039;2048;1323
2040;2041;1321
2038;2048;1331
2038;2037;1322
2036;2048;1322
2038;2040;1318
2035;2039;1321
2039;2037;1315
2039;2040;1319
2038;2041;1324
2038;2039;1323
2048;2048;1324
2039;2048;1320
2039;2048;1326
2040;2048;1323
2039;2048;1325
2038;2035;1327
2039;2048;1322
2040;2048;1324
2039;2048;1323
2038;2037;1323
2040;2039;1327
2039;2048;1329
2041;2048;1330
2038;2039;1325
2039;2040;1323
2040;2048;1324
2039;2048;1326
2048;2039;1319
2038;2035;1325
2039;2039;1322
2037;2048;1325
2039;2048;1327
2039;2041;1331
2038;2048;1327
2039;2048;1329
2038;2048;1329
2040;2039;1327
2039;2048;1328
2039;2048;1326
2039;2039;1329
2037;2038;1327
2039;2048;1330
2037;2041;1330
2042;2048;1330
2039;2048;1330
2037;2048;1333
2040;2048;1329
2039;2048;1327
2048;2048;1327
2038;2048;1329
2039;2039;1327
2037;2048;1326
2048;2039;1329
2040;2048;1327
2038;2048;1329
2039;2048;1332
2039;2048;1333
2037;2041;1332
2038;2040;1335
2039;2039;1330
2039;2048;1327
2041;2048;1327
2039;2048;1327
2039;2038;1327
2039;2041;1327
2039;2048;1328
2039;2048;1328
2039;2048;1335
2039;2048;1333
2039;2048;1335
2040;2048;1330
2039;2048;1330
2041;2039;1331
2038;2048;1325
2039;2048;1326
2038;2048;1331
2039;2039;1328
2039;2048;1331
2039;2039;1327
2039;2048;1333
2039;2048;1334
2048;2048;1337
2039;2048;1333
2039;2041;1325
2039;2048;1331
2040;2048;1323
2039;1792;1327
2037;2048;1327
2037;2048;1322
2038;2048;1325
2039;2039;1327
2048;2048;1330
2039;2048;1332
2039;2048;1333
2037;2048;1323
2039;2048;1333
2038;2039;1331
2040;2048;1334
2039;2048;1333
2039;2048;1329
2039;2048;1331
2041;2048;1329
2048;2039;1331
2040;2048;1329
2039;2041;1330
2039;2048;1333
2040;2039;1325
2039;2048;1321
2041;2048;1325
2039;2048;1331
2038;2048;1327
2039;2048;1323
2041;2048;1325
2039;2048;1327
2041;2048;1326
2040;2041;1331
2039;2040;1332
2038;2048;1334
2038;2048;1335
2039;2048;1336
2041;2048;1334
2030;2048;1330
2039;2048;1327
2038;2048;1327
2039;2048;1327
2039;2048;1326
2038;2048;1332
2037;2048;1330
2037;2048;1329
2039;2048;1330
2039;2048;1333
2039;2037;1331
2048;2039;1330
2039;2048;1325
2037;2048;1331
2039;2048;1333
2040;2048;1326
2039;2048;1331
2040;2048;1327
2039;2048;1330
2039;2048;1328
2039;2048;1333
2039;2048;1332
2039;2048;1333
2038;2048;1329
2039;2048;1323
2039;2048;1326
2039;2039;1327
2039;2048;1323
2038;2048;1325
2039;2048;1330
2039;2039;1329
2041;2048;1331
2038;2048;1333
2038;2048;1329
2039;2048;1329
2039;2039;1330
2039;2042;1326
2037;2048;1331
2039;2039;1325
2039;2037;1327
2048;2048;1327
2039;2040;1329
2048;2048;1330
2038;2048;1330
2040;2048;1332
2038;2048;1333
2040;2048;1331
2039;2048;1326
2037;2048;1327
2039;2048;1328
2038;2048;1326
2039;2048;1328
2039;2040;1330
2039;2048;1330
2039;2048;1334
2038;2041;1327
2041;2048;1329
2040;2039;1331
2039;2048;1327
2039;2048;1327
2039;2048;1324
2039;2041;1320
2041;2048;1325
2039;2048;1327
2041;2048;1324
2036;2048;1326
2039;2039;1326
2039;2040;1325
2039;2048;1327
2039;2040;1323
2038;2039;1326
2038;2039;1323
2039;2048;1323
2039;2048;1317
2040;2039;1323
2039;2040;1325
2039;2048;1327
2038;2039;1327
2040;2048;1326
2039;2048;1323
2037;2048;1321
2040;2048;1324
2039;2048;1322
2041;2040;1318
2039;2041;1318
2039;2039;1316
2039;2048;1322
2040;2048;1323
2039;2039;1320
2039;2035;1322
2039;2048;1324
2040;2048;1317
2039;2048;1329
2040;2048;1322
2039;2041;1320
2039;2048;1320
2040;2048;1320
2039;2048;1319
2039;2048;1327
2048;2048;1325
2041;2048;1323
2038;2048;1327
2039;2048;1321
2041;2041;1323
2039;2048;1320
2040;2048;1322
2038;2048;1319
2039;2048;1322
2039;2048;1326
2038;2048;1327
2039;2048;1323
2037;2041;1328
2039;2048;1323
2040;2048;1323
2037;2042;1327
2039;2048;1327
2039;2048;1329
2039;2048;1323
2039;2048;1330
2039;2048;1327
2039;2048;1330
2039;2048;1332
2038;2048;1327
2039;2040;1329
2039;2041;1325
2039;2048;1325
2040;2048;1325
2041;2048;1327
2039;2048;1327
2037;2048;1329
2038;2048;1335
2040;2048;1326
2039;2048;1329
2038;2048;1332
2041;2042;1329
2039;2048;1334
2039;2048;1330
2038;2048;1328
2040;2048;1329
2039;2038;1331
2039;2048;1323
2037;2041;1329
2039;2048;1333
2039;2048;1333
2041;2048;1329
2038;2048;1323
2041;2040;1319
2039;2048;1301
2039;2048;1323
2039;2048;1323
2039;2048;1326
2048;2048;1327
2038;2039;1329
2039;2049;1324
2040;2041;1332
2038;2048;1331
2039;2048;1327
2039;2035;1323
2039;2048;1320
2038;2048;1322
2039;2048;1326
2040;2061;1325
2039;2056;1323
2039;2048;1326
2039;2050;1320
2040;2068;1319
2038;2048;1321
2039;2051;1319
2038;2048;1321
2039;2040;1320
2039;2048;1318
2039;2048;1321
2037;2048;1320
2039;2039;1320
2039;2048;1321
2039;2055;1325
2040;2049;1322
2039;2039;1318
2039;2048;1316
2038;2051;1319
2039;2048;1315
2040;2052;1316
2039;2056;1319
2039;2048;1323
2039;2039;1323
2040;2040;1321
2039;2048;1319
2038;2048;1324
2039;2048;1322
2039;2039;1322
2039;2048;1323
2039;2050;1322
2039;2048;1325
2040;2048;1325
2037;2051;1329
2039;2049;1338
2039;2050;1330
2038;2038;1327
2048;2039;1329
2040;2048;1325
2040;2058;1323
2039;2048;1329
2039;2057;1329
2039;2048;1327
2039;2021;1327
2038;2037;1329
2039;2039;1333
2039;2053;1329
2039;2048;1331
2038;2036;1327
2041;2048;1327
2039;2048;1329
2039;2048;1329
2039;2048;1329
2038;2038;1334
2041;2051;1332
2038;2048;1331
2037;2048;1333
2048;2048;1327
2039;2048;1315
2048;2048;1327
2036;2048;1323
2048;2048;1327
2037;2049;1325
2038;2025;1327
2041;2049;1323
2039;2041;1321
2038;2048;1327
2038;2048;1325
2040;2048;1327
2038;2051;1323
2048;2048;1325
2040;2048;1326
2039;2048;1323
2040;2048;1325
2039;2049;1325
2040;2051;1329
2036;2048;1329
2041;2048;1324
2039;2048;1330
2048;2048;1329
2037;2048;1333
2039;2048;1321
2040;2048;1320
2039;2038;1317
2041;2039;1317
2040;2048;1313
2039;2038;1316
2039;2041;1325
2039;2048;1326
2040;2048;1321
2048;2048;1322
2038;2048;1321
2040;2048;1324
2039;2048;1318
2039;2048;1320
2039;2050;1320
2039;2050;1325
2039;2039;1321
2039;2048;1325
2048;2048;1327
2040;2048;1324
2039;2048;1325
2041;2048;1325
2039;2040;1319
2040;2039;1315
2039;2036;1318
2039;2048;1323
2039;2048;1327
2039;2048;1327
2048;2049;1327
2038;2048;1328
2038;2048;1327
2040;2048;1327
2038;2054;1325
2039;2048;1328
2039;2049;1328
2040;2048;1330
2041;2048;1327
2038;2048;1330
2038;2051;1331
2039;2038;1336
2040;2048;1331
2040;2048;1329
2038;2039;1332
2041;2048;1325
2040;2041;1323
2039;2048;1321
2048;2054;1332
2039;2048;1325
2039;2048;1329
2041;2048;1329
2038;2050;1334
2038;2048;1334
2039;2049;1333
2039;2048;1330
2037;2051;1331
2039;2049;1333
2039;2048;1329
2041;2050;1329
2039;2048;1327
2038;2026;1331
2038;2048;1331
2048;2050;1331
2039;2035;1332
2037;2048;1343
2041;2048;1331
2039;2048;1327
2040;2048;1326
2038;2038;1331
2038;2048;1326
2039;2048;1331
2040;2048;1330
2039;2048;1334
2039;2048;1329
2038;2050;1335
2039;2052;1334
2048;2048;1337
2039;2048;1333
2039;2048;1329
2041;2048;1330
2041;2031;1329
2039;2048;1329
2038;2048;1321
2040;2038;1333
2037;2048;1327
2039;2035;1327
2039;2048;1329
2038;2051;1335
2039;2048;1332
2039;2040;1329
2048;2048;1329
2038;2054;1331
2039;2048;1331
2038;2051;1327
2040;2048;1329
2039;2048;1331
2039;2048;1330
2040;2048;1329
2041;2048;1332
2038;2048;1333
2039;2048;1332
2048;2048;1329
2041;2048;1325
2039;2040;1331
2040;2048;1325
2039;2035;1324
2039;2048;1319
2038;2048;1321
2040;2040;1327
2040;2048;1324
2038;2048;1332
2039;2048;1331
2039;2048;1327
2039;2048;1327
2038;2052;1327
2040;2054;1319
2038;2048;1324
2039;2035;1324
2040;2048;1325
2039;2049;1327
2039;2048;1322
2039;2048;1324
2039;2048;1327
2038;2030;1320
2039;2048;1320
2038;2031;1317
2039;2048;1315
2038;2051;1321
2039;2049;1318
2037;2048;1317
2039;2048;1322
2040;2048;1324
2039;2048;1331
2038;2048;1325
2038;2048;1329
2038;2055;1325
2040;2048;1325
2037;2048;1319
2039;2038;1329
2040;2050;1320
2039;2031;1319
2039;2038;1323
2038;2035;1323
2040;2037;1324
2038;2039;1321
2039;2037;1323
2041;2037;1320
2038;2048;1321
2039;2048;1321
2039;2048;1322
2039;2048;1321
2039;2048;1327
2037;2048;1324
2039;2049;1325
2037;2048;1327
2040;2048;1327
2039;2048;1327
2039;2048;1326
2039;2048;1326
2039;2048;1324
2038;2048;1323
2040;2037;1321
2040;2039;1323
2039;2039;1327
2040;2040;1323
2041;2035;1325
2039;2039;1327
2039;2048;1325
2038;2048;1329
2038;2048;1323
2040;2048;1326
2039;2048;1325
2039;2048;1322
2039;2049;1323
2039;2048;1327
2037;2048;1335
2040;2050;1338
2040;2048;1331
2040;2048;1330
2039;2048;1332
2040;2036;1331
2039;2039;1331
2039;2040;1327
2041;2049;1324
2039;2034;1328
2039;2037;1329
2038;2040;1331
2048;2048;1335
2039;2048;1330
2038;2051;1331
2040;2048;1331
2038;2048;1329
2039;2048;1331
2039;2041;1331
2039;2060;1333
2037;2040;1329
2031;2048;1333
2039;2049;1335
2040;2041;1335
2038;2051;1329
2038;2040;1335
2041;2039;1331
2039;2051;1334
2038;2048;1331
2039;2030;1325
2039;2048;1334
2039;2042;1330
2029;2048;1327
2037;2041;1335
2038;2048;1335
2039;2057;1333
2039;2050;1331
2038;2048;1326
2038;2048;1323
2039;2048;1331
2038;2048;1321
2039;2048;1328
2041;2048;1327
2038;2049;1329
2038;2041;1327
2038;2048;1332
2038;2048;1329
2039;2031;1328
2039;2048;1323
2039;2048;1319
2048;2038;1323
2038;2048;1317
2039;2039;1322
2048;2048;1326
2038;2048;1326
2039;2048;1323
2048;2049;1325
2039;2052;1323
2039;2048;1320
2038;2048;1321
2041;2050;1322
2038;2048;1323
2039;2041;1325
2039;2048;1323
2038;2048;1327
2026;2048;1327
2038;2048;1327
2039;2058;1329
2039;2033;1323
2037;2027;1323
2041;2048;1321
2038;2290;1341
2048;2039;1326
2039;2048;1333
2039;2048;1339
2040;2048;1336
2039;2048;1336
2037;2050;1331
2039;2050;1333
2037;2048;1330
2038;2048;1329
2038;2041;1331
2037;2048;1331
2037;2054;1334
2037;2039;1337
2038;2048;1335
2039;2041;1338
2039;2039;1344
2039;2048;1337
2039;2048;1338
2039;2048;1338
2033;2037;1335
2039;2048;1338
2039;2048;1351
2039;2041;1347
2038;2048;1351
2039;2048;1350
2037;2039;1357
2040;2048;1364
2038;2052;1370
2037;2031;1379
2041;2011;1392
2039;2005;1418
2039;2004;1432
2037;2027;1433
2037;2032;1431
2039;2031;1435
2039;2039;1441
2037;2027;1447
2037;2031;1446
2038;2030;1451
2039;2027;1443
2037;2038;1449
2038;2048;1446
2037;2037;1444
2036;2036;1437
2039;2034;1451
2037;2039;1448
2038;2035;1452
2036;2039;1465
2036;2039;1463
2037;2035;1463
2038;2037;1465
2036;2037;1459
2038;2034;1457
2035;2031;1465
2038;2037;1468
2037;2035;1470
2035;2048;1476
2037;2030;1472
2037;2023;1482
2036;2036;1482
2035;2037;1480
2035;2037;1485
2036;2038;1483
2036;2038;1483
2036;2033;1479
2037;2038;1484
2037;2033;1489
2037;2048;1494
2040;2048;1496
2037;2032;1500
2036;2036;1496
2036;2031;1510
2038;2034;1504
2036;2040;1499
2039;2038;1506
2036;2036;1501
2034;2036;1500
2036;2029;1503
2035;2027;1503
2036;2028;1514
2035;2048;1514
2038;2048;1519
2037;2034;1515
2035;2033;1523
2035;2036;1521
2036;2036;1519
2037;2040;1523
2036;2048;1515
2036;2035;1519
2035;2041;1529
2037;2034;1529
2037;2035;1529
2035;2033;1535
2035;2038;1545
2037;2049;1545
2035;2048;1547
2037;2021;1538
2035;2035;1542
2034;2031;1539
2036;2032;1540
2033;2035;1545
2038;2048;1548
2036;2035;1554
2036;2040;1554
2039;2048;1558
2036;2037;1558
2037;2033;1559
2037;2048;1560
2035;2039;1561
2035;2048;1554
2036;2039;1567
2036;2032;1560
2035;2038;1572
2037;2039;1577
2035;2039;1572
2037;2037;1577
2036;2035;1583
2036;2031;1585
2035;2048;1588
2035;2033;1578
2037;2052;1576
2036;2029;1591
2038;2036;1587
2037;2048;1595
2036;2037;1590
2037;2037;1594
2037;2038;1591
2034;2048;1599
2036;2037;1602
2035;2048;1604
2035;2037;1599
2036;2048;1606
2039;2038;1603
2037;2038;1604
2036;2040;1611
2037;2039;1611
2035;2036;1617
2031;2026;1616
2036;2037;1612
2035;2048;1615
2036;2037;1619
2036;2023;1612
2037;2048;1618
2037;2035;1615
2036;2034;1618
2035;2037;1622
2034;2039;1631
2037;2048;1634
2037;2049;1635
2034;2034;1625
2033;2039;1627
2035;2048;1628
2037;2037;1621
2035;2039;1640
2036;2039;1631
2037;2037;1634
2036;2037;1629
2035;2030;1637
2035;2040;1631
2035;2032;1641
2035;2034;1632
2037;2037;1629
2036;2031;1631
2037;2038;1627
2033;2048;1633
2035;2036;1634
2035;2037;1643
2037;2051;1643
2035;2032;1641
2037;2048;1647
2035;2035;1645
2035;2048;1643
2035;2033;1629
2034;2035;1634
2035;2039;1645
2035;2035;1651
2035;2038;1651
2037;2033;1651
2035;2028;1655
2030;2039;1655
2036;2035;1655
2037;2038;1655
2037;2031;1646
2036;2039;1653
2036;2037;1662
2036;2034;1662
2035;2040;1663
2035;2049;1671
2037;2041;1667
2036;2035;1664
2037;2037;1665
2035;2037;1675
2035;2035;1667
2035;2048;1673
2036;2048;1667
2036;2031;1666
2036;2034;1683
2036;2039;1683
2034;2039;1684
2033;2034;1689
2034;2024;1686
2036;2039;1691
2036;2048;1687
2037;2038;1683
2034;2038;1687
2033;2035;1683
2035;2040;1681
2034;2051;1698
2029;2040;1691
2035;2038;1701
2035;2039;1693
2036;2048;1691
2035;2036;1696
2034;2034;1698
2035;2041;1693
2036;2048;1697
2038;2039;1693
2035;2035;1695
2035;2039;1702
2036;2029;1703
2035;2033;1700
2036;2037;1695
2035;2034;1701
2037;2040;1697
2035;2048;1695
2035;2041;1694
2033;2039;1698
2035;2050;1701
2034;2039;1703
2034;2038;1700
2036;2048;1701
2034;2035;1707
2037;2035;1701
2036;2048;1699
2037;2036;1696
2037;2037;1704
2035;2037;1715
2036;2034;1709
2036;2033;1708
2037;2033;1714
2035;2035;1709
2034;2039;1716
2037;2034;1713
2036;2041;1707
2033;2041;1708
2037;2048;1711
2035;2038;1716
2036;2051;1724
2036;2033;1725
2037;2037;1721
2036;2039;1731
2036;2036;1722
2035;2036;1729
2036;2025;1725
2038;2039;1722
2036;2035;1743
2035;2039;1728
2037;2031;1730
2036;2048;1738
2034;2031;1733
2033;2031;1746
2035;2039;1734
2036;2039;1733
2037;2039;1735
2035;2039;1736
2034;2037;1738
2035;2048;1738
2037;2048;1747
2034;2048;1741
2037;2038;1751
2035;2030;1739
2036;2048;1747
2048;2048;1751
2033;2048;1752
2036;2033;1743
2036;2038;1742
2036;2048;1743
2035;2034;1746
2036;2048;1753
2036;2033;1750
2035;2035;1750
2038;2039;1747
2035;2040;1749
2038;2048;1749
2036;2038;1747
2037;2037;1737
2035;2048;1749
2035;2049;1748
2036;2035;1746
2034;2048;1749
2036;2038;1754
2037;2034;1753
2036;2048;1758
2036;2037;1756
2039;2039;1761
2035;2048;1745
2034;2048;1750
2036;2027;1743
2037;2034;1745
2036;2029;1751
2037;2037;1754
2037;2048;1753
2035;2036;1755
2036;2036;1760
2036;2037;1755
2035;2048;1757
2037;2039;1754
2037;2048;1751
2036;2048;1753
2036;2037;1753
2037;2035;1754
2037;2037;1761
2039;2048;1762
2035;2032;1763
2037;2036;1763
2036;2039;1762
2035;2041;1767
2037;2035;1765
2036;2025;1754
2036;2037;1765
2037;2038;1771
2036;2048;1774
2035;2037;1771
2038;2048;1769
2036;2048;1772
2036;2048;1777
2036;2034;1772
2035;2050;1775
2035;2048;1775
2034;2048;1773
2035;2039;1779
2037;2039;1781
2035;2051;1787
2036;2048;1782
2035;2048;1787
2036;2031;1789
2039;2037;1785
2035;2031;1780
2037;2035;1781
2035;2033;1780
2035;2048;1787
2037;2035;1783
2034;2048;1787
2037;2048;1787
2035;2039;1791
2037;2048;1791
2035;2039;1783
2035;2049;1783
2033;2048;1791
2035;2049;1780
2035;2036;1778
2037;2037;1784
2036;2048;1781
2037;2038;1782
2039;2036;1790
2036;2039;1790
2035;2041;1789
2036;2029;1782
2038;2037;1778
2036;2032;1779
2035;2037;1782
2038;2048;1781
2038;2037;1782
2036;2048;1786
2036;2039;1789
2033;2028;1786
2034;2048;1793
2035;2048;1791
2036;2039;1790
2036;2048;1787
2037;2029;1783
2037;2035;1779
2036;2040;1785
2035;2048;1787
2031;2034;1791
2038;2037;1790
2037;2048;1789
2035;2025;1799
2037;2035;1790
2037;2034;1794
2035;2048;1791
2036;2036;1791
2037;2027;1784
2037;2039;1784
2037;2048;1787
2035;2037;1788
2035;2048;1795
2037;2051;1799
2036;2037;1793
2035;2048;1800
2035;2034;1801
2034;2039;1798
2037;2048;1795
2036;2035;1793
2037;2034;1793
2049;2039;1794
2035;2048;1802
2036;2027;1795
2036;2030;1794
2036;2030;1805
2035;2048;1804
2036;2039;1805
2035;2031;1806
2034;2048;1803
2037;2066;1801
2033;2039;1798
2037;2037;1804
2037;2048;1803
2036;2038;1804
2038;2048;1805
2036;2038;1809
2036;2033;1807
2036;2038;1807
2035;2039;1814
2035;2029;1813
2036;2048;1811
2035;2048;1803
2037;2019;1811
2037;2038;1804
2033;2029;1807
2035;2037;1807
2037;2048;1803
2036;2036;1809
2037;2037;1815
2037;2040;1815
2035;2040;1818
2035;2037;1819
2036;2051;1812
2035;2039;1821
2036;2040;1810
2035;2036;1819
2036;2048;1811
2035;2041;1817
2037;2048;1819
2038;2036;1819
2034;2038;1821
2037;2034;1819
2038;2031;1830
2037;2039;1827
2037;2031;1818
2037;2038;1813
2037;2048;1817
2036;2037;1818
2034;2048;1819
2035;2041;1824
2038;2048;1829
2035;2038;1816
2036;2036;1825
2035;2041;1826
2034;2051;1828
2035;2041;1831
2035;2038;1823
2035;2037;1819
2038;2048;1822
2035;2035;1829
2037;2039;1828
2036;2050;1827
2037;2029;1834
2035;2036;1828
2036;2032;1831
2037;2048;1830
2037;2037;1833
2034;2033;1827
2034;2048;1826
2038;2048;1831
2036;2037;1825
2037;2048;1826
2036;2048;1821
2038;2048;1832
2036;2048;1838
2041;2040;1837
2035;2035;1834
