2026;2050;1983
2026;2049;2007
2023;2005;1945
2023;2036;1995
2023;2048;2048
2023;2027;2001
2022;2055;2165
2025;2034;2095
2023;2035;1535
2020;2039;2000
2024;2038;2013
2020;2048;2035
2022;2074;1993
2022;2037;2023
2025;2027;1981
2022;2054;2130
2023;2023;2157
2021;2035;2011
2021;2013;1596
2020;2048;2029
2025;2051;2007
2022;2037;2048
2023;2025;2012
2024;2038;1955
2017;2048;2026
2020;2030;1961
2025;2057;2103
2020;2034;1961
2019;2039;1640
2017;2041;2022
2019;2039;2054
2019;2049;2029
2020;2058;2071
2024;2039;2184
2020;2034;2077
2023;2048;2100
2023;2026;2048
2031;2048;2057
2021;2020;1443
2022;2008;1984
2024;2048;2052
2022;2039;2005
2019;2035;2054
2019;2037;2063
2021;2048;2048
2022;2036;2016
2019;2060;2259
2021;2039;1944
2021;2048;1602
2018;2048;1979
2019;2042;2005
2020;2048;1991
2021;2048;1997
2021;2042;2001
2022;2027;1943
2021;2048;2029
2022;2019;2119
2020;2048;2069
2024;2021;1669
2019;2048;1990
2021;2041;2020
2016;2038;2027
2021;2040;1994
2021;2037;2025
2022;2048;2000
2021;2039;2039
2021;2054;2262
2022;2051;2087
2021;2037;1669
2018;2048;1952
2021;2039;2023
2020;2039;2013
2025;2063;2026
2021;2048;2021
2019;2027;1987
2021;2029;1990
2022;2019;2218
2022;2038;2063
2021;2023;1991
2024;2039;1942
2022;2048;2014
2021;2036;2008
2023;2039;2010
2021;2031;1997
2020;2050;2079
2022;2049;2124
2017;2059;2287
2021;2048;2028
2020;2053;1921
2019;2048;1971
2021;2038;2027
2019;2048;2035
2019;2048;2011
2020;2051;2026
2019;2031;1983
2023;2024;2050
2020;2010;2213
2023;2048;2096
2021;2035;2057
2020;2039;1970
2021;2048;2018
2022;2048;2048
2021;2036;2039
2021;2029;2002
2022;2052;2131
2020;2054;2057
2023;2056;2260
2018;2048;2171
2018;2048;2028
2023;2041;1956
2020;2023;2055
2022;2048;2028
2021;2048;2031
2019;2054;2125
2019;2033;2003
2019;2017;1951
2023;2011;2253
2022;2041;2040
2020;2029;2000
2020;2041;1946
2025;2048;2016
2023;2036;2023
2021;2048;2024
2019;2018;1983
2019;2048;2048
2021;2061;2123
2023;2059;2248
2019;2048;2030
2022;2063;2029
2021;2037;1977
2021;2039;2026
2021;2048;2077
2021;2048;2029
2023;2055;2024
2022;2039;1971
2023;2017;1955
2026;2017;2282
2021;2048;2105
2021;2031;2011
2020;2048;1935
2022;2048;1983
2019;2048;2031
2021;2040;2026
2007;2018;1970
2017;2041;1973
2022;2063;2085
2019;2054;2391
2019;2048;2035
2019;2048;1989
2019;2041;1939
2021;2039;1995
2019;2038;2013
2022;2048;2013
2022;2051;2061
2021;2037;1971
2022;2019;2009
2023;2015;2189
2023;2048;2087
2022;2048;2072
2020;2048;1884
2020;2036;1992
2021;2048;1996
2022;2041;2022
2023;2011;1856
2021;2036;1938
2020;2053;2092
2021;2053;2261
2014;2048;1955
2023;2048;2073
2019;2048;1902
2020;2039;2010
2022;2039;2013
2021;2048;2019
2020;2075;2139
2022;2041;2013
2022;2021;2002
2025;2009;2187
2023;2039;1924
2020;2038;2080
2021;2048;1890
2019;2049;1989
2021;2039;2004
2021;2039;2010
2021;2051;1887
2018;2048;1999
2022;2048;2088
2022;2059;2426
2022;2049;2099
2024;2049;2158
2023;2048;1912
2022;2040;2035
2022;2048;2021
2025;2048;2037
2022;2074;2066
2021;2048;2058
2024;2029;2035
2025;2015;2336
2026;2033;1922
2024;2039;1979
2025;2039;1917
2025;2018;2059
2024;2037;2020
2024;2048;2023
2025;2002;1883
2021;2034;1911
2022;2040;2038
2021;2061;2409
2022;2039;2171
2022;2041;2033
2021;2048;1857
2022;2048;2048
2021;2048;2036
2022;2041;2028
2021;2077;2139
2021;2048;1993
2025;2048;2110
2024;2015;2262
2024;2038;2106
2022;2002;1874
2023;2048;1907
2021;2040;2018
2020;2036;2018
2023;2048;2011
2023;2005;1876
2021;2039;2002
2003;2038;1946
2026;2063;2403
2015;2036;2019
2021;2040;2041
2021;2038;1879
2021;2048;2030
2019;2037;2032
2021;2048;2057
2024;2084;2083
2021;2048;2103
2027;2031;1974
2021;2021;2382
2018;2048;2097
2020;2048;2085
2021;2049;1797
2021;2048;2006
2022;2032;2008
2023;2039;2039
2020;2000;1946
2021;2031;1934
2021;2033;2001
2022;2063;2469
2021;2048;2130
2021;2048;2128
2021;2038;1786
2025;2048;1994
2022;2048;2009
2022;2039;1999
2021;2092;2143
2023;2048;2022
2021;2048;2048
2022;2026;2404
2022;2031;2085
2025;2037;1966
2023;2048;1787
2021;2038;1983
2022;2039;1989
2021;2037;2002
2022;1999;1872
2025;2034;1941
2022;2032;1947
2019;2066;2490
2019;2049;2223
2023;2048;2034
2023;2041;1765
2022;2048;2007
2021;2048;2017
2021;2048;2003
2018;2085;2082
2021;2048;2063
2021;2052;2009
2021;2028;2351
2020;2036;2124
2023;2048;2079
2021;2048;1657
2023;2037;2009
2021;2040;2015
2021;2039;2020
2023;1998;1918
2021;2033;1961
2019;2033;1984
2022;2056;2381
2021;2036;2267
2019;2039;2070
2020;2039;1725
2019;2048;2002
2022;2048;2018
2018;2048;2007
2019;2081;2033
2021;2039;2036
2021;2054;2048
2026;2048;2267
2024;2041;2107
2026;2048;1929
2021;2048;1670
2023;2041;1998
2023;2040;1988
2022;2048;1994
2026;2006;1978
2021;2038;2026
2041;2033;2020
2020;2053;2296
2023;2050;2139
2019;2039;2033
2021;2051;1715
2022;2048;2002
2022;2048;1998
2022;2048;2019
2021;2086;2101
2022;2041;2031
2021;2048;2104
2025;2048;2137
2021;2036;2121
2022;2048;1999
2022;2048;1640
2023;2039;2007
2019;2040;2002
2022;2039;2000
2023;1997;1874
2023;2039;2015
2021;2035;1959
2021;2048;2118
2023;2048;2182
2022;2038;1995
2020;2039;1594
2019;2048;1974
2021;2048;2003
2021;2048;2024
2020;2086;2034
2023;2048;1993
2025;2048;2021
2021;2064;2152
2021;2039;2127
2023;2048;2063
2020;2041;1591
2021;2040;1985
2021;2041;2031
2024;2039;2015
2022;1997;1959
2025;2038;2026
2025;2048;2055
2020;2039;2116
2021;2058;2129
2022;2038;2056
2023;2048;1547
2021;2048;1975
2023;2039;2002
2021;2048;2001
2018;2079;2103
2021;2048;2114
2019;2039;2020
2023;2021;2017
2025;2033;2118
2020;2048;2038
2023;2036;1541
2022;2048;1993
2021;2037;2019
2018;2048;2018
2021;2013;1910
2023;2048;1997
2023;2048;1993
2019;2037;2011
2022;2053;2139
2025;2048;2172
2022;2049;1580
2021;2048;1978
2021;2048;2028
2021;2048;2017
2020;2079;2059
2023;2048;2048
2021;2035;2053
2023;2052;2011
2023;2023;2170
2023;2048;2034
2023;2035;1440
2021;2040;1998
2023;2048;2034
2024;2039;2039
2021;2026;1980
2023;2041;2079
2021;2048;2010
2021;2036;1950
2020;2054;2235
2021;2038;2049
2022;2048;1561
2020;2048;2006
2021;2048;2277
2022;2035;2018
2021;2061;2005
2030;2041;2131
2023;2033;1969
2023;2055;2050
2022;2021;2078
2022;2036;2150
2020;2023;1520
2023;2049;2000
2020;2048;2035
2024;2040;2034
2022;2037;2081
2021;2035;1993
2023;2049;2104
2021;2037;2085
2020;2059;2233
2018;2055;2093
2021;2048;1542
2021;2039;2048
2022;2048;2063
2023;2048;2017
2021;2048;2048
2020;2048;2034
2022;2021;2077
2027;2048;2074
2021;2029;2073
2019;2033;2081
2023;2022;1577
2022;2051;2023
2022;2048;2055
2023;2048;2052
2023;2048;2013
2022;2036;1979
2022;2053;2069
2019;2039;2053
2020;2059;2265
2021;2048;2054
2021;2051;1683
2021;2048;1975
2021;2048;2048
2020;2048;2053
2022;2048;2040
2020;2048;2040
2025;2027;1949
2021;2048;2002
2023;2031;2138
2021;2042;1983
2022;2027;1787
2022;2048;1986
2022;2036;2055
2022;2040;2051
2021;2037;2019
2022;2036;2015
2020;2053;2050
2025;2052;2014
2021;2063;2229
2021;2048;2095
2019;2054;1924
2024;2040;1995
2018;2041;2035
2021;2048;2050
2018;2048;2018
2023;2031;2055
2029;2025;1962
2021;2029;1964
2025;2020;2231
2021;2048;2065
2024;2029;2021
2020;2048;1992
2020;2048;2055
2023;2041;2039
2020;2048;2048
2020;2041;1933
2022;2050;2075
2021;2058;2070
2022;2069;2253
2020;2048;1991
2020;2055;2121
2025;2048;1985
2021;2039;2015
2020;2048;2027
2023;2048;2041
2021;2055;2077
2021;2031;2021
2022;2029;1953
2023;2029;2269
2024;2031;2062
2027;2036;1979
2024;2048;1940
2022;2048;2005
2022;2041;2005
2021;2041;2053
2015;2027;2016
2023;2048;2037
2021;2061;2112
2020;2054;2233
2021;2048;2013
2019;2053;2097
2021;2039;1963
2024;2041;2033
2022;2039;2027
2036;2041;2000
2023;2050;1985
2023;2037;2133
2025;2022;1938
2021;2026;2231
2021;2032;2138
2023;2048;2028
2021;2048;1909
2021;2048;2015
2004;2048;2011
2022;2039;1998
2022;2025;1957
2021;2048;1999
2019;2060;2039
2021;2051;2218
2021;2048;2105
2022;2048;2018
2018;2048;1914
2021;2048;2016
2031;2040;2020
2015;2048;2018
2020;2059;2081
2022;2041;1967
2027;2027;1999
2025;2020;2309
2021;2037;2027
2018;2039;2123
2021;2048;1885
2021;2041;1998
2022;2048;2007
2019;2036;2011
2023;2017;1872
2027;2039;1953
2021;2058;2056
2019;2054;2382
2022;2048;2015
2021;2050;2131
2021;2048;1919
2019;2048;2036
2019;2048;2022
2021;2048;2027
2021;2060;2110
2023;2039;2015
2021;2029;2029
2021;2022;2338
2019;2048;2054
2021;2048;1936
2021;2048;1929
2021;2048;1999
2022;2048;2026
2023;2041;2013
2023;2015;1908
2022;2048;1955
2022;2052;2048
2021;2053;2415
2021;2049;2065
2018;2050;2012
2022;2048;1897
2021;2048;2039
2021;2048;2027
2021;2048;2037
2020;2083;2159
2020;2048;2131
2021;2034;2010
2019;2013;2351
2021;2048;2137
2022;2048;2075
2020;2048;1903
2023;2048;2009
2020;2041;2002
2022;2048;2015
2020;2017;1927
2020;2037;2024
2022;2048;2013
2022;2052;2369
2022;2048;1945
2023;2049;2107
2011;2048;1877
2021;2039;2027
2020;2041;2055
2022;2053;2029
2019;2075;2179
2020;2051;2067
2024;2048;1977
2027;2021;2357
2021;2048;2008
2024;2048;1960
2021;2048;1894
2023;2048;2029
2021;2048;2030
2022;2048;2037
2021;2014;1883
2021;2038;1981
2023;2048;2048
2019;2058;2381
2023;2048;2003
2019;2048;2024
2020;2048;1859
2022;2048;2029
2021;2041;2063
2019;2058;2031
2022;2076;2058
2022;2051;2048
2023;2054;2101
2024;2025;2355
2022;2048;2093
2021;2039;2026
2022;2048;1835
2021;2048;2021
2022;2037;2028
2005;2048;2021
2023;2007;1892
2026;2037;2037
2022;2031;1955
2022;2059;2375
2020;2031;2048
2021;2051;1862
2021;2048;1839
2022;2048;2040
2020;2048;2031
2021;2048;2016
2021;2073;2031
2022;2048;1986
2020;2054;2071
2023;2026;2393
2023;2048;2115
2019;2048;2144
2019;2048;1718
2023;2039;1983
2020;2048;2006
2023;2037;2007
2023;2011;1934
2023;2048;1965
2020;2031;1975
2021;2061;2425
2020;2048;1949
2016;2048;2039
2021;2048;1777
2020;2048;2003
2023;2048;2004
2022;2048;2015
2022;2070;2017
2021;2048;1999
2020;2061;2004
2023;2034;2460
2023;2041;2073
2023;2048;2014
2020;2048;1762
2023;2048;2001
2021;2048;2020
2021;2038;2015
2022;2007;1934
2024;2037;2004
2021;2038;1974
2021;2062;2382
2020;2031;2158
2018;2048;1839
2021;2048;1773
2020;2048;2004
2021;2049;2036
2021;2048;2034
2022;2075;2048
2020;2048;2101
2023;2050;2048
2022;2036;2253
2025;2048;2150
2022;2048;2058
2015;2065;1736
2023;2039;1998
2021;2048;2025
2013;2039;2021
2023;2007;1881
2020;2048;2039
2021;2039;1994
2021;2050;2293
2022;2048;2113
2020;2038;2077
2020;2048;1662
2021;2048;2003
2021;2048;2031
2010;2048;2033
2022;2078;2058
2021;2048;2091
2019;2048;2014
2020;2048;2281
2023;2048;2021
2021;2048;2150
2023;2048;1666
2023;2048;2048
2033;2048;2036
2021;2036;2048
2021;2014;1999
2023;2038;1981
2021;2038;2026
2021;2053;2132
2022;2049;2129
2022;2039;2125
2021;2039;1596
2023;2048;2019
2021;2048;2035
2024;2048;2058
2021;2080;2035
2023;2048;2033
2021;2055;2026
2048;2048;2089
2023;2031;2080
2019;2037;2086
2023;2041;1565
2023;2039;1998
2022;2039;2029
2019;2048;2048
2023;2009;1992
2020;2048;2024
2023;2048;2050
2021;2037;1999
2022;2051;2236
2022;2039;2111
2018;2048;1604
2020;2048;1999
2021;2048;2031
2023;2048;2031
2020;2075;2125
2022;2039;2037
2021;2048;2025
2023;2053;2065
2022;2036;2166
2024;2051;2021
2022;2048;1572
2022;2048;2036
2022;2048;2023
2021;2048;2031
2023;2020;2009
2022;2048;2061
2022;2041;2071
2022;2035;1991
2019;2048;2139
2024;2048;1978
2022;2048;1568
2021;2023;2007
2021;2048;2065
2024;2048;2039
2024;2065;2040
2022;2048;1988
2022;2036;1984
2022;2056;2048
2022;2028;2237
2022;2034;2020
2024;2031;1511
2022;2048;1978
2021;2039;2023
2023;2048;2013
2020;2027;2027
2023;2048;1988
2020;2048;2092
2025;2035;2048
2019;2055;1975
2020;2048;2094
2021;2048;1560
2021;2048;2015
2021;2041;2020
2022;2048;2000
2023;2061;1982
2022;2041;2071
2022;2041;2015
2023;2051;2111
2023;2028;2212
2023;1997;2113
2023;2036;1534
2022;2048;1981
2022;2041;2013
2024;2048;2026
2023;2036;2061
2023;2039;2066
2022;2052;2095
2023;2035;1999
2021;2052;2199
2023;2048;2048
2021;2049;1533
2022;2048;1975
2019;2048;2005
2021;2048;1983
2022;2048;2005
2023;2048;2087
2023;2034;1965
2022;2051;2091
2023;2022;2235
2024;2048;2146
2023;2031;1618
2023;2048;1960
2022;2048;2009
2023;2039;2005
2021;2039;2013
2022;2040;1981
2023;2048;2065
2022;2041;1976
2021;2052;2108
2019;2039;2089
2020;2048;1641
2020;2048;1960
2015;2048;2002
2014;2048;2039
2022;2048;2003
2024;2063;2023
2023;2040;1938
2017;2048;2001
2021;2035;2250
2022;2048;2177
2022;2031;1851
2022;2042;1971
2023;2041;2009
2021;2039;2015
2026;2048;2020
2022;2037;2024
2021;2051;2094
2024;2048;2049
2022;2048;2268
2023;2048;2058
2023;2048;2015
2020;2048;1970
2023;2048;2006
2023;2048;2012
2022;2048;2016
2021;2049;2153
2025;2048;2099
2023;2033;2022
2022;2028;2244
2023;2058;1963
2026;2038;1957
2018;2048;1963
2020;2048;1990
2023;2048;2023
2022;2039;1995
2023;2035;1990
2023;2050;1991
2021;2049;2138
2021;2054;2359
2021;2048;2032
2022;2048;1886
2022;2048;1969
2019;2038;2016
2022;2048;2015
2023;2048;2017
2020;2053;2097
2021;2039;2074
2023;2031;1985
2022;2031;2180
2022;2048;2076
2031;2048;2079
2026;2052;1935
2026;2048;2026
2022;2040;2019
2023;2040;2017
2021;2033;1950
2023;2048;2097
2023;2054;2050
2021;2051;2290
2023;2048;2023
2022;2053;1988
2021;2048;1963
2022;2048;2033
2021;2041;2023
2023;2048;2027
2026;2066;2056
2023;2051;2016
2021;2027;2006
2023;2028;2253
2021;2048;1980
2022;2039;2015
2031;2048;1918
2024;2037;1992
2021;2038;1995
2022;2053;2012
2023;2034;2003
2021;2048;2054
2023;2058;2066
2021;2053;2391
2024;2049;2079
2020;2051;1988
2022;2048;1970
2019;2048;2018
2021;2048;2031
2022;2048;2011
2022;2058;2040
2024;2048;2012
2021;2029;1983
2021;2028;2196
2021;2048;2038
2021;2048;2048
2022;2048;1973
2021;2048;1999
2023;2048;2031
2021;2048;2052
2024;2027;1944
2023;2048;2117
2021;2052;2111
2021;2048;2293
2022;2049;2102
2020;2048;1892
2023;2048;1907
2021;2041;2057
2020;2048;2028
2022;2048;2058
2025;2060;2103
2021;2050;2059
2019;2033;1968
2022;2027;2189
2023;2052;1986
2026;2048;1978
2021;2038;1926
2021;2048;2013
2022;2048;2048
2029;2035;2023
2022;2021;1891
2024;2036;1986
2020;2052;2065
2024;2048;2340
2021;2059;2200
2021;2048;2017
2021;2034;1894
2023;2048;2026
2023;2048;2291
2025;2048;2030
2021;2067;2080
2023;2053;2119
2023;2039;2001
2023;2027;2291
2022;2048;2086
2023;2039;2034
2023;2048;1895
2025;2037;2033
2023;2050;2030
2023;2048;2027
2022;2016;1956
2021;2040;1926
2021;2048;2007
2022;2057;2317
2021;2048;2087
2021;2038;1978
2023;2048;1885
2023;2048;2048
2023;2048;2048
2023;2036;2048
2023;2069;2064
2022;2048;1982
2021;2036;2012
2024;2026;2371
2023;2048;2091
2021;2038;2002
2022;2048;1877
2023;2041;2011
2021;2048;2036
2023;2048;2034
2021;2029;2001
2024;2040;1983
2021;2048;2041
2020;2060;2355
2022;2033;2013
2022;2051;2048
2021;2048;1835
2022;2048;2011
2020;2048;2018
2019;2048;2057
2021;2071;2048
2023;2052;2018
2019;2048;2052
2024;2029;2369
2025;2040;2072
2022;2048;2074
2021;2037;1818
2024;2048;2024
2022;2038;2048
2021;2041;2024
2024;2017;1951
2021;2030;2035
2021;2035;2049
2022;2060;2368
2022;2038;1948
2022;2048;2039
2023;2048;1813
2021;2048;2040
2017;2048;2066
2018;2048;2063
2021;2067;2116
2021;2049;2067
2020;2052;2070
2021;2028;2453
2023;2037;2009
2021;2033;2105
2027;2048;1782
2024;2048;2022
2023;2048;2033
2024;2040;2048
2025;2015;1996
2023;2039;2021
2025;2052;2001
2025;2053;2341
2021;2031;2119
2023;2050;2084
2021;2048;1796
2022;2048;2031
2021;2048;2024
2023;2048;2025
2023;2067;2179
2016;2048;2099
2023;2048;2005
2025;2037;2307
2021;2036;2054
2023;2048;2064
2023;2048;1748
2025;2037;2018
2023;2048;1994
2024;2048;2036
2023;2018;1949
2024;2041;1939
2023;2039;2048
2021;2059;2364
2023;2048;2095
2022;2048;2123
2021;2048;1772
2023;2049;1995
2024;2048;2028
2022;2048;2027
2022;2081;2135
2021;2048;2112
2022;2054;2126
2024;2026;2345
2023;2034;2143
2024;2048;2029
2022;2038;1773
2022;2039;2025
2022;2039;2055
2022;2048;2015
2021;2018;1981
2023;2039;1964
2026;2034;1963
2022;2055;2355
2021;2050;2066
2025;2048;2114
2023;2048;1661
2021;2048;1991
2022;2048;2007
2023;2048;2031
2023;2079;2048
2022;2055;2037
2023;2049;2025
2025;2051;2265
2022;2030;2100
2034;2049;2114
2015;2048;1653
2022;2037;1993
2025;2048;2007
2023;2048;2002
2022;2011;1985
2025;2039;1962
2023;2038;1972
2022;2049;2367
2021;2048;2125
2020;2048;1971
2022;2048;1652
2023;2048;1990
2023;2048;2013
2022;2048;2023
2023;2077;2069
2024;2048;2048
2023;2036;2018
2025;2048;2113
2024;2035;2179
2023;2048;1994
2022;2048;1565
2025;2038;1997
2026;2048;2031
2021;2039;2009
2023;2015;1975
2027;2041;2029
2023;2048;1970
2020;2048;2074
2022;2048;1970
2023;2048;1891
2022;2040;1627
2021;2048;1979
2023;2048;2036
2023;2048;2038
2023;2071;2034
2031;2048;2063
2023;2048;2031
2021;2048;2058
2025;2037;1979
2023;2048;2059
2023;2039;1577
2025;2048;2041
2023;2038;2007
2021;2048;2031
2025;2022;1948
2022;2039;1978
2021;2041;1999
2022;2037;1991
2022;2053;1949
2026;2048;1911
2022;2048;1596
2022;2048;2007
2024;2048;2050
2021;2048;2021
2023;2069;2050
2022;2037;2007
2023;2048;2019
2036;2051;2037
2024;2037;2061
2022;2048;1939
2022;2021;1549
2023;2048;2005
2022;2048;2035
2028;2048;2034
2023;2028;2019
2022;2048;2037
2024;2048;2086
2023;2037;1972
2023;2048;2143
2021;2041;2067
2022;2048;1599
2023;2049;2001
2022;2048;2021
2021;2048;2033
2022;2051;2020
2021;2048;2066
2018;2048;1987
2021;2049;2100
2027;2026;2193
2025;1998;1971
2021;2027;1520
2023;2048;1962
2023;2053;2006
2023;2031;2028
2022;2038;2083
2022;2048;2070
2023;2049;2048
2023;2036;1977
2024;2048;2231
2020;2033;2026
2023;2048;1469
2026;2048;1975
2023;2042;2007
2021;2048;2007
2024;2048;1973
2021;2048;2018
2023;2036;2065
2023;2048;2026
2024;2033;2131
2023;2039;2055
2021;2028;1674
2021;2039;1975
2021;2048;2022
2022;2040;1995
2022;2048;2019
2024;2037;2039
2023;2048;2072
2026;2036;2021
2021;2056;2228
2023;2048;2112
2022;2048;1579
2023;2048;1986
2023;2048;2013
2022;2039;2015
2022;2048;2031
2024;2048;2034
2025;2037;2024
2023;2048;1954
2024;2027;2322
2022;2062;1995
2023;2027;1831
2023;2039;1957
2024;2048;2014
2026;2040;2004
2022;2048;2024
2021;2036;2027
2023;2048;2056
2025;2048;2078
2024;2053;2210
2022;2039;2165
2033;2048;2000
2023;2048;1962
2021;2038;2030
2021;2048;2018
2021;2048;2033
2022;2052;2093
2023;2037;2027
2022;2033;2065
2026;2034;2234
2026;2036;2018
2021;2033;1945
2025;2039;1961
2021;2048;2021
2024;2048;2063
2023;2048;2040
2024;2036;1985
2022;2048;2119
2023;2058;1998
2023;2048;2297
2019;2048;2137
2020;2051;2065
2023;2048;1967
2022;2048;2033
2022;2035;2051
2021;2048;2064
2022;2048;2004
2022;2048;1972
2025;2033;2048
2027;2031;2261
2023;2048;2007
2024;2039;2064
2021;2048;1946
2022;2048;2036
2023;2048;2033
2022;2048;2048
2022;2032;1953
2023;2048;2065
2021;2051;2092
2024;2051;2295
2021;2048;2131
2020;2048;2058
2023;2048;2011
2022;2041;2059
2023;2048;2034
2023;2048;2027
2023;2050;2055
2023;2039;2064
2025;2026;1930
2023;2023;2301
2023;2039;2061
2023;2048;2039
2022;2037;1948
2022;2039;2028
2026;2041;2027
2023;2038;2055
2019;2023;1989
2022;2048;2073
2023;2050;2082
2020;2048;2327
2021;2048;2083
2021;2048;2148
2022;2039;1938
2022;2048;2027
2021;2048;2038
2023;2048;2012
2023;2052;2078
2021;2039;2053
2022;2031;1974
2023;2034;2350
2023;2039;2075
2025;2031;2075
2023;2048;1942
2026;2048;2011
2024;2048;1997
2021;2048;2017
2023;2022;1934
2023;2036;1978
2022;2049;2058
2026;2048;2399
2023;2048;2112
2022;2049;2054
2023;2048;1874
2024;2048;2019
2022;2025;2017
2023;2048;2009
2022;2063;2081
2029;2040;2052
2025;2031;2008
2027;2026;2284
2025;2048;2097
2023;2048;2066
2023;2048;1897
2023;2048;1984
2022;2039;2022
2023;2039;2017
2023;2022;1885
2024;2038;2063
2022;2048;2077
2023;2048;2358
2023;2048;2145
2021;2048;1997
2025;2048;1882
2022;2041;2029
2023;2048;2023
2022;2048;2024
2021;2060;2103
2024;2048;2087
2024;2048;2077
2022;2024;2336
2022;2048;2070
2024;2048;2070
2024;2048;1923
2021;2039;2019
2024;2040;2039
2025;2041;2025
2025;2021;1898
2022;2039;2036
2025;2048;2058
2023;2051;2389
2025;2048;2088
2006;2040;1996
2024;2048;1913
2021;2048;2026
2022;2048;2013
2021;2048;2061
2022;2064;2078
2026;2048;2068
2024;2041;2015
2009;2027;2383
2025;2035;2063
2023;2038;2058
2022;2048;1886
2023;2039;2039
2024;2048;2001
2022;2048;2025
2024;2015;1839
2024;2039;1970
2022;1792;2048
2027;2052;2412
2020;2035;2108
2019;2050;2033
2031;2042;1850
2021;2048;2038
2021;2048;2034
2038;2029;2019
2021;2067;2067
2022;2048;2072
2025;2048;1999
2015;2031;2366
2022;2040;2073
2025;2048;2071
2020;2048;1826
2022;2041;1997
2021;2041;2004
2022;2048;2009
2024;2012;1887
2024;2031;1968
2023;2035;1975
2019;2051;2449
2024;2048;2048
2026;2040;2029
2023;2048;1824
2022;2050;2011
2022;2048;2007
2027;2048;2004
2022;2068;2016
2023;2049;2053
2022;2048;2059
2021;2039;2330
2025;2037;1997
2023;2048;2003
2022;2041;1850
2023;2038;2028
2024;2048;2011
2023;2048;2055
2023;2015;1999
2023;2038;2063
2024;2034;1913
2023;2059;2448
2023;2037;2048
2023;2293;2085
2023;2048;1815
2022;2048;2048
2023;2048;2050
2023;2048;2023
2021;2067;2116
2023;2048;1993
2024;2052;2057
2025;2039;2263
2022;2048;2102
2023;2037;2061
2024;2048;1771
2023;2048;2011
2021;2048;2009
2024;2048;2006
2022;2015;1938
2026;2040;2029
2024;2035;1973
2021;2053;2366
2027;2039;2181
2015;2048;1977
2023;2040;1747
2022;2048;2009
2022;2041;2022
2023;2048;2013
2021;2067;2057
2023;2048;2038
2023;2049;1994
2023;2048;2276
2025;2039;2026
2025;2048;1948
2024;2039;1678
2024;2040;1977
2026;2048;2010
2023;2048;1991
2023;2018;1923
2030;2037;1989
2022;2040;2038
2021;2048;2207
2025;2048;2179
2023;2048;2070
2030;2041;1768
2022;2048;2031
2022;2048;2031
2023;2048;2021
2022;2063;2001
2021;2048;2058
2023;2048;2036
2023;2048;2060
2024;2039;2067
2024;2048;2069
2024;2035;1738
2023;2048;2048
2021;2033;2026
2021;2048;2025
2027;2017;1919
2024;2048;1983
2025;2048;1939
2023;2040;2016
2023;2054;2125
2023;2048;2026
2017;2048;1757
2023;2048;2018
2022;2048;2057
2023;2048;2031
2019;2065;1990
2024;2040;1986
2023;2048;2010
2023;2050;2098
2020;2031;2121
2023;2033;1970
2023;2048;1823
2025;2040;2061
2025;2048;2078
2025;2048;2067
2025;2029;2040
2022;2038;2019
2025;2040;2048
2017;2033;1947
2021;2057;2183
2022;2048;1969
2024;2042;1777
2023;2048;2007
2022;2048;2048
2024;2048;2052
2023;2059;1922
2024;2048;2052
2024;2039;2072
2025;2051;2021
2025;2037;2088
2022;2037;1987
2025;2038;1706
2023;2036;2013
2025;2048;1987
2023;2035;2034
2023;2031;2009
2022;2037;2013
2025;2048;2048
2017;2036;1944
2022;2051;2165
2021;2048;2104
2023;2048;1669
2023;2040;2007
2021;2048;2030
2023;2048;1997
2021;2048;2019
2025;2041;1991
2025;2036;1983
2026;2053;2031
2026;2024;2118
2023;2041;2011
2023;2036;1652
2024;2048;1990
2024;2029;2004
2022;2039;2017
2021;2048;2058
2025;2048;2009
2023;2048;2071
2023;2037;2001
2023;2053;2171
2022;2048;2049
2022;2049;1654
2019;2040;1999
2021;2048;2025
2023;2048;2017
2024;2048;2021
2023;2048;2021
2022;2029;2084
2025;2048;2052
2022;2030;2207
2023;2050;2143
2027;2031;1689
2024;2037;2023
2025;2048;2033
2024;2048;2048
2023;2048;2036
2021;2040;2107
2022;2049;2026
2025;2020;2050
2022;2048;2123
2023;2048;2079
2023;2057;1768
2025;2048;2006
2010;2048;2026
2021;2048;2071
2023;2048;2053
2021;2048;2109
2023;2048;2075
2023;2041;2029
2025;2033;2182
2024;2039;2080
2024;2034;1759
2026;2048;1974
2026;2048;2015
2022;2048;2003
2020;2048;2015
2024;2022;1992
2023;2048;2080
2023;2048;2090
2025;2050;2198
2022;2048;2054
2023;2048;1875
2023;2048;1973
2023;2048;2007
2021;2041;2021
2022;2048;2012
2025;2051;2063
2023;2038;2020
2025;2038;2085
2023;2033;2164
2026;2041;2038
2025;2033;1901
2024;2048;1988
2027;2048;2011
2026;2048;2017
2025;2048;2003
2024;2036;1939
2026;2050;2054
2025;2051;2055
2023;2039;2134
2023;2048;2035
2023;2048;2019
2022;2048;1966
2030;2048;2002
2025;2048;2002
2023;2048;2017
2023;2053;2034
2026;2041;1969
2024;2029;2013
2027;2027;2322
2027;2039;1969
2030;2048;2055
2026;2048;1953
2026;2050;1996
2027;2048;2022
2027;2048;2048
2027;2037;2025
2025;2048;2073
2025;2057;2076
2025;2053;2318
2024;2050;2103
2025;2048;2098
2026;2048;1945
2025;2048;2048
2025;2048;2029
2023;2048;2056
2025;2057;2083
2027;2048;2071
2026;2030;1993
2027;2030;2224
2027;2048;2102
2030;2050;2080
2027;2053;1939
2026;2051;2023
2028;2048;2034
2025;2048;2048
2027;2033;1975
2025;2054;2012
2026;2057;2140
2023;2055;2351
2026;2049;2078
2026;2048;1974
2028;2048;1962
2025;2048;2048
2026;2048;2033
2027;2048;2059
2028;2059;2063
2026;2051;2055
2027;2037;2081
2027;2027;2302
2025;2048;2125
2027;2048;1907
2027;2049;1963
2029;2050;2066
2028;2049;2048
2027;2048;2039
2026;2033;2012
2027;2048;2065
2023;2054;2077
2037;2054;2315
2029;2056;2081
2027;2054;1990
2029;2049;1951
2026;2048;2075
2021;2048;2031
2029;2052;2051
2029;2066;2007
2027;2052;2127
2029;2035;1997
2028;2035;2283
2028;2048;1989
2025;2049;2081
2028;2048;1928
2029;2048;2034
2036;2048;2015
2028;2050;2048
2029;2030;1905
2026;2048;1981
2028;2050;2057
2029;2055;2346
2027;2048;2036
2030;2052;2007
2029;2050;1929
2028;2049;2008
2027;2048;2019
2033;2048;2011
2027;2069;2012
2029;2053;2102
2027;2048;2048
2032;2033;2401
2031;2048;2014
2029;2048;2028
2028;2050;1932
2029;2048;2017
2027;2048;2019
2029;2048;2026
2029;2028;1939
2026;2048;1961
2027;2048;2065
2027;2058;2397
2026;2051;1958
2026;2041;2003
2029;2051;1905
2027;2048;2019
2030;2052;2019
2029;2052;2031
2026;2069;2114
2030;2055;2033
2029;2049;2095
2029;2035;2357
2031;2048;2115
2030;2055;2073
2029;2051;1857
2030;2048;2015
2029;2049;2017
2031;2048;2031
2038;2027;1922
2027;2033;2072
