1969;2048;2048
1969;2078;2228
1973;2061;2134
1969;2069;1808
1969;2048;2015
1969;2048;2053
1970;2048;2052
1973;2048;2050
1970;2079;2083
1967;2037;2031
1969;2034;2082
1968;1987;2261
1972;2033;2243
1969;1998;1870
1970;2039;1993
1971;2048;2048
1970;2040;2055
1971;2037;2059
1974;1995;2067
1970;2049;2077
1971;2052;2051
1970;2074;2199
1967;2051;2090
1970;2065;1877
1971;2054;2027
1969;2048;2069
1970;2026;2063
1970;2048;2062
1970;2085;2035
1967;2039;2084
1969;2027;2099
1971;1989;2246
1970;2030;2088
1972;2014;1977
1967;2037;2005
1970;2048;2062
1971;2038;2074
1969;2038;2069
1972;2001;2077
1971;2048;2071
1967;2063;2099
1967;2077;2191
1972;2057;2038
1970;2070;1966
1969;2048;2031
1969;2048;2063
1970;2048;2071
1964;2048;2063
1967;2091;2061
1947;2040;2041
1969;2019;2056
1969;1985;2248
1972;2023;2085
1972;2015;2007
1973;2035;1994
1967;2048;2040
1970;2037;2061
1970;2038;2058
1971;1997;2055
1971;2040;2037
1969;2069;2033
1970;2076;2176
1967;2061;2023
1970;2065;2034
1969;2048;2000
1972;2048;2054
1972;2048;2055
1971;2049;2053
1978;2094;2050
1972;2048;2082
1975;2015;2017
1971;1986;2263
1972;2029;2085
1970;2021;2091
1970;2030;1978
1971;2048;2034
1961;2038;2048
1971;2039;2053
1971;1990;2071
1970;2039;2060
1970;2074;2103
1971;2068;2208
1973;2064;2138
1991;2055;2062
1971;2049;2012
1970;2048;2060
1969;2049;2054
1971;2048;2067
1969;2109;2103
1969;2051;2091
1969;2007;2049
1971;1986;2316
1966;2020;2113
1971;2025;2048
1972;2038;1996
1972;2040;2057
1970;2038;2072
1971;2037;2064
1972;1983;2048
1971;2038;2057
1969;2076;2099
1971;2077;2282
1971;2056;2062
1968;2067;2058
1965;2048;2001
1969;2048;2060
1971;2048;2062
1970;2048;2067
1969;2126;2050
1969;2048;2089
1971;2002;2062
1972;1983;2283
1975;2025;2103
1974;2013;2181
1970;2039;1983
1969;2053;2039
1973;2038;2051
1970;2031;2051
1969;1982;2100
1970;2031;2113
1972;2080;2073
1971;2069;2277
1972;2065;2073
1970;2068;2068
1969;2067;1987
1970;2048;2048
1963;2041;2048
1974;2048;2048
1970;2111;2073
1971;2057;2070
1971;2011;2041
1973;1985;2297
1970;2022;2037
1971;2028;1997
1971;2037;1973
1971;2038;2025
1972;2048;2025
1970;2039;2033
1971;1973;2058
1971;2034;2075
1971;2077;2107
1971;2070;2261
1967;2065;2140
1967;2063;2017
1969;2048;1990
1969;2048;2059
1970;2059;2061
1968;2057;2055
1964;2118;2031
1969;2057;2050
1967;2007;2068
1973;1977;2250
1972;2027;2199
1970;2027;2016
1971;2036;1975
1969;2048;2053
1969;2038;2063
1969;2039;2051
1972;1969;2024
1972;2033;2078
1970;2075;2102
1970;2075;2282
1967;2067;2040
1970;2057;2023
1969;2048;2003
1970;2048;2055
1969;2048;2075
1969;2048;2063
1971;2129;2063
1971;2059;2102
1971;2012;2097
1969;1993;2337
1969;2014;2128
1967;2037;2104
1972;2048;1962
1971;2040;2048
1970;2048;2049
1971;2048;2048
1974;1965;2048
1973;2026;2029
1971;2069;2086
1971;2079;2287
1970;2029;2137
1971;2050;2059
1969;2048;1987
1969;2048;2061
1969;2048;2049
1968;2048;2036
1967;2135;2081
1967;2058;2084
1969;2014;2056
1972;1994;2335
1971;2017;2057
1973;2022;2048
1971;2048;1953
1971;2036;2033
1970;2048;2035
1970;2062;2048
1973;1964;2048
1967;2024;2056
1970;2063;2072
1972;2074;2289
1971;2069;2111
1972;2063;2087
1969;2048;1982
1970;2048;2048
1969;2048;2050
1969;2048;2049
1968;2130;2037
1967;2053;2093
1969;2018;2035
1970;1991;2367
1972;2020;2134
1971;2027;2077
1971;2035;1965
1971;2038;2050
1971;2036;2053
1971;2049;2053
1972;1953;1866
1970;2025;2070
1969;2059;2098
1970;2093;2335
1967;2056;2048
1971;2059;2027
1970;2048;1982
1973;2049;2064
1967;2048;2061
1971;2048;2065
1969;2137;2088
1969;2066;2068
1973;2031;2107
1969;1993;2316
1971;2024;2126
1975;2029;2060
1970;2037;1955
1959;2039;2059
1971;2041;2059
1971;2048;2058
1971;1950;1981
1970;2013;2027
1970;2050;2076
1969;2088;2362
1970;2063;2141
1970;2062;2082
1970;2050;1976
1968;2048;2058
1970;2048;2065
1970;2048;2063
1970;2149;2048
1969;2067;2088
1970;2036;2071
1972;1997;2316
1971;2024;1956
1977;2027;2038
1971;2035;1942
1971;2039;2048
1972;2048;2048
1970;2040;2048
1974;1947;1970
1972;2021;1985
1971;2039;2042
1970;2089;2294
1970;2063;2053
1969;2053;2091
1970;2048;1955
1969;2048;2052
1968;2048;2058
1969;2048;2051
1967;2149;2048
1965;2067;2039
1971;2038;2073
1971;2001;2389
1971;2016;2086
1969;2029;2161
1971;2035;1942
1972;2037;2050
1971;2048;2049
1957;2039;2055
1971;1947;1975
1970;2014;2034
1969;2029;2074
1971;2092;2427
1971;2054;2069
1972;2061;2074
1971;2048;1959
1972;2048;2071
1972;2048;2072
1969;2049;2081
1969;2149;2079
1969;2059;2041
1971;2048;2050
1969;2013;2385
1968;2027;2095
1970;2025;2051
1970;2036;1943
1971;2037;2050
1972;2048;2060
1973;2039;2060
1971;1940;2028
1970;2016;2103
1970;2028;2039
1972;2091;2357
1967;2056;2066
1971;2061;2023
1971;2048;1919
1970;2048;2058
1971;2048;2061
1973;2048;2059
1967;2153;2081
1967;2063;2087
1969;2048;2079
1975;2002;2389
1971;2018;2129
1970;2032;2085
1971;2034;1894
1970;2036;2048
1970;2041;2048
1970;2039;2053
1973;1936;1967
1973;2015;2031
1973;2029;1985
1969;2089;2308
1971;2069;2060
1967;2056;2116
1970;2048;1890
1970;2048;2048
1970;2048;2048
1971;2048;2048
1969;2154;2096
1970;2067;2089
1967;2052;2069
1967;2016;2376
1970;2011;2035
1971;2025;2005
1970;2031;1882
1970;2035;2032
1970;2048;2048
1970;2048;2055
1971;1940;1999
1973;2015;2026
1970;2021;2017
1972;2085;2365
1970;2060;2048
1967;2059;2048
1971;2048;1891
1972;2049;2048
1970;2048;2059
1973;2048;2062
1967;2153;2033
1970;2062;2111
1969;2062;2119
1972;2012;2330
1970;2015;2082
1973;2025;2104
1969;2037;1881
1969;2035;2048
1961;2039;2054
1971;2041;2053
1971;1939;2031
1971;2029;1995
1970;2025;2031
1970;2089;2270
1970;2068;2069
1971;2058;2050
1971;2048;1898
1970;2051;2060
1971;2048;2059
1972;2048;2059
1969;2149;2080
1967;2067;2103
1967;2059;2048
1972;2017;2308
1972;2005;2139
1971;2037;2003
1970;2038;1858
1967;2035;2053
1972;2039;2049
1971;2038;2049
1974;1931;2015
1970;2009;2017
1970;2021;1997
1970;2089;2330
1969;2065;2200
1969;2054;2053
1970;2048;1785
1970;2048;2067
1971;2048;2062
1970;2048;2065
1968;2117;2099
1969;2062;2049
1969;2057;2077
1971;2011;2312
1969;2018;2203
1971;2037;2054
1971;2033;1748
1972;2035;2049
1969;2038;2051
1971;2053;2050
1972;1945;2037
1972;2017;2081
1973;2022;2012
1973;2067;2404
1970;2075;2170
1963;2061;2101
1973;2048;1819
1969;2050;2048
1971;2048;2063
1979;2048;2057
1967;2157;2056
1967;2063;2067
1970;2061;2101
1970;2031;2213
1970;2019;2262
1971;2036;2172
1970;2033;1721
1971;2034;2034
1972;2040;2049
1973;2041;2048
1973;1941;2029
1970;2013;2039
1970;2025;2049
1972;2074;2215
1969;2071;2079
1974;2057;2184
1971;2061;1809
1971;2049;2048
1970;2048;2051
1971;2048;2059
1969;2146;2015
1970;2062;2050
1966;2051;2089
1969;2048;2192
1970;2012;2164
1971;2031;2112
1973;2034;1803
1971;2034;2048
1971;2035;2048
1971;2048;2048
1970;1939;1984
1971;2093;2017
1970;2026;2010
1970;2051;2116
1967;2068;2144
1971;2053;2048
1972;2048;1824
1970;2051;2025
1972;2048;2053
1969;2048;2051
1969;2153;2087
1969;2065;2048
1971;2051;2065
1970;2052;2177
1972;2014;2205
1972;2038;2089
1973;2035;1750
1972;2036;2029
1970;2041;2041
1974;2037;2053
1974;1955;2017
1971;2013;2008
1973;2027;2057
1973;2048;2048
1972;2076;2263
1970;2053;2033
1971;2041;1781
1970;2051;2048
1970;2049;2062
1972;2048;2066
1969;2151;2031
1970;2065;2029
1970;2055;2064
1970;2055;2117
1970;2013;2166
1971;2048;2070
1973;2031;1694
1970;2035;2048
1970;2037;2061
1970;2039;2057
1972;1957;2002
1972;2010;2026
1971;2035;2048
1972;2039;2048
1971;2071;2139
1971;2059;2069
1970;2048;1819
1975;2052;2050
1981;2048;2057
1971;2049;2059
1967;2132;2048
1967;2074;2107
1970;2048;2048
1963;2055;2073
1972;2005;2163
1970;2033;2127
1970;2031;1725
1971;2035;2053
1972;2041;2053
1970;2039;2057
1974;1964;2048
1972;2015;2013
1972;2037;2027
1972;2029;2015
1972;2070;2113
1970;2054;2088
1967;2051;1750
1971;2049;2058
1970;2048;2069
1970;2040;2072
1969;2124;2038
1971;2072;2078
1970;2048;2097
1973;2059;2055
1971;1999;2166
1970;2036;2125
1970;2027;1723
1972;2037;2039
1969;2041;2060
1971;2034;2070
1973;1985;2118
1970;2015;2093
1972;2048;2018
1970;2036;2034
1972;2080;2138
1955;2048;2089
1971;2052;1729
1971;2048;2048
1970;2048;2058
1973;2048;2061
1963;2112;2063
1967;2071;2091
1970;2036;2081
1967;2060;2057
1968;1997;2140
1973;2035;2003
1970;2021;1678
1969;2041;2026
1971;2037;2048
1970;2038;2050
1973;2006;2067
1972;2014;2076
1971;2048;2048
1972;2027;2003
1971;2080;2176
1974;2053;2152
1970;2048;1722
1972;2048;2027
1971;2037;2051
1971;2048;2055
1970;2096;2034
1967;2077;2089
1967;2038;2084
1970;2059;2051
1972;1989;2108
1971;2033;2002
1969;2017;1661
1969;2036;2025
1970;2036;2036
1971;2034;2048
1971;2017;2078
1972;2017;2039
1972;2048;2070
1979;2025;2008
1973;2083;2038
1969;2057;2053
1969;2048;1678
1971;2048;2031
1971;2048;2051
1952;2031;2039
1968;2069;2037
1969;2079;2048
1970;2038;2073
1970;2060;2021
1970;1993;2197
1972;2031;2058
1973;2014;1635
1972;2039;2018
1973;2039;2048
1971;2038;2048
1971;2031;2063
1971;2010;2073
1970;2048;2017
1972;2033;1972
1971;2078;2190
1969;2055;2088
1970;2048;1682
1969;2048;2035
1970;2049;2036
1971;2048;2061
1971;2056;2048
1972;2075;2071
1971;2036;2036
1970;2066;2048
1971;1981;2177
1973;2030;2094
1973;2007;1670
1971;2039;2023
1971;2048;2048
1973;2034;2063
1969;2041;2061
1972;2010;2028
1971;2050;2103
1973;2036;2029
1971;2077;2133
1972;2055;2009
1972;2053;1657
1971;2048;2048
1971;2048;2065
1971;2048;2067
1966;2054;2066
1967;2084;2053
1970;2039;2087
1970;2056;2109
1972;1990;2302
1971;2036;2071
1973;2007;1659
1972;2037;2019
1970;2041;2063
1971;2036;2068
1969;2048;2060
1973;2009;2060
1970;2049;2088
1972;2038;1999
1967;2078;2157
1969;2059;2080
1970;2058;1647
1969;2041;2048
1970;2048;2070
1972;2049;2068
1970;2049;2069
1969;2084;2040
1972;2035;2055
1971;2050;2090
1969;1989;2295
1967;2034;2120
1974;1983;1705
1969;2037;2019
1973;2048;2057
1971;2048;2052
1970;2040;2060
1973;2007;2039
1973;2048;2053
1971;2048;2031
1970;2080;2227
1970;2059;2123
1973;2057;1658
1972;2048;2031
1971;2048;2059
1971;2048;2057
1972;2048;2057
1971;2085;2048
1970;2035;2068
1972;2048;2031
1971;1987;2261
1972;2033;2091
1973;2005;1738
1970;2038;2021
1970;2039;2039
1971;2048;2053
1972;2041;2050
1973;2000;2002
1971;2051;2051
1970;2051;2076
1973;2077;2231
1967;2059;2067
1969;2062;1787
1967;2048;2033
1967;2048;2062
1970;2048;2048
1971;2049;2051
1971;2085;2082
1972;2048;2048
1970;2033;2079
1972;1985;2281
1997;2033;2050
1971;2009;1867
1971;2048;2010
1973;2048;2048
1970;2037;2058
1973;2048;2052
1973;1999;1991
1974;2048;2051
1971;2060;2056
1973;2074;2244
1970;2059;2094
1973;2060;1935
1972;2048;2027
1970;2041;2055
1972;2048;2052
1971;2048;2052
1969;2089;2048
1970;2049;2099
1973;2020;2030
1969;1987;2210
1971;2029;2087
1971;2012;1997
1970;2039;1991
1972;2038;2039
1971;2038;2048
1971;2037;2048
1973;1990;2015
1973;2048;2095
1973;2059;2061
1970;2079;2177
1975;2052;2133
1975;2063;1994
1971;2048;2004
1970;2048;2048
1971;2048;2039
1970;2048;2048
1969;2094;2087
1967;2048;2011
1969;2015;2023
1972;1986;2225
1971;2027;2021
1970;2015;2003
1955;2037;1989
1973;2039;2027
1972;2035;2039
1973;2039;2037
1973;1990;2009
1965;2048;2001
1972;2074;2085
1969;2075;2221
1972;2056;2101
1971;2065;2001
1971;2048;2008
1972;2048;2052
1969;2048;2048
1972;2049;2048
1971;2095;2027
1970;2048;2084
1972;2010;2017
1971;1988;2290
1972;2022;2095
1970;2019;2068
1972;2038;2007
1973;2041;2048
1971;2041;2049
1973;2048;2038
1973;1983;2015
1971;2037;2078
1971;2068;2062
1981;2069;2271
1971;2060;2091
1972;2054;2019
1974;2049;2003
1952;2048;2050
1971;2048;2057
1970;2048;2048
1971;2098;1993
1973;2039;2038
1973;2002;2026
1971;1987;2243
1971;2025;2070
1971;2028;2095
1972;2036;2002
1974;2048;2049
1969;2040;2058
1973;2039;2055
1972;1979;2024
1971;2039;2039
1971;2079;2088
1971;2077;2270
1970;2065;2050
1970;2058;1982
1971;2048;1997
1971;2051;2063
1973;2050;2067
1973;2050;2052
1967;2107;2098
1971;2052;2089
1971;2002;2054
1970;1989;2420
1971;2028;2095
1974;2020;2024
1971;2036;1975
1970;2041;2030
1971;2048;2048
1972;2039;2050
1973;1971;2048
1974;2036;2051
1971;2078;2086
1970;2084;2295
1978;2061;2026
1970;2059;2083
1967;2048;1997
1970;2048;2053
1970;2048;2048
1972;2048;2048
1971;2115;2034
1972;2055;2057
1971;2002;2035
1974;1986;2236
1972;2024;2207
1975;2029;2009
1970;2038;1969
1969;2048;2056
1972;2038;2048
1971;2039;2054
1974;1963;1999
1973;2029;2031
1971;2067;2121
1971;2091;2378
1971;2065;2102
1973;2048;2118
1971;2048;1991
1966;2048;2071
1967;2048;2065
1971;2048;2051
1971;2121;2051
1967;2049;2090
1971;2011;2031
1971;1988;2307
1972;2028;2131
1975;2020;2169
1972;2048;1993
1970;2039;2062
1972;2039;2060
1972;2039;2059
1972;1953;1990
1973;2023;2033
1971;2063;2103
1970;2083;2323
1972;2067;2087
1998;2048;2174
1971;2049;1995
1972;2048;2081
1972;2048;2070
1971;2048;2071
1969;2129;2059
1970;2063;2110
1971;2015;2053
1967;1989;2398
1971;2019;2057
1973;2028;2095
1971;2038;1981
1972;2048;2051
1971;2048;2068
1974;2040;2081
1974;1949;1973
1972;2027;2029
1971;2058;2109
1972;2085;2323
1971;2065;2109
1970;2065;2123
1970;2048;1981
1970;2048;2063
1971;2048;2076
1973;2048;2067
1972;2129;2135
1969;2064;2082
1971;2030;2113
1970;2004;2443
1973;2021;2058
1971;2032;2104
1970;2039;1958
1970;2037;2050
1971;2048;2058
1971;2048;2064
1973;1943;1957
1967;2017;2005
1971;2050;2071
1973;2090;2367
1971;2067;2066
1970;2057;2075
1970;2048;1965
1971;2050;2062
1971;2048;2063
1971;2048;2059
1972;2136;2102
1971;2057;2059
1971;2033;2035
1972;2001;2429
1973;2015;2091
1972;2026;2064
1973;2048;1957
1972;2035;2033
1972;2048;2050
1971;2041;2039
1972;1951;2003
1972;2015;2065
1973;2039;2035
1974;2080;2417
1973;2063;2073
1970;2061;2054
1969;2048;1957
1972;2040;2067
1973;2048;2056
1971;2048;2051
1969;2139;2050
1970;2061;2041
1973;2032;2077
1972;2001;2330
1973;2022;2110
1972;2037;2088
1972;2038;1930
1972;2048;2050
1973;2037;2048
1967;2048;2048
1973;1949;1956
1973;2019;2015
1972;2028;2070
1974;2090;2281
1974;2063;2140
1972;2057;2016
1970;2048;1906
1969;2048;2048
1973;2048;2057
1971;2039;2051
1972;2143;2064
1971;2059;2098
1971;2061;2086
1971;2009;2347
1973;2013;2114
1971;2018;2073
1971;2036;1910
1973;2035;2031
1970;2295;2034
1972;2039;2056
1973;1954;1978
1975;2021;1995
1972;2031;2053
1971;2095;2458
1971;2054;2039
1972;2058;2029
1972;2048;1916
1972;2048;2038
1972;2048;2049
1971;2048;2048
1975;2145;2048
1971;2066;2003
1972;2058;2134
1980;2015;2328
1974;2023;2086
1972;2035;2062
1972;2037;1897
1973;2035;2030
1974;2039;2039
1971;2039;2050
1972;1943;1995
1972;2023;1991
1972;2034;2058
1972;2093;2385
1972;2066;2228
1971;2058;2086
1969;2048;1895
1971;2051;2048
1962;2048;2055
1974;2048;2049
1970;2152;2067
1971;2066;2010
1971;2054;2048
1969;2025;2292
1975;2024;2139
1973;2035;2154
1971;2037;1899
1975;2038;2065
1972;2048;2055
1974;2048;2054
1974;1943;1958
1974;2016;2021
1970;2025;2007
1971;2018;2327
1970;2065;2152
1971;2055;2019
1971;2050;1866
1971;2050;2063
1970;2048;2070
1957;2048;2063
1970;2149;2100
1970;2067;2048
1971;2060;2048
1975;2027;2368
1971;2021;2099
1971;2028;2079
1972;2039;1894
1973;2037;2048
1973;2048;2062
1976;2041;2085
1972;1938;1989
1973;2016;2053
1975;2027;2018
1971;2080;2343
1971;2060;2131
1971;2064;2181
1975;2048;1878
1971;2049;2060
1971;2048;2074
1972;2048;2085
1971;2152;2111
1971;2077;2061
1970;2063;2116
1971;2048;2299
1972;2021;2100
1973;2037;2089
1974;2038;1875
1974;2039;2055
1967;2048;2051
1973;2048;2060
1972;1941;2001
1975;2015;2004
1971;2024;1991
1972;2071;2178
1975;2061;2116
1972;2055;2176
1972;2048;1858
1973;2049;2048
1971;2048;2064
1971;2048;2061
1970;2150;2037
1991;2070;2083
1975;2053;2069
1972;2041;2299
1971;2023;2176
1973;2048;2074
1970;2048;1876
1971;2035;2063
1975;2048;2050
1973;2038;2055
1973;1947;2000
1971;2015;1999
1973;2025;2002
1971;2053;2090
1973;2069;2117
1973;2053;2106
1973;2048;1867
1974;2053;2061
1973;2048;2077
1972;2041;2077
1971;2150;2072
1971;2074;2064
1963;2065;2058
1974;2048;2172
1972;2018;2207
1973;2034;2053
1972;2035;1847
1972;2036;2053
1973;2041;2066
1974;2048;2067
1972;1951;2029
1975;2021;2033
1971;2031;2022
1980;2048;2055
1973;2064;2122
1974;2056;2069
1973;2048;1824
1972;2048;2050
1971;2048;2059
1972;2051;2063
1969;2142;2082
1971;2073;2109
1971;2057;2093
1979;2051;2149
1973;2012;2144
1971;2036;2095
1977;2037;1722
1972;2035;2036
1972;2039;2058
1974;2036;2067
1975;1967;1975
1974;2015;2079
1973;2030;2031
1972;2041;2032
1972;2073;2171
1973;2056;2061
1972;2058;1809
1972;2048;2037
1971;2048;2060
1973;2048;2058
1971;2124;2080
1970;2067;2099
1974;2048;2048
1972;2055;2113
1975;2007;2132
1971;2033;2061
1972;2037;1780
1967;2037;2062
1973;2037;2055
1973;1994;2053
1976;1973;1940
1973;2017;2015
1974;2037;2053
1974;2034;2020
1974;2161;2159
1971;2052;2015
1973;2048;1798
1975;2050;2052
1973;2048;2074
1974;2049;2058
1971;2120;2072
1971;2065;2050
2033;2053;2085
1973;2055;2048
1975;1999;2168
1972;2038;2108
1972;2027;1719
1975;2037;2048
1970;2048;2055
1972;2036;2056
1974;1989;2013
1973;2036;2034
1975;2034;2064
1970;2039;2020
1971;2069;2129
1971;2061;2106
1971;2048;1731
1972;2048;2030
1973;2048;2055
1974;2051;2061
1971;2122;2083
1972;2071;2053
1972;2059;2058
1973;2054;2106
1972;2012;2134
1973;2038;2048
1971;2023;1639
1974;2048;2020
1973;2048;2035
1974;2039;2036
1975;1994;1981
1974;2017;2003
1972;2048;2039
1975;2029;1999
1973;2073;2117
1973;2034;2079
1972;2048;1743
1973;2048;2029
1972;2050;2050
1974;2048;2048
1973;2095;2059
1969;2067;2091
1973;2056;2080
1971;2060;2098
1973;2001;2183
1973;2039;2058
1970;2027;1637
1973;2038;2015
1973;2048;2048
1972;2036;2039
1975;2015;2095
1975;2015;2052
1974;2048;2063
1972;2026;1980
1971;2070;2156
1974;2057;2058
1972;2048;1723
1974;2048;2041
1974;2048;2051
1965;2054;2051
1971;2091;2015
1972;2060;2107
1972;2053;2048
1974;2059;2066
1974;2000;2203
1974;2039;2058
1973;2023;1639
1974;2048;2025
1974;2048;2051
1974;2039;2054
1975;2035;2066
1974;2013;2011
1974;2048;2125
1976;2020;2006
1975;2068;2166
1973;2056;2114
1972;2053;1748
1972;2048;2067
1970;2048;2077
1973;2048;2061
1972;2063;2004
1973;2075;2086
1974;2048;2092
1971;2057;2106
1975;2002;2201
1974;2035;2023
1972;2016;1663
1973;2048;2035
1972;2039;2070
1974;2041;2067
1973;2052;2131
1974;2013;2035
1972;2048;2056
1975;2030;2070
1971;2079;2211
1977;2056;2168
1973;2054;1707
1973;2048;2048
1972;2052;2063
1973;2037;2056
1966;2048;2015
1971;2077;2069
1973;2032;2039
1971;2063;2067
1975;1989;2206
1974;2031;2080
1973;2016;1669
1973;2033;2030
1971;2039;2066
1973;2039;2061
1975;2048;2058
1975;2012;2029
1973;2048;2084
1975;2035;1989
1972;2095;2185
1972;2059;2127
1966;2048;1667
1973;2048;2040
1975;2049;2059
1973;2041;2055
1971;2048;2058
1971;2083;2117
1971;2048;2034
1971;2048;2103
1975;2004;2239
1973;2037;2119
1972;2015;1670
1975;2038;2041
1975;2048;2054
1974;2035;2062
1973;2048;2054
1977;2018;2048
1974;2048;2052
1975;2037;2001
1973;2068;2188
1975;2051;2052
1975;2055;1710
1970;2048;2048
1971;2048;2056
1973;2048;2064
1973;2051;2065
1974;2071;2050
1972;2048;2095
1971;2054;2069
1975;1999;2164
1975;2039;2130
1975;2011;1767
1973;2037;2026
1973;2048;2057
1973;2039;2063
1975;2041;2059
1977;2013;2013
1973;2048;2077
1973;2048;2012
1973;2070;2297
1979;2055;2050
1972;2055;1739
1972;2040;2025
1973;2048;2058
1973;2048;2064
1971;2055;2066
1971;2080;2098
1973;2048;2084
1973;2037;2080
1973;2005;2180
1974;2027;2097
1975;2019;1811
1975;2035;1999
1975;2048;2031
1975;2048;2055
1973;2038;2048
1975;2004;2083
1973;2048;2061
1981;2049;2069
1972;2074;2227
1974;2057;2074
1974;2061;1759
1972;2048;2011
1974;2048;2050
1974;2048;2048
1973;2049;2048
1972;2077;2048
1970;2048;2091
1974;2041;2095
1972;2006;2253
1975;2030;2040
1973;2015;1947
1973;2038;1999
1974;2048;2033
1974;2048;2041
1974;2048;2048
1975;2002;2040
1973;2036;2028
1971;2054;2093
1974;2067;2204
1976;2063;2081
1975;2059;2083
1973;2037;2007
1972;2048;2050
1975;2048;2037
1975;2048;2048
1972;2081;2037
1973;2050;2083
1974;2025;2030
1974;2006;2266
1973;2033;2109
1977;2021;2015
1975;2048;1995
1973;2049;2048
1975;2048;2048
1976;2037;2048
1975;1999;2058
1973;2031;2064
1975;2056;2109
1975;2066;2279
1972;2061;2080
1974;2057;2050
1974;2050;1996
1974;2048;2051
1975;2049;2048
1975;2071;2050
1972;2084;2083
1973;2048;2084
1973;2025;2007
1975;2003;2275
1977;2029;2049
1976;2027;2058
1974;2048;2000
1974;2048;2036
1975;2038;2059
1975;2037;2049
1975;2007;2015
1978;2027;2048
1975;2059;2093
1974;2070;2279
1971;2061;2113
1979;2058;2145
1975;2049;2020
1975;2053;2048
1977;2054;2039
1994;2109;1995
2034;2208;2048
2076;2179;2093
2347;2514;2872
2191;2091;2751
2157;2193;2639
2151;2144;2529
2085;1495;873
2139;2134;2059
2133;2048;2061
2116;2009;2161
2096;1953;1999
2093;2049;2049
2107;2122;2024
2099;2093;2309
2094;2084;2157
2109;2074;2110
2112;2075;1939
2145;2128;2188
2165;2100;2480
4095;3996;138
4095;4086;567
4095;4079;3563
4095;4084;3661
1758;6;4071
1861;10;3037
1895;623;1425
1921;1950;1387
1940;1989;1664
1936;1995;1781
1940;1991;1855
1951;1950;1829
1958;2015;1885
2062;2415;925
2068;2313;2501
2117;1623;2449
2036;1989;2287
2093;2143;2014
2069;2223;2646
2003;1920;1480
1989;2084;2337
2282;2186;1522
2105;1793;3052
2048;1845;1608
2006;1630;2266
2122;2444;2123
2235;2633;2630
2137;2694;2075
2107;2057;1869
2003;2036;2573
1900;1134;2284
1878;1729;1590
1883;1961;1818
1887;2034;1929
1893;2052;2220
1897;2039;2022
1894;2031;1953
1898;2029;1945
1902;2035;2017
1903;2038;2024
1909;2048;2009
2133;2738;2073
2383;2209;2553
4095;4085;12
4095;4086;2943
4095;4087;3331
4095;4095;3433
4095;3463;3336
831;2089;3274
4095;3189;495
1331;66;4059
1803;5;3775
2091;16;1400
1826;26;1313
1746;1302;1837
1755;1905;1519
1761;1954;1642
1766;1959;1637
1770;1959;1810
1771;1964;1875
1775;1969;1897
1775;2048;1972
1775;1997;1957
1783;1973;1943
1781;1967;2386
1781;1979;2048
1785;1999;1947
1786;2000;1895
1788;2001;1995
1789;2004;2001
1790;2010;2018
1795;1956;1948
1797;1999;2015
1797;2026;2091
1796;2053;2256
1805;2050;2074
1820;2082;1847
1841;2083;1922
1849;2053;2122
1852;2035;2087
1846;2037;2079
1843;2099;2116
1845;2049;2031
1844;2025;2086
1845;2003;2271
1849;2012;2148
1846;2024;2051
1832;2035;1942
1846;2035;2036
1847;2033;2048
1847;2023;2063
1849;1978;1924
1846;2015;2035
1849;2041;2089
1847;2069;2350
1849;2048;2100
1844;2048;2097
1847;2037;1964
1843;2035;2059
1843;2034;2052
1847;2048;2050
1843;2103;2011
1846;2051;2077
1847;2040;2022
1842;2016;2361
1845;2025;2094
1849;2038;2118
1851;2038;1931
1854;2035;2048
1853;2033;2048
1853;2038;2049
1850;1966;1997
1850;2018;2022
1853;2048;2059
1847;2053;2346
1845;2041;2081
1851;2050;2055
1846;2037;1950
1851;2050;2073
1855;2052;2050
1854;2033;2059
1859;2115;2054
1864;2082;2021
1867;2048;2095
1873;2034;2389
1871;2014;2112
1865;2019;2034
1866;2039;1961
1865;2022;2061
1863;2035;2077
1861;2025;2048
1864;1977;2008
1863;2016;2011
1863;2034;2049
1862;2071;2349
1866;2051;2082
1865;2048;2025
1863;2048;1969
1864;2048;2067
1863;2041;2077
1865;2048;2067
1863;2101;2053
1865;2059;2078
1869;2048;2048
1867;2022;2399
1869;2033;2087
1865;2021;2052
1870;2033;1933
1871;2036;2049
1871;2035;2039
1871;2037;2049
1875;1977;1947
1874;2022;2068
1874;2029;2049
1873;2063;2335
1873;2048;2116
1877;2054;2136
1875;2048;1918
1875;2048;2048
1876;2048;2061
1877;2037;2050
1877;2107;2100
1877;2060;2087
1881;2055;2056
1879;2033;2424
1881;2026;2114
1881;2037;2076
1884;2031;1919
1884;2036;2034
1883;2048;2038
1885;2035;2049
1887;1978;1941
1886;2016;2024
1887;2029;2048
1868;2061;2428
1888;2048;2123
1887;2057;2074
1890;2040;1896
1891;2048;2048
1892;2039;2050
1890;2048;2053
1889;2114;2031
1893;2058;2049
1893;2052;2051
1896;2031;2355
1893;2019;2149
1895;2038;2094
1895;2039;1903
1899;2034;2022
1896;2037;2033
1898;2036;2029
1899;1983;1984
1900;2015;2048
1900;2030;1973
1899;2067;2386
1903;2051;2119
1900;2050;2071
1901;2048;1904
1901;2048;2048
1906;2048;2048
1906;2048;2039
1903;2107;2076
1908;2072;2125
1903;2061;2099
1901;2034;2418
1908;2021;2029
1908;2025;2005
1906;2035;1886
1908;2035;2037
1909;2038;2048
1909;2035;2050
1914;1979;1941
1912;2020;2010
1908;2023;1993
1909;2059;2383
1911;2056;2161
1911;2052;2089
1913;2048;1902
1913;2048;2061
1915;2048;2053
1916;2053;2055
1913;2108;2063
1914;2065;2085
1915;2059;2102
1921;2039;2306
1917;2019;2156
1922;2028;2062
1917;2037;1876
1916;2040;2048
1919;2034;2061
1919;2048;2065
1921;1983;1997
1922;2020;2095
1921;2029;2051
1922;2058;2273
1925;2051;2118
1923;2053;2068
1922;2048;1860
1925;2048;2066
1925;2048;2071
1925;2048;2080
1923;2112;2099
1927;2063;2109
1923;2054;2089
1927;2038;2248
1924;2022;2186
1926;2048;2041
1927;2033;1877
1931;2039;2048
1903;2031;2067
1930;2040;2060
1931;1984;2020
1933;2021;2100
1933;2031;2081
1932;2050;2158
1934;2053;2077
1933;2051;2119
1932;2042;1826
1933;2048;2050
1935;2048;2058
1934;2048;2073
1931;2111;2119
1933;2070;2119
1933;2053;2094
1935;2039;2322
1935;2025;2126
1929;2034;1974
1939;2036;1817
1937;2034;2048
1939;2037;2038
1939;2037;2048
1939;1985;2027
1943;2020;2015
1939;2025;2052
1939;2049;2201
1939;2059;2151
1942;2053;2059
1940;2048;1814
1941;2039;2031
1942;2039;2056
1943;2048;2050
1943;2109;2119
1941;2066;2025
1943;2057;2089
1944;2048;2241
1950;2015;2072
1946;2035;2014
1947;2034;1824
1947;2037;2034
1947;2048;2037
1948;2037;2023
1947;1989;2028
1949;2019;2028
1947;2023;1991
1952;2028;2104
1948;2053;2121
1948;2051;2060
1949;2048;1781
1947;2050;2039
1951;2037;2038
1950;2048;2048
1950;2110;2034
1950;2062;2015
1952;2048;2048
1953;2048;2170
1951;2021;2267
1952;2033;2087
1951;2028;1727
1956;2037;2030
1953;2033;2038
1953;2039;2031
1960;1993;1976
1955;2007;2025
1957;2033;2019
1958;2033;2085
1959;2063;2149
1956;2051;2028
1955;2050;1769
1958;2048;2053
1956;2048;2059
1959;2048;2063
1961;2105;2011
1955;2062;2094
1959;2049;2124
1957;2050;2118
1961;2011;2184
1960;2048;2034
1962;2029;1769
1958;2041;2052
1963;2035;2070
1960;2037;2058
1961;1991;2002
1945;2110;2024
1961;2040;2035
1960;2031;2067
1963;2058;2153
1965;2049;2080
1962;2048;1794
1962;2048;2048
1962;2048;2074
1967;2048;2074
1963;2100;2070
1965;2065;2098
1965;2048;2038
1963;2053;2048
1965;2019;2137
1970;2031;2074
1966;2030;1735
1974;2033;2050
1971;2036;2069
1969;2035;2078
1970;2001;2020
1967;2014;2112
1968;2033;2039
1969;2029;2007
1967;2060;2122
1967;2052;2103
1970;2048;1725
1968;2048;2036
1967;2048;2055
1969;2042;2064
1968;2087;2063
1969;2063;2114
1969;2037;2091
1973;2048;2084
1975;2019;2158
1973;2025;2051
1972;2026;1707
1970;2039;2030
1973;2034;2051
1973;2036;2048
1973;2013;2019
1974;2017;2005
1976;2034;2021
1973;2028;2068
1976;2064;2174
1974;2048;2080
1975;2050;1729
1977;2048;2034
1977;2036;2048
1978;2048;2048
1974;2079;2010
1977;2061;2058
1976;2048;2073
1977;2052;2117
1981;2014;2206
1975;2026;2035
1979;2025;1680
1979;2031;2025
1979;2036;2049
1977;2039;2038
1978;2029;2002
1979;2013;2009
1981;2037;2023
1979;2027;2055
1979;2055;2107
1978;2052;2061
1978;2048;1643
1980;2048;2025
1979;2048;2051
1982;2042;2048
1981;2074;2022
1982;2068;2036
1979;2048;2075
1981;2048;2048
1979;2007;2028
1981;2034;2113
1980;2025;1647
1983;2037;2018
1983;2038;2040
1983;2039;2034
1987;2035;2038
1983;2017;1997
1983;2037;2018
1985;2029;2005
1983;2069;2146
1987;2049;2111
1985;2048;1737
1983;2048;2030
1987;2048;2048
1983;2048;2048
1986;2062;2021
1984;2065;2031
1986;2048;2063
1985;2053;2050
1988;2012;2105
1987;2031;2025
1988;2023;1624
1987;2039;2011
1987;2036;2050
1987;2036;2050
1989;2035;2070
1988;2010;2028
1990;2034;2054
1988;2034;1985
1986;2068;2163
1992;2052;2048
1989;2048;1728
1991;2048;2021
1989;2048;2031
1986;2048;2034
1988;2048;2038
1986;2065;2105
1989;2037;2037
1993;2053;2087
1984;2007;2201
1990;2031;2078
1989;2017;1652
1990;2041;2016
1994;2048;2031
1991;2036;2029
1998;2031;2033
1994;2009;2007
1993;2035;2048
1994;2029;2000
1994;2063;2145
1994;2053;2101
1992;2053;1652
1994;2048;2019
1996;2039;2048
1994;2048;2049
2005;2053;2060
1993;2074;2111
1994;2048;2034
1993;2048;2063
1994;2014;2233
1998;2035;1994
1998;2018;1687
1996;2039;2034
1996;2048;2049
1996;2038;2037
1996;2040;2048
1997;2010;2050
1997;2048;2049
1998;2036;2008
1996;2063;2091
2000;2056;2027
1995;2048;1681
1997;2048;2050
1996;2048;2063
1996;2048;2061
1999;2048;2059
1996;2071;2097
1998;2041;2015
1999;2048;2023
1998;2010;2280
1999;2039;2098
1999;2011;1710
1999;2038;2048
1999;2037;2067
1999;2039;2071
1999;2037;2052
2002;2005;2010
1999;2036;2082
2002;2040;2039
1998;2051;2119
2003;2055;2082
2001;2055;1721
2000;2048;2052
1999;2066;2071
1998;2048;2079
2001;2048;2074
1999;2075;2048
2002;2048;2054
1999;2041;2093
2001;2011;2318
2001;2035;2097
2003;2015;1775
2001;2056;2018
2003;2039;2053
2003;2040;2068
2000;2038;2065
2003;2002;2031
2004;2035;2039
2006;2048;2051
2003;2064;2199
2006;2048;2111
2000;2058;1773
2006;2039;2031
2003;2048;2066
2003;2050;2050
2005;2035;2066
2003;2083;2095
2005;2050;2048
2003;2040;2092
2005;2007;2219
2007;2028;2077
2005;2022;1902
2004;2038;2010
2006;2048;2056
2005;2032;2052
2005;2036;2052
2003;2007;2035
2006;2031;2056
2007;2116;2058
2005;2066;2221
2011;2057;2053
2006;2049;1991
2006;2048;2023
2005;2048;2064
2005;2048;2058
2011;2048;2053
2005;2078;2091
2005;2048;2037
2004;2031;2079
2007;2015;2205
2008;2035;2106
2011;2026;2009
2007;2037;2016
2007;2039;2048
2007;2039;2066
2009;2035;2052
2010;1997;2061
2011;2032;2040
2006;2053;2036
2007;2058;2246
2008;2048;2057
2009;2059;2032
2007;2056;2003
2012;2048;2061
2007;2048;2062
2008;2048;2073
2007;2077;2067
2009;2055;2091
2010;2023;2053
2011;2006;2196
2015;2030;2060
2010;2026;2027
2010;2038;2001
2013;2038;2050
2010;2011;2056
2011;2039;2055
2011;1999;1974
2011;2029;2035
2011;2053;2048
2011;2057;2229
2014;2058;2100
2010;2048;2011
2010;2048;2005
2012;2048;2048
2013;2048;2048
2011;2039;2048
2011;2071;2062
2012;2049;2095
2013;2025;2093
2014;2012;2285
2011;2034;2048
2011;2032;2089
2014;2039;1977
2015;2035;2019
2015;2041;2031
2012;2033;2039
2014;1997;2036
2015;2026;2028
2015;2053;2088
2014;2061;2280
2012;2052;2124
2016;2053;2050
2018;2048;2001
2011;2048;2048
2013;2048;2038
2012;2048;2048
2013;2084;2089
2015;2056;2038
2015;2021;2054
2011;2016;2281
2015;2030;2056
2015;2029;2121
2015;2036;1983
2017;2057;2031
2016;2039;2292
2015;2038;2025
2019;1995;2027
2015;2026;2034
2017;2050;2095
2014;2061;2355
2018;2050;2079
2017;2052;2008
2015;2048;1995
2015;2048;2053
2018;2048;2057
2017;2048;2037
2017;2093;2085
2015;2054;2078
2015;2023;2059
2018;2017;2211
2014;2029;2030
2017;2048;2084
2017;2034;1982
2015;2048;2031
2015;2039;2049
2018;2037;2057
2015;1991;2035
2019;2015;2081
2017;2051;2101
2018;2057;2219
2019;2055;2109
2024;2055;2076
2016;2048;1993
2019;2049;2050
2018;2039;2057
2017;2048;2033
2017;2099;2118
2017;2057;2034
2018;2031;2083
2017;2018;2373
2015;2028;2069
2022;2034;2087
2019;2035;1952
2019;2040;2017
2020;2048;2039
2019;2038;2048
2019;1992;2048
2020;2027;2071
2019;2048;2050
2015;2061;2292
2020;2058;2106
2019;2051;2120
2015;2048;1981
2020;2048;2050
2020;2048;2037
2019;2048;2048
2022;2097;2031
2019;2058;2121
2017;2034;2089
2020;2015;2308
2019;2030;2108
2021;2029;2048
2019;2035;1970
2021;2037;2051
2022;2048;2048
2021;2034;2048
2024;1992;1990
2021;2024;2071
2022;2050;2085
2020;2055;2351
2023;2049;2131
2021;2058;2026
2021;2048;1970
2020;2037;2048
2022;2039;2052
2023;2048;2049
2022;2107;2110
2025;2069;2054
2027;2038;2048
2029;2015;2332
2027;2025;2080
2029;2037;2076
2026;2036;1955
2031;2052;2011
2115;2365;1745
2212;2404;2749
1999;2176;3021
2225;2338;2551
4095;4087;9
4095;4087;2913
4095;4084;3362
4095;3831;3353
4095;2684;3142
4095;2572;2882
4093;2542;2759
4093;2517;2673
4087;2563;2667
4091;2499;2621
4090;2465;2586
4090;2437;2741
989;880;3316
1931;11;3449
1952;0;1183
1919;10;670
1924;1591;1217
1927;1851;1441
1930;1829;1563
1932;1876;1646
1935;1928;1806
1934;1943;2183
1933;1946;1892
1931;1952;1983
1931;1957;1796
1933;1963;1941
1933;1971;1952
1935;1976;1956
1933;2048;1995
1934;2007;1977
1933;2003;2038
1938;1978;2381
1937;1986;2167
1933;1997;2027
1939;2001;1869
1933;2005;1998
1939;2004;2010
1941;2008;2010
1942;1950;1955
1941;1995;1988
1943;2007;1970
1941;2039;2329
1941;2032;2070
1943;2028;2079
1942;2026;1899
1939;2029;2018
1946;2021;2030
1946;2027;2025
1945;2091;2007
1946;2016;2027
1947;2048;2082
1949;2015;2364
1952;2013;2090
1946;2021;2065
1951;2022;1899
1951;2024;2034
1950;2030;2033
1953;2038;2022
1954;1976;2015
1955;2008;1940
1955;2019;2081
1957;2055;2364
1954;2048;2081
1953;2089;2039
1955;2039;1914
1957;2048;2051
1956;2039;2063
1959;2027;2057
1957;2103;2048
1957;2056;2059
1957;2055;2128
1961;2019;2349
1960;2016;2022
1965;2028;2031
1962;2034;1903
1961;2026;2037
1961;2030;2048
1963;2034;2037
1963;1980;2005
1966;2017;2020
1967;2022;1987
1967;2055;2411
1964;2049;1997
1969;2030;2111
1970;2039;1903
1967;2039;2048
1963;2048;2063
1967;2041;2050
1963;2109;2093
1966;2054;2031
1967;2050;2039
1967;2031;2292
1967;2019;2180
1969;2031;2099
1950;2021;1842
1971;2033;2021
1970;2039;2031
1971;2039;2035
1971;1977;1971
1974;2016;2013
1972;2021;2011
1971;2051;2374
1974;2050;2124
1973;2048;2034
1967;2039;1861
1974;2041;2029
1976;2038;2048
1973;2048;2048
1973;2102;2023
1969;2055;2033
1975;2051;2053
1975;2034;2309
1974;2039;2156
1975;2027;2066
1975;2025;1852
1975;2037;2048
1977;2029;2048
1976;2035;2037
1978;1981;2062
1981;2019;1950
1978;2026;2007
1977;2048;2256
1977;2048;2112
1979;2048;2080
1974;2039;1873
1982;2048;2049
1979;2039;2062
1979;2039;2056
1979;2099;2107
1977;2057;2143
1978;2053;2062
1978;2039;2236
1985;2018;2058
1983;2034;2061
1985;2031;1827
1982;2010;2037
1982;2037;2050
1983;2031;2048
1982;1990;2000
1983;2013;2010
1985;2027;1999
1982;2033;2210
1983;2052;2223
1983;2048;2139
1981;2036;1865
1997;2048;2054
1994;2039;2048
1985;2048;2068
1981;2097;2086
1983;2059;2049
1983;2050;2065
1984;2039;2115
1986;2020;2048
1983;2031;2041
1985;2027;1791
1986;2031;2030
1985;2031;2029
1989;2033;2032
1988;1989;1992
1988;2017;2015
1989;2030;1994
1986;2031;2093
1992;2057;2126
1989;2048;2093
1989;2038;1767
1989;2038;2027
1989;2048;2038
1988;2051;2038
1986;2091;2039
1990;2059;2048
1997;2049;2055
1991;2048;2102
1989;2014;2179
1994;2027;2111
1992;2026;1676
1990;2035;2048
1990;2039;2050
1991;2034;2052
1995;1998;1997
1991;2011;2020
1993;2029;2007
1995;2010;1996
1996;2055;2239
1997;2040;1892
1993;2048;1723
1993;2041;2032
1994;2039;2050
1992;2038;2064
1989;2091;2018
1993;2062;2083
1992;2048;2048
1991;2048;2051
1998;2010;2100
1994;2027;2007
1993;2022;1735
1995;2027;2048
1996;2033;2048
1997;2033;2048
1995;2009;2027
1996;2015;2010
1999;2035;2016
1995;2023;2018
1998;2063;2178
1997;2048;2063
1999;2048;1711
1997;2040;2048
1999;2041;2066
1998;2040;2069
1993;2086;2077
1993;2060;2103
1999;2048;2052
1997;2048;2091
1999;2013;2191
1997;2034;2029
1999;2022;1623
2001;2032;2048
1999;2033;2062
2002;2030;2053
2001;2011;2100
2004;2013;1996
2002;2033;2031
2002;2025;2065
1997;2064;2092
1999;2048;2033
1999;2049;1735
1999;2048;2038
2002;2039;2059
2005;2041;2069
2023;2075;2015
2000;2058;2095
1999;2048;2079
2002;2048;2062
2005;2006;2083
2002;2029;2061
2001;2019;1638
2001;2035;2017
2003;2035;2048
2002;2021;2035
2011;2025;2021
2004;2010;2012
2004;2030;2023
2005;2020;2066
2007;2059;2154
1999;2048;2037
2001;2048;1706
2002;2037;2011
2003;2048;2050
2001;2048;2033
1999;2067;2057
2003;2066;2070
2003;2036;2034
2005;2050;2055
2005;2009;2126
2002;2035;2024
2004;2019;1664
2005;2031;2007
2007;2055;2031
2005;2034;2040
2006;2031;2039
2007;2005;2023
2005;2037;2051
2007;2029;2059
2014;2071;2236
2006;2048;2049
2007;2048;1669
2007;2048;2034
2007;2048;2048
2007;2039;2034
2004;2063;1992
2005;2059;2018
2002;2039;2113
2006;2049;2048
2006;2011;2126
2008;2032;2074
2007;2023;1689
2007;2035;2026
2007;2035;2053
2009;2038;2048
2010;2030;2054
2008;2011;2018
2007;2031;2018
2010;2027;1989
2010;2067;2111
2007;2052;2109
2011;2048;1705
2007;2041;2048
2010;2038;2048
2009;2048;2055
2007;2048;1994
2007;2060;2135
2010;2039;2065
2010;2051;2065
2011;2004;2135
2013;2033;2019
2009;2016;1665
2010;2036;2048
2009;2039;2060
2011;2033;2057
2015;2036;2065
2009;2007;2041
2012;2035;2028
2011;2029;1994
2013;2061;2163
2009;2056;2059
2012;2048;1658
2011;2048;2037
2009;2048;2070
2006;2048;2056
2019;2048;2024
2010;2065;2087
2011;2039;2087
2011;2048;2102
2016;2007;2239
2013;2030;2021
2012;2013;1645
2014;2037;2025
2011;2035;2069
2013;2033;2069
2013;2038;2068
2015;2009;2015
2015;2031;2009
2015;2033;1961
2013;2058;2214
2011;2049;2066
2012;2048;1692
2011;2040;2036
2012;2042;2055
2013;2048;2062
2013;2048;2065
2013;2059;2035
2015;2038;2053
2013;2037;2048
2018;2009;2219
2013;2009;2048
2017;2013;1686
2015;2035;2006
2014;2036;2059
2014;2035;2048
2015;2035;2048
2015;2009;2069
2015;2031;2007
2017;2038;1963
2015;2065;2193
2017;2048;2109
2011;2051;1683
2016;2039;2005
2014;2040;2035
2014;2038;2038
2017;2037;2048
2013;2075;2019
2018;2041;2011
2015;2038;2027
2015;2007;2163
2018;2027;2105
2016;2014;1687
2015;2031;1987
2015;2031;2023
2015;2037;2048
2016;2038;2039
2017;2001;2030
2018;2038;2060
2017;2048;2003
2015;2063;2233
2015;2050;2159
2013;2054;1666
2017;2039;1995
2019;2041;2041
2019;2039;2026
2018;2048;2031
2017;2069;2061
2017;2048;2056
2015;2037;2023
2017;2013;2233
2016;2025;2099
2015;2020;1863
2018;2035;1999
2019;2037;2035
2017;2038;2048
2018;2035;2031
2020;2004;1951
2017;2034;2005
2020;2048;2050
2021;2052;2227
2017;2049;2066
2017;2053;1938
2017;2048;2010
2020;2039;2055
2021;2039;2048
2015;2042;2054
2017;2069;2036
2017;2048;2018
2018;2029;2062
2023;2008;2231
2022;2028;2039
2021;2020;1949
2019;2035;2004
2022;2037;2038
2018;2038;2058
2018;2036;2048
2021;2002;2005
2021;2031;2052
2021;2048;2059
2021;2059;2237
2020;2051;1995
2018;2051;1943
2020;2041;1999
2021;2039;2052
2020;2048;2063
2010;2048;2039
2022;2075;2025
2023;2048;2072
2021;2025;2029
2019;2013;2198
2021;2029;2084
2021;2023;2135
2023;2033;1987
2020;2037;2034
2023;2037;2056
2021;2036;2053
2023;1989;2006
2022;2029;2097
2023;2048;2091
2017;2062;2223
2020;2056;2085
2021;2053;2010
2021;2039;1995
2022;2038;2055
2021;2037;2039
2023;2048;2053
2021;2080;2021
2021;2049;2048
2020;2029;2005
2023;2008;2345
2021;2031;2111
2023;2029;2155
2022;2033;2003
2023;2040;2051
2021;2035;2059
2023;2037;2057
2022;2003;2029
2026;2021;2038
2022;2053;2097
2021;2055;2241
2023;2052;2049
2018;2051;2083
2024;2048;2018
2023;2037;2071
2023;2048;2061
2024;2041;2064
2017;2084;2101
2029;2049;2035
2024;2026;2021
2025;2002;2261
2024;2035;2053
2022;2028;2107
2021;2027;2007
2023;2039;2034
2023;2039;2075
2024;2038;2071
