1978;2028;2205
1978;2036;1923
1978;2038;1787
1977;2036;2031
1977;2038;2048
1976;2040;2048
1981;1940;2048
1980;2001;1999
1979;2019;1971
1975;2091;2290
1981;2048;2059
1976;2051;2059
1978;2048;1827
1978;2048;2028
1976;2048;2048
1978;2048;2048
1974;2146;2031
1975;2063;2085
1979;2051;2090
1979;2021;2455
1979;2028;2093
1978;2031;2066
1977;2035;1759
1978;2038;2023
1979;2035;2039
1980;2035;2061
1977;1944;2048
1978;2012;2085
1977;2020;2069
1977;2081;2459
1978;2063;2177
1978;2024;1938
1979;2048;1834
1978;2049;2050
1979;2040;2052
1979;2048;2069
1977;2147;2021
1977;2062;2114
1976;2049;2056
1978;2023;2219
1977;2021;2171
1979;2032;2139
1979;2036;1777
1978;2033;2051
1978;2038;2048
1979;2038;2048
1981;1940;1978
1978;2015;2025
1978;2020;2039
1975;2082;2404
1980;2064;2128
1979;2054;1911
1977;2048;1814
1977;2048;2049
1977;2048;2065
1977;2048;2071
1978;2148;2032
1976;2063;2062
1977;2061;2089
1978;2048;2349
1979;2021;2021
1977;2038;2205
1975;2048;1754
1977;2037;2048
1979;2035;2048
1977;2037;2041
1980;1945;2008
1978;2013;1995
1977;2021;1978
1977;2086;2077
1978;2066;2201
1977;2053;2157
1979;2048;1776
1976;2048;2037
1978;2048;2041
1979;2048;2041
1976;2145;2026
1976;2067;2079
1977;2057;2113
1978;2048;2263
1980;2019;2056
1979;2035;1999
1978;2036;1743
1979;2031;2031
1979;2035;2048
1980;2039;2048
1979;1945;1981
1979;2019;2023
1980;2028;2010
1977;2069;2086
1977;2065;2092
1979;2053;2105
1978;2048;1719
1979;2048;2048
1977;2048;2049
1978;2048;2052
1978;2139;2015
1977;2066;2029
1974;2056;2068
1979;2051;2226
1977;2015;2122
1979;2035;2009
1975;2036;1723
1981;2039;2053
1979;2039;2064
1976;2037;2066
1978;1956;2048
1979;2012;1995
1979;2028;2013
1979;2049;2107
1981;2074;2091
2002;2059;2027
1978;2048;1741
1978;2048;2049
1978;2048;2069
1977;2049;2068
1973;2145;2080
1977;2048;2082
1976;2049;2058
1976;2048;2134
1981;2013;2200
1979;2037;2014
1975;2028;1696
1977;2036;2048
1979;2039;2064
1979;2038;2066
1979;1958;2113
1977;2021;1984
1978;2036;2027
1976;2048;2048
1979;2071;2116
1978;2048;2094
1979;2049;1716
1977;2048;2048
1978;2048;2068
1977;2048;2070
1977;2135;2049
1977;2069;2063
1976;2050;2074
1979;2061;2145
1978;2010;2218
1977;2031;2035
1979;2031;1586
1979;2037;2017
1979;2041;2048
1979;2034;2053
1975;1973;2006
1979;2017;2009
1979;2032;2011
1981;2034;2003
1983;2076;2082
1978;2051;2055
1977;2048;1675
1978;2048;2017
1974;2048;2048
1979;2041;2049
1975;2137;2033
1976;2072;2070
1978;2051;2054
1978;2061;2060
1978;2004;2171
1984;2040;2142
1979;2025;1591
1977;2038;2017
1979;2031;2034
1977;2035;2035
1982;1978;2041
1978;2017;2021
1981;2048;2055
1978;2023;2048
1977;2081;2060
1979;2058;1998
1978;2048;1639
1978;2048;2019
1978;2048;2041
1979;2049;2041
1976;2117;1986
1979;2064;2058
1977;2036;1995
1979;2063;2099
1980;2003;2145
1980;2028;2065
1978;2015;1661
1977;2040;2029
1979;2037;2048
1977;2036;2037
1979;1989;2048
1981;2017;2005
1979;2048;2027
1979;2030;2048
1979;2084;2226
1979;2056;2127
1979;2048;1564
1978;2048;2021
1977;2048;2048
1980;2048;2059
1977;2095;2056
1978;2074;2051
1978;2037;2063
1977;2068;2077
1982;1996;2162
1981;2031;2122
1983;2015;1656
1980;2048;2048
1971;2048;2059
1978;2038;2059
1979;2003;2090
1979;2020;2029
1977;2049;2048
1981;2031;2030
1978;2079;2226
1979;2052;1909
1979;2050;1553
1977;2052;2027
1976;2048;2063
1979;2050;2067
1978;2089;1995
1978;2067;2121
1979;2048;2057
1978;2063;2087
1981;2003;2150
1981;2036;2031
1977;2014;1611
1979;2048;2018
1979;2039;2062
1977;2037;2063
1980;2026;2101
1979;2015;2011
1979;2052;2038
1979;2037;2071
1979;2084;2137
1981;2056;2080
1979;2053;1543
1976;2036;2027
1977;2057;2059
1977;2048;2069
1977;2068;2053
1975;2071;2114
1978;2035;2057
1979;2059;2102
1975;2001;2218
1978;2025;1954
1980;2011;1593
1981;2038;2017
1981;2041;2049
1979;2037;2062
1979;2035;2093
1980;2021;2050
1979;2053;2013
1982;2031;2048
1978;2086;2195
1973;2050;2048
1978;2055;1597
1977;2048;2018
1979;2048;2041
1979;2048;2048
1978;2063;2051
1975;2077;2014
1978;2034;2022
1973;2053;2095
1981;1993;2284
1978;2025;2091
1979;2003;1559
1979;2039;1996
1977;2048;2038
1974;2039;2055
1979;2038;2039
1981;2020;2048
1982;2056;2075
1978;2039;2023
1979;2080;2092
1978;2038;1982
1978;2053;1629
1981;2048;2018
1978;2048;2048
1979;2048;2048
1977;2048;1995
1974;2074;2114
1977;2038;2050
1977;2051;2039
1978;1993;2215
1980;2029;2058
1982;2001;1612
1980;2048;2011
1978;2048;2048
1979;2037;2050
1981;2035;2055
1980;2029;2048
1980;2054;2057
1979;2048;2053
1977;2083;1990
1978;2049;1946
1978;2057;1707
1979;2048;2023
1977;2048;2057
1978;2048;2061
1979;2048;2058
1978;2081;2071
1978;2026;2100
1978;2048;2114
1981;1995;2187
1977;2031;2105
1976;2001;1743
1979;2048;2005
1977;2039;2048
1979;2036;2059
1980;2039;2048
1979;2048;2080
1979;2053;2074
1979;2050;2067
1978;2071;2232
1965;2054;1958
1978;2063;1719
1979;2048;2014
1978;2048;2037
1980;2048;2050
1978;2054;2049
1977;2082;2081
1979;2034;2073
1978;2061;2011
1980;1993;2177
1979;2036;2019
1979;2002;1825
1979;2048;1994
1979;2048;2037
1980;2034;2035
1977;2039;2037
1979;2015;2057
1979;2053;2079
1979;2061;2039
1979;2077;2248
1978;2057;2121
1978;2060;1798
1974;2037;1998
1978;2048;2048
1979;2048;2039
1978;2056;2048
1980;2079;2098
1971;2031;2031
1977;2031;2017
1982;1987;2188
1980;2023;2130
1981;2012;1981
1979;2040;2004
1979;2048;2058
1978;2039;2058
1980;2038;2054
1979;2005;2030
1978;2050;2099
1979;2067;2095
1982;2076;2246
1980;2063;2223
1977;2068;1969
1978;2048;2005
1977;2048;2061
1979;2048;2055
1979;2051;2058
1979;2081;2059
1978;2039;2019
1979;2019;2017
1979;1987;2210
1982;2029;1981
1981;2013;2017
1978;2039;2017
1979;2048;2063
1978;2039;2061
1979;2048;2062
1981;2009;2036
1986;2048;2077
1981;2066;2067
1978;2076;2329
1978;2057;2147
1980;2069;2177
1979;2048;2004
1979;2052;2071
1980;2048;2053
1993;2048;2048
1978;2083;2050
1978;2037;2078
1979;2008;2071
1978;1990;2357
1981;2020;2031
1979;2019;2077
1979;2038;1979
1979;2048;2048
1981;2039;2048
1977;2050;2040
1981;1999;2061
1985;2039;2006
1979;2065;2055
1977;2076;2272
1978;2063;2127
1978;2057;2100
1976;2048;1994
1979;2048;2051
1976;2051;2051
1997;2048;2050
1977;2079;2031
1978;2038;2048
1978;2008;2063
1979;1991;2345
1977;2030;2101
1983;2027;2135
1981;2040;1974
1979;2048;2053
1983;2048;2049
1979;2048;2063
1979;1988;2069
1979;2036;2052
1979;2075;2082
1982;2074;2275
1980;2054;2179
1978;2061;2093
1979;2048;2002
1978;2048;2065
1980;2040;2059
1975;2048;2064
1977;2091;2076
1977;2048;2048
1979;2003;2067
1982;1992;2271
1981;2034;1997
1990;2027;2115
1979;2048;1977
1981;2048;2059
1978;2048;2064
1978;2039;2061
1982;1988;2062
1980;2039;2073
1978;2075;2077
1978;2066;2322
1979;2066;2169
1979;2065;2133
1979;2048;2003
1979;2048;2071
1978;2048;2065
1977;2048;2063
1979;2090;2039
1979;2048;2095
1980;1997;2054
1981;1991;2379
1981;2019;2202
1989;2031;2188
1979;2037;1977
1980;2039;2048
1981;2040;2049
1980;2040;2048
1982;1977;2061
1981;2023;2048
1978;2073;2093
1977;2077;2263
1979;2059;2169
1978;2063;2090
1979;2048;1961
1979;2041;2067
1980;2048;2057
1979;2048;2048
1979;2094;2053
1979;2048;2034
1983;1999;2053
1980;1989;2372
1982;2025;2186
1988;2027;2190
1977;2037;1958
1979;2048;2034
1979;2048;2061
1978;2048;2062
1980;1970;2079
1979;2030;2054
1983;2076;2088
1975;2074;2237
1979;2058;2204
1980;2052;2093
1979;2048;1961
1979;2048;2058
1979;2048;2052
1980;2048;2065
1979;2119;2143
1979;2055;2109
1980;2003;2098
1981;1989;2414
1984;2025;2212
1979;2029;2159
1983;2048;1949
1979;2048;2051
1979;2039;2059
1979;2048;2076
1980;1963;2082
1978;2025;2024
1981;2063;2038
1977;2079;2324
1975;2062;2219
1978;2058;2165
1979;2048;1954
1978;2048;2059
1979;2048;2061
1980;2048;2063
1978;2111;2119
1978;2053;2091
1983;2005;2048
1979;1989;2420
1981;2027;2095
1978;2034;2135
1978;2048;1950
1978;2037;2038
1980;2048;2050
1981;2048;2058
1981;1961;2003
1980;2029;2049
1979;2058;2068
1979;2078;2438
1977;2056;1924
1980;2050;2020
1978;2048;1952
1979;2048;2048
1985;2048;2048
1981;2048;2051
1978;2102;2083
1980;2035;2091
1979;2018;2036
1982;1974;2401
1979;2023;2141
1977;2028;2008
1979;2039;1911
1981;2037;2027
1979;2040;2030
1980;2039;2035
1982;1949;2020
1979;2019;2057
1979;2054;2051
1981;2083;2411
1979;2066;2109
1979;2058;2037
1979;2048;1931
1978;2049;2048
1979;2048;2048
1980;2048;2035
1978;2116;2084
1979;2063;2117
1979;2030;2021
1978;1983;2328
1978;2031;2229
1979;2048;2126
1979;2037;1909
1978;2048;2029
1980;2038;2041
1979;2048;2049
1981;1958;1985
1981;2020;2111
1980;2048;2074
1984;2087;2436
1980;2050;2130
1978;2053;2099
1978;2048;1940
1979;2048;2069
1980;2048;2061
1979;2039;2064
1979;2132;2133
1978;2059;2059
1977;2038;2097
1983;1995;2349
1983;2031;2100
1979;2028;2104
1981;2031;1933
1979;2048;2049
1981;2048;2048
1980;2039;2048
1983;1953;1986
1981;2018;2019
1978;2037;2058
1979;2082;2511
1978;2048;2138
1980;2060;2015
1978;2048;1923
1980;2048;2066
1981;2040;2055
1977;2048;2059
1977;2135;2038
1981;2061;2071
1980;2041;2090
1976;1995;2351
1978;2033;2104
1979;2038;2071
1979;2039;1932
1975;2037;2029
1979;2048;2050
1981;2039;2039
1981;1929;1977
1981;2021;2019
1980;2041;2048
1978;2087;2389
1979;2058;2191
1977;2057;2049
1981;2048;1864
1980;2048;2050
1980;2048;2054
1979;2048;2038
1978;2137;2064
1977;2069;2053
1971;2048;2075
1981;1990;2334
1979;2031;2031
1979;2032;2035
1979;2031;1883
1986;2038;2034
1979;2031;2055
1980;2039;2048
1982;1952;1987
1979;2013;2040
1979;2029;2081
1979;2077;2249
1982;2062;2111
1983;2058;2115
1979;2048;1882
1979;2048;2066
1980;2048;2076
1979;2035;2064
1980;2139;2055
1979;2066;2083
1979;2057;2103
1981;1997;2486
1979;2030;2090
1979;2035;2061
1979;2036;1868
1981;2035;2048
1979;2039;2060
1978;2048;2064
1981;1949;1998
1978;2018;2000
1979;2033;2048
1977;2085;2390
1979;2057;2098
1979;2057;1951
1981;2040;1901
1978;2052;2068
1979;2048;2072
1981;2048;2080
1981;2148;2095
1978;2069;2065
1978;2058;2072
1978;2002;2478
1981;2021;2119
1979;2037;2038
1978;2037;1850
1977;2039;2034
1979;2040;2056
1979;2038;2048
1981;1952;1983
1983;2020;2015
1979;2024;2029
1978;2086;2205
1980;2056;2113
1978;2053;1942
1981;2048;1875
1979;2049;2050
1980;2048;2058
1980;2041;2055
1978;2142;2073
1978;2065;2048
1979;2062;2062
1980;2003;2415
1982;2023;2078
1981;2031;2092
1982;2037;1827
1979;2039;2037
1980;2039;2052
1980;2039;2054
1983;1946;1983
1982;2022;1995
1979;2022;2007
1981;2079;2293
1981;2057;2095
1979;2054;1959
1980;2048;1879
1980;2048;2058
1979;2048;2069
1973;2048;2069
1978;2147;2038
1977;2068;2028
1978;2075;2067
1982;2009;2357
1980;2023;2018
1981;2034;2164
1980;2036;1810
1982;2039;2050
1978;2038;2067
1981;2039;2060
1981;1955;2095
1979;2015;1987
1980;2025;2054
1979;2082;2475
1979;2057;1986
1980;2055;2003
1980;2048;1844
1978;2051;2069
1982;2048;2062
1979;2048;2078
1978;2149;2093
1978;2068;2095
1980;2066;2059
1980;2022;2367
1980;2015;2084
1979;2031;2074
1981;2037;1764
1981;2033;2048
1981;2035;2052
1981;2048;2050
1980;1954;2038
1979;2022;1995
1978;2018;1974
1979;2078;2403
1979;2058;2131
1979;2015;2107
1979;2039;1756
1981;2058;2033
1979;2048;2058
1981;2049;2053
1976;2144;2082
1978;2066;2062
1979;2063;2075
1979;2029;2315
1981;2023;2119
1985;2030;2080
1979;2040;1765
1980;2031;2028
1981;2040;2053
1981;2039;2039
1982;1954;2048
1980;2012;2048
1981;2027;2021
1979;2079;2364
1978;2063;2211
1981;2049;2088
1978;2048;1709
1978;2048;2031
1981;2048;2051
1981;2048;2065
1979;2152;2036
1978;2059;2067
1981;2068;2068
1981;2027;2442
1978;2015;2071
1979;2031;1871
1979;2033;1769
1979;2037;2051
1979;2037;2048
1979;2048;2049
1982;1959;2023
1980;2021;2037
1983;2031;2024
1982;2075;2389
1978;2062;2171
1978;2052;2106
1982;2048;1730
1979;2048;2035
1967;2049;2066
1979;2048;2071
1978;2151;2079
1975;2067;2055
1979;2055;2067
1980;2048;2380
1977;2023;2131
1979;2026;2065
1981;2033;1730
1979;2035;2048
1980;2037;2048
1980;2035;2056
1980;1962;2003
1975;2021;2018
1981;2031;1979
1981;2064;2184
1978;2069;2187
1982;2052;2091
1967;2041;1779
1979;2053;2037
1979;2049;2048
1979;2048;2048
1979;2150;2030
1978;2064;2039
1978;2063;2095
1979;2053;2287
1981;2018;2135
1975;2028;2159
1987;2035;1641
1982;2039;2022
1980;2039;2037
1978;2035;2034
1984;1958;2048
1980;2027;2009
1982;2031;2074
1977;2052;2171
1981;2073;2146
1979;2057;2117
1980;2048;1621
1980;2051;2016
1981;2051;2035
1979;2051;2038
1978;2151;2081
1978;2063;2051
1983;2059;2126
1982;2037;2281
1979;2013;2185
1978;2032;2109
1981;2031;1601
1979;2039;2029
1982;2042;2048
1983;2034;2034
1982;1969;2012
1982;2023;2031
1981;2036;2049
1983;2048;2212
1979;2063;2027
1979;2058;2158
1978;2041;1655
1981;2049;2031
1978;2048;2060
1981;2048;2061
1981;2143;2053
1979;2059;2107
1979;2055;2082
1979;2049;2157
1981;2014;2140
1979;2039;2021
1981;2036;1676
1979;2037;2048
1979;2038;2065
1979;2048;2058
1982;1974;2077
1983;2021;2048
1981;2031;2020
1982;2031;2084
1979;2074;2218
1981;2049;1924
1980;2048;1689
1983;2040;2048
1979;2051;2053
1982;2049;2048
1979;2125;2034
1979;2057;2079
1980;2048;2041
1979;2054;2068
1980;1995;2063
1979;2038;2059
1981;2058;1608
1981;2034;2048
1979;2022;2048
1981;2039;2039
1980;1991;1971
1982;2021;1961
1983;2031;1994
1979;2034;1994
1983;2072;2236
1983;2048;2060
1981;2048;1533
1979;2048;2022
1981;2048;2063
1980;2049;2039
1979;2115;1982
1978;2061;2021
1979;2050;2097
1979;2053;2091
1983;2006;2121
1980;2019;1919
1982;2024;1651
1980;2041;2034
1979;2039;2065
1981;2035;2041
1981;1996;2041
1983;2023;2036
1979;2048;1981
1981;2050;2020
1979;2079;2002
1980;2058;2152
1979;2048;1597
1982;2050;2050
1981;2040;2071
1982;2048;2069
1979;2109;2023
1980;2059;2084
1979;2036;2087
1979;2059;2061
1979;2010;2225
1982;2033;1937
1983;2017;1628
1982;2033;2063
1981;2048;2059
1983;2037;2059
1982;2002;2098
1980;2022;2034
1980;2048;2000
1975;2025;1999
1982;2082;2089
1980;2051;2131
1980;2048;1669
1979;2048;2029
1979;2050;2051
1980;2051;2048
1979;2097;2035
1978;2058;2070
1986;2038;2019
1978;2054;2088
1981;2010;2251
1981;2038;2091
1977;2008;1551
1982;2048;2019
1980;2051;2052
1980;2036;2050
1982;2036;2029
1981;2013;2061
1981;2048;2008
1979;2025;1967
1979;2082;2159
1979;2048;2057
1979;2050;1613
1981;2048;2030
1980;2048;2048
1981;2051;2050
1979;2081;2031
1979;2061;2081
1979;2035;2063
1982;2049;2068
1978;1996;2272
1980;2039;2103
1981;2019;1486
1981;2040;2000
1982;2036;2038
1981;2048;2048
1981;2030;2064
1981;2015;2031
1980;2053;2063
1986;2034;2020
1983;2071;2123
1977;2056;2098
1981;2049;1594
1991;2048;2016
1981;2049;2031
1979;2048;2027
1978;2058;1975
1981;2059;2034
1980;2036;2048
1981;2061;2051
1983;1998;2211
1983;2031;2080
1981;2018;1543
1981;2033;2011
1979;2038;2048
1980;2039;2048
1978;2048;2091
1981;2015;2051
1981;2048;2075
1982;2031;2034
1979;2081;2170
1979;2055;2085
1982;2054;1631
1981;2048;2027
1984;2049;2053
1979;2050;2049
1981;2048;2037
1981;2068;2093
1979;2038;2007
1979;2039;2071
1980;2013;2287
1981;2031;2078
1979;2004;1691
1979;2048;2028
1979;2039;2059
1983;2038;2060
1981;2048;2062
1978;2011;2069
1981;2048;2095
1980;2048;2070
1978;2087;2201
1979;2053;2071
1980;2057;1659
1980;2039;2026
1979;2049;2063
1983;2048;2063
1981;2051;2053
1979;2059;2074
1981;2029;2024
1981;2076;2031
1980;2000;2324
1981;2031;2097
1981;2009;1741
1981;2048;2015
1981;2048;2067
1982;2037;2059
1995;2048;2078
1981;2016;2103
1984;2050;2100
1982;2034;2094
1975;2080;2129
1982;2057;2069
1979;2063;1829
1980;2048;2010
1981;2050;2065
1977;2048;2063
1979;2048;2069
1988;2066;2075
1979;2034;2105
1980;2048;2101
1986;2001;2220
1979;2027;2130
1982;2007;2049
1981;2048;1996
1981;2039;2049
1978;2040;2061
1983;2038;2060
1979;2003;2132
1983;2039;2110
1980;2059;2122
1990;2082;2339
1978;2053;2182
1983;2066;1977
1980;2048;2010
1981;2042;2063
1981;2048;2051
1981;2049;2065
1979;2068;2051
1979;2048;2057
1979;2020;2060
1982;2005;2306
1979;2033;2028
1981;2014;1991
1981;2051;1991
1987;2048;2054
1979;2039;2052
1969;2037;2048
1979;2005;2024
1981;2283;2074
1982;2060;2083
1981;2069;2254
1981;2051;2120
1979;2060;1973
1981;2048;2010
1980;2040;2067
1980;2048;2057
1979;2049;2051
1978;2080;2048
1979;2040;2071
1979;2031;2076
1983;1996;2361
1979;2029;2098
1981;2017;2077
1980;2042;1987
1981;2039;2040
1982;2048;2061
1982;2034;2056
1982;2002;2034
1981;2048;2026
1983;2061;2115
1981;2073;2348
1982;2052;2181
1979;2065;2098
1979;2048;1999
1981;2038;2055
1975;2048;2053
1983;2050;2051
1981;2077;2062
1980;2050;2077
1979;2009;2039
1980;2002;2263
1979;2033;2048
1983;2021;2099
1985;2039;1958
1981;2048;2051
1982;2048;2048
1979;2036;2051
1955;1999;2061
1981;2048;2071
1981;2068;2095
1981;2070;2360
1983;2050;2112
1979;2059;2123
1980;2050;1987
1982;2039;2049
1983;2048;2062
1981;2051;2048
1980;2088;2066
1980;2039;2069
1975;2027;1999
1979;1994;2321
1979;2030;2165
1980;2031;2122
1981;2039;1983
1981;2039;2048
1981;2048;2069
1983;2037;2071
1982;1997;2076
1983;2040;2060
1980;2065;2105
1982;2066;2326
1979;2079;2077
1979;2059;2011
1979;2048;1998
1979;2048;2057
1979;2054;2062
1981;2048;2055
1978;2087;2038
1979;2050;2073
1982;2020;2091
1983;1999;2379
1979;2021;2140
1978;2034;2156
1982;2048;1975
1982;2048;2048
1979;2040;2080
1982;2041;2061
1983;1989;2092
1979;2037;2027
1980;2070;2076
1983;2077;2289
1979;2049;2081
1981;2058;2072
1980;2048;1979
1980;2048;2064
1980;2051;2060
1981;2048;2063
1990;2097;2123
1981;2058;2063
1983;2018;2093
1981;2006;2304
1982;2034;2123
1979;2039;2096
1981;2037;1965
1981;2036;2048
1982;2048;2057
1976;2048;2062
1983;2003;2048
1981;2020;2076
1982;2063;2093
1973;2053;2158
1978;2063;2077
1981;2051;2217
1978;2048;1959
1981;2048;2062
1983;2048;2059
1979;2049;2039
1980;2098;2095
1980;2051;2048
1981;2023;2037
1981;2003;2411
1983;2024;1997
1979;2034;2053
1980;2036;1967
1982;2037;2034
1980;2048;2052
1981;2040;2040
1983;1979;2049
1983;2033;2004
1981;2053;2048
1984;2062;2391
1981;2056;2250
1981;2052;2003
1979;2049;1983
1981;2049;2056
1980;2038;2053
1979;2051;2048
1979;2107;2080
1982;2049;2051
1981;2030;2053
1983;2000;2354
1982;2031;2198
1981;2031;1925
1989;2037;1930
1980;2039;2034
1983;2048;2048
1979;2039;2037
1983;1981;2011
1980;2029;2053
1979;2057;2035
1982;2074;2170
1983;2049;2055
1984;2048;1965
1990;2051;1949
1981;2040;2048
1979;2048;2053
1981;2048;2048
1979;2112;2115
1981;2051;2066
1983;2026;2054
1982;2009;2378
1980;2026;2223
1985;2033;2112
1980;2048;1901
1983;2035;2027
1981;2041;2048
1981;2068;2036
1983;1986;1967
1981;2027;2069
1982;2057;2095
1979;2069;2369
1981;2061;1958
1983;2054;2027
1981;2048;1931
1980;2037;2048
1979;2040;2057
1983;2039;2054
1981;2111;2084
1979;2054;2015
1994;2048;2076
1981;2018;2311
1979;2031;1989
1981;2031;2126
1980;2048;1924
1983;2048;2039
1982;2037;2048
1982;2048;2051
1981;1986;2007
1982;2026;2069
1983;2048;2078
1980;2073;2413
1980;2058;2179
1983;2048;1963
1981;2048;1935
1981;2048;2059
1979;2048;2065
1981;2048;2054
1983;2122;2085
1990;2061;2152
1981;2037;2125
1986;2014;2383
1979;2048;2063
1980;2013;1971
1981;2036;1933
1981;2048;2052
1983;2048;2056
1982;2041;2051
1984;1971;1982
1983;2019;2074
1979;2048;2039
1982;2066;2357
1983;2064;2202
1981;2057;2145
1981;2037;1907
1982;2048;2064
1983;2048;2078
1982;2048;2063
1979;2125;2122
1980;2059;2048
1983;2052;2079
1981;2013;2438
1982;2019;2068
1981;2038;2050
1981;2031;1949
1983;2039;2069
1983;2038;2048
1982;2048;2055
1983;1981;1958
1982;2020;2084
1982;2034;2009
1979;2071;2356
1980;2057;2034
1984;2051;2117
1981;2048;1887
1981;2038;2055
1982;2048;2065
1983;2049;2058
1980;2115;2099
1981;2061;2058
1975;2048;2012
1983;2012;2363
1985;2036;2057
1983;2030;2077
1981;2037;1902
1984;2039;2039
1982;2052;2050
1981;2034;2048
1984;1975;2035
1984;2031;1946
1983;2034;2011
1989;2058;2358
1983;2059;2119
1981;2060;2039
1981;2039;1894
1988;2058;2056
1984;2048;2064
1982;2048;2052
1979;2124;2091
1982;2066;2069
1981;2051;2101
1981;2018;2314
1983;2035;2107
1982;2033;1929
1973;2034;1897
1983;2039;2039
1983;2034;2032
1983;2035;2048
1979;1987;1997
1983;2023;2012
1985;2027;2041
1983;2062;2455
1981;2054;2125
1981;2059;2084
1983;2048;1862
1983;2052;2038
1990;2067;2028
2003;2095;2011
2005;2119;2072
1994;2099;2048
2049;2205;1768
2082;2285;2009
2405;2504;2462
2015;1777;2202
2034;2060;1962
2054;1908;2605
2447;2423;2911
2388;2827;2611
2095;1771;1877
2048;1920;2070
2055;2071;1894
2048;2048;2379
2407;2508;2048
2393;1883;2935
2133;2036;1725
2123;2054;1759
2067;1931;2076
2031;1966;2024
2022;2095;1953
2015;2034;2023
2009;2036;2152
2001;2007;2383
2007;2031;2126
2002;2018;2006
2006;2027;1847
1994;2007;2079
1993;2007;2061
1995;2048;2048
1999;1979;1938
1995;2019;1981
1995;2019;2027
1995;2063;2390
1996;2050;1994
1997;2053;2050
1997;2048;1887
1996;2048;2061
1996;2048;2063
1996;2048;2053
1994;2109;2072
1995;2057;2094
1989;2051;2075
1990;2020;2334
1989;2021;2143
1992;2037;2152
1992;2048;1809
1994;2031;2010
1985;2040;2069
1995;2035;2065
1994;1979;2038
1997;2013;1981
1992;2021;2039
1990;2056;2406
1991;2055;2118
1986;2048;2027
1989;2035;1835
1991;2050;2053
1991;2049;2063
1991;2049;2048
1992;2121;2081
1995;2053;2090
1991;2057;2092
1994;2021;2351
1994;2027;2087
1992;2036;2070
1991;2035;1802
1990;2039;2031
1991;2048;2048
1994;2048;2052
1994;1982;2018
1993;2015;1943
1991;2022;1994
1992;2065;2211
1986;2050;2132
1993;2055;2069
1994;2049;1763
1992;2048;2029
1995;2038;2054
1994;2048;2051
1991;2113;2075
1992;2060;2059
1994;2057;2060
1992;2036;2340
1996;2030;2090
2001;2054;1939
2630;2767;2048
2097;1621;2447
2121;2162;1572
2159;2090;1892
2181;2245;1961
2072;2155;1527
2131;2146;2597
2176;2468;2458
2034;1741;2692
2056;1703;1441
2486;2666;2072
2086;1736;958
2058;2136;2739
2081;1815;1599
2033;1835;3297
2150;2123;2417
2098;2017;1799
2123;2138;2127
2111;2031;2281
2092;1974;1907
2081;1989;1789
2053;2005;1967
2036;1999;2017
2029;2006;2012
2027;1979;2026
2028;2017;1987
2029;2027;1967
2026;2048;2153
2030;2055;2015
2029;2038;1974
2027;2048;1767
2029;2054;2030
2057;2117;1963
2083;2122;2153
2078;2085;2121
2074;2054;2119
2051;2008;2150
2053;2070;2035
2057;2122;1878
2120;2184;1906
2177;2134;2313
2027;1785;2299
2048;1979;1751
2058;2051;2083
1980;1371;2981
2054;2069;1591
2002;1841;2306
2093;2171;2624
2132;2103;2426
2176;1992;1633
2027;2003;2891
2084;2023;2363
2053;1995;1861
2048;2025;2021
2052;2137;1951
2054;2061;2060
2069;2098;1997
2089;2113;2121
2065;1973;2554
2109;2089;2155
2112;2027;1588
2115;2060;2085
2113;2087;1935
2118;2054;2109
2118;1993;2092
2117;2036;2007
2119;2039;2074
2129;2115;2076
2120;2079;2727
2094;1983;1939
2075;1983;1590
2065;2035;1993
2054;2005;2055
2048;2048;2025
2036;2085;2068
2038;2061;2063
2029;2032;2065
2026;2031;2095
2033;2027;2077
2033;2030;2048
2048;2050;1662
2038;2037;2049
2040;2057;2019
2053;2077;2123
2100;2031;2621
2030;1870;2166
2013;1956;2095
2029;2031;2065
2048;2037;2346
2048;2031;2133
2062;2100;1642
2191;2357;2353
2073;1773;2259
2003;1912;1960
1990;2065;1970
1987;2048;1977
1989;2029;2059
1987;2048;2066
1989;1964;2199
1992;2031;2204
1988;2027;1634
1990;2034;2025
1991;2036;2033
1993;2037;2037
1995;2009;2037
1995;2013;2053
1992;2029;2011
1992;2037;2068
1995;2061;2173
1991;2040;2119
1994;2037;1533
1993;2048;2022
1995;2048;2048
1993;2049;2048
1993;2080;2048
1997;2052;1995
1997;2051;2037
1994;2048;2086
1996;2018;2223
1997;2035;2149
2000;2026;1640
2001;2037;2024
1997;2036;2294
1997;2037;2034
2000;2014;2019
1999;2015;2088
2001;2036;2048
2005;2031;2057
1999;2070;2246
1999;2048;2196
1999;2048;1554
1998;2048;2021
1999;2048;2051
1999;2049;2055
1998;2083;1994
1996;2048;2051
1999;2048;2009
1999;2055;2111
2001;2013;2151
1999;2034;2075
2003;2019;1605
1994;2037;2012
2002;2038;2048
2001;2039;2048
2001;2021;2062
2005;2021;2034
2003;2035;2069
2002;2035;2030
2001;2066;2271
2003;2050;2202
2001;2048;1629
2002;2048;2029
2002;2048;2054
2002;2048;2058
2000;2070;2066
1998;2059;2024
2002;2048;2072
2002;2055;2071
2002;2013;2183
2002;2048;2083
2003;2027;1588
2003;2039;2022
2003;2041;2063
2004;2034;2063
2007;2023;2108
2002;2023;2295
2005;2039;2097
2005;2041;2039
2005;2066;2312
2008;2048;2204
2004;2048;1637
2005;2048;2030
2007;2048;2061
2006;2048;2057
2005;2054;2023
2003;2071;2061
2005;2048;2095
2007;2054;2086
2011;2014;2264
2017;2031;2105
2006;2026;1487
2007;2035;2008
2007;2039;2052
2007;2039;2061
2007;2034;2125
2007;2023;2112
2009;2039;2081
2010;2035;2077
2006;2070;2221
2007;2054;2127
2008;2049;1645
2007;2048;2029
2010;2048;2055
2008;2048;2056
2009;2049;2036
2007;2088;2057
2007;2039;2051
2009;2054;2136
2010;2009;2209
2011;2034;2093
2007;2015;1546
2010;2037;2002
2011;2037;2049
2010;2031;2051
2011;2035;2035
2009;2015;2031
2011;2039;2086
2011;2040;2027
2013;2063;2212
2013;2053;2075
2008;2051;1654
2010;2048;2015
2011;2048;2040
2011;2051;2029
2014;2048;2048
2012;2063;2084
2013;2037;2007
2010;2048;2083
2013;2011;2277
2011;2029;2169
2013;2019;1661
2013;2023;1998
2011;2040;2038
2015;2037;2031
2013;2036;2030
2017;2018;2059
2015;2048;2119
2013;2031;2034
2013;2062;2229
2014;2053;2135
2014;2053;1611
2015;2048;2007
2013;2049;2052
2010;2038;2036
2015;2048;2031
2011;2077;2093
2014;2040;1992
2011;2048;2115
2019;2003;2203
2016;2036;2133
2015;2013;1742
2012;2038;2003
2015;2048;2048
2015;2048;2048
2014;2038;2038
2017;2013;2022
2015;2039;2066
2015;2053;2049
2017;2061;2184
2015;2055;2182
2015;2053;1657
2014;2048;1995
2015;2048;2049
2009;2048;2053
2015;2048;2035
2014;2073;2063
2013;2048;2095
2016;2040;2020
2015;2005;2186
2017;2035;2029
2018;2025;1913
2015;2035;2010
2017;2038;2053
2017;2040;2067
2019;2036;2051
2017;2013;2004
2017;2048;2134
2017;2050;2112
2015;2058;2223
2017;2055;2105
2017;2059;1979
2015;2048;2030
2018;2059;2070
2014;2048;2068
2019;2049;2075
2015;2081;2143
2018;2048;2048
2017;2034;2048
2018;2003;2320
2015;2031;2112
2019;2023;2029
2019;2039;2002
2037;2048;2050
2020;2023;2055
2019;2034;2074
2025;2003;2034
2019;2048;2070
2019;2058;2052
2017;2061;2255
2021;2051;2097
2015;2058;2007
2015;2048;1991
2019;2048;2059
2020;2048;2053
2021;2048;2061
2018;2078;2055
2020;2048;2048
2022;2028;2058
2018;2013;2185
2020;2026;2159
2021;2023;2048
2019;2036;1982
2021;2038;2034
2021;2037;2039
2019;2039;2048
2020;2005;2138
2020;2048;2055
2017;2051;2061
2021;2056;2162
2022;2054;1971
2019;2055;2064
2022;2048;2005
2021;2048;2037
2021;2048;2048
2021;2054;2037
2020;2082;2089
2021;2049;2078
2019;2027;2017
2020;2007;2191
2023;2030;2093
2023;2030;2159
2023;2035;1966
2022;2039;2031
2023;2048;2036
2021;2035;2031
2024;1997;2113
2024;2031;1999
2022;2059;2063
2021;2057;2152
2021;2053;2034
2022;2048;2048
2021;2040;1987
2023;2048;2054
2024;2048;2050
2022;2051;2031
2021;2084;2048
2023;2049;2074
2023;2024;2007
2021;2011;2311
2023;2027;2099
2024;2029;2069
2024;2037;1960
2023;2048;2038
2021;2036;2034
2024;2039;2048
2023;2005;1988
2026;2028;2048
2022;2057;2039
2023;2053;2319
2025;2053;2055
2023;2055;1954
2023;2039;1979
2026;2048;2058
2022;2041;2048
2024;2048;2048
2023;2080;2033
2023;2053;2062
2026;2021;2031
2025;2015;2237
2021;2033;1993
2023;2027;2037
2024;2048;2015
2027;2035;2048
2022;2036;2061
2023;2041;2053
2026;1999;1997
2025;2020;2048
2027;2054;2101
2023;2055;2263
2027;2060;2075
2026;2048;2071
2025;2063;1974
2025;2048;2074
2024;2040;2073
2024;2048;2071
2023;2089;2048
2023;2056;2055
2023;2029;2031
2028;2011;2409
2025;2027;2048
2026;2039;2022
2027;2039;1986
2026;2036;2061
2025;2040;2057
2027;2034;2069
2027;1993;2037
2023;2027;2037
2026;2049;2048
2025;2062;2233
2029;2060;2058
2024;2057;2085
2024;2040;1960
2028;2048;2071
2026;2048;2069
2026;2048;2070
2023;2093;2056
2026;2058;2068
2024;2026;2091
2024;2013;2322
2025;2020;2109
2028;2038;2029
2027;2036;1970
2027;2037;2039
2027;2048;2052
2033;2039;2071
2026;1988;1972
2026;2026;1959
2026;2048;2067
2026;2061;2476
2027;2030;2192
2025;2054;2102
2027;2048;1969
2027;2048;2064
2025;2048;2053
2026;2048;2052
2027;2097;2093
2027;2058;2117
2026;2031;2095
2025;2015;2370
2031;2026;2122
2026;2033;2093
2026;2035;1941
2027;2039;2034
2028;2048;2073
2027;2039;2051
2029;1979;2022
2030;2020;2083
2021;2048;2050
2030;2056;2237
2027;2053;2159
2031;2049;2112
2026;2048;1941
2029;2048;2057
2028;2048;2049
2029;2048;2048
2028;2093;2019
2025;2059;2094
2029;2036;2057
2029;2009;2315
2028;2031;2121
2027;2037;2099
2030;2035;1914
2030;2041;2048
2033;2048;2039
2035;2048;2048
2048;1992;1987
2035;2015;2030
2031;2031;2030
2030;2056;2415
2027;2055;2035
2029;2049;2056
2029;2048;1938
2027;2048;2055
2029;2048;2052
2029;2039;2039
2027;2107;2085
2027;2057;2055
2029;2048;2023
2030;2022;2270
2029;2029;2163
2027;2030;2115
2029;2037;1899
2028;2037;2032
2034;2040;2048
2029;2048;2048
2030;1983;1971
2029;2023;1982
2030;2033;2059
2031;2058;2319
2027;2053;2100
2029;2051;2039
2026;2048;1889
2029;2048;2051
2029;2048;2048
2031;2048;2051
2027;2101;2067
2029;2064;2128
2029;2048;2019
2028;2015;2410
2029;2029;2022
2031;2027;2129
2029;2037;1909
2027;2039;2039
2031;2039;2048
2030;2036;2067
2030;1983;2019
2029;2021;2031
2027;2034;2035
2031;2060;2400
2031;2054;2204
2031;2048;2099
2030;2048;1890
2031;2048;2059
2030;2048;2055
2031;2048;2071
2029;2097;2050
2026;2067;2159
2029;2054;2054
2031;2021;2439
2031;2031;2102
2029;2041;2103
2030;2039;1932
2031;2040;2037
2034;2040;2055
2031;2040;2052
2035;1980;1917
2035;2015;1981
2029;2021;2049
2030;2065;2273
2031;2050;2211
2029;2051;2093
2030;2048;1874
2031;2048;2048
2031;2041;2049
2031;2048;2053
2030;2101;2051
2028;2061;2052
2030;2053;2066
2031;2011;2443
2033;2048;2135
2033;2027;1930
2031;2039;1899
2031;2037;2048
2033;2048;2032
2036;2052;2006
2153;2093;2349
4095;3642;589
4095;4085;640
4095;4085;2955
4095;4083;3419
4095;2927;3383
4095;2607;3221
4095;2571;2828
4095;2533;2698
4095;2512;2633
4091;2547;2556
4093;2493;2603
4091;2471;2537
4090;2426;2702
4090;2421;2607
4091;2414;2371
4092;2414;2273
4091;2403;2411
4090;2399;2402
4091;2391;2387
4091;2324;2300
4089;2359;2284
4091;2358;2313
4091;2389;2555
4091;2380;2426
4090;2375;2362
4089;2365;2221
4090;2361;2376
4090;2355;2366
4090;2353;2365
4093;2408;2383
4089;2371;2412
4087;2358;2357
4091;2315;2439
4087;2322;2479
4089;2330;2225
4091;2332;2215
4088;2330;2344
4091;2328;2346
4093;2325;2322
4092;2266;2213
4091;2306;2342
4087;2304;2272
4087;2351;2581
4090;2327;2377
4095;2331;2266
4091;2322;2152
4090;2322;2327
4090;2325;2332
4089;2321;2301
4091;2377;2382
4090;2334;2369
4090;2321;2331
4095;2292;2610
4085;2301;2319
4095;2305;2348
4089;2309;2104
4090;2306;2291
4090;2307;2308
4092;2307;2301
4090;2245;2174
4090;2287;2272
4090;2294;2258
4091;2328;2585
4089;2315;2408
4086;2315;2246
4091;2307;2082
4095;2313;2293
4090;2309;2305
4091;2305;2298
4091;2367;2333
4091;2323;2372
4089;2319;2319
4093;2277;2550
4090;2288;2312
4093;2292;2177
4090;2295;2040
4091;2297;2277
4087;2295;2288
