1434;2020;2039
1436;2019;2040
1435;1977;2048
1436;2019;2048
1435;2033;2056
1434;2061;2205
1436;2031;2097
1429;2042;1908
1433;2022;1993
1436;2020;2054
1435;2031;2055
1432;2022;2052
1435;2062;2088
1435;2014;2004
1426;2003;2058
1435;1965;2168
1435;2003;2158
1434;1994;1981
1436;2017;1982
1435;2021;2037
1438;2019;2048
1425;2019;2049
1437;1975;2048
1437;2023;2061
1435;2041;2048
1434;2057;2223
1435;2048;1993
1435;2048;2035
1436;2024;2011
1436;2023;2048
1437;2025;2051
1437;2029;2048
1435;2074;2048
1437;2021;2041
1435;1993;2039
1435;1973;2224
1437;2007;2011
1436;1992;2095
1443;2017;1981
1438;2024;2040
1439;2021;2048
1439;2021;2048
1437;1971;1965
1439;2021;2055
1437;2048;2052
1435;2058;2250
1438;2034;2136
1434;2053;1991
1436;2028;2002
1439;2026;2063
1436;2025;2050
1436;2027;2048
1436;2081;2088
1435;2027;2088
1438;1987;2052
1438;1971;2191
1442;1991;2161
1439;2003;2141
1436;2021;1979
1438;2022;2039
1444;2018;2071
1437;2021;2048
1438;1969;1981
1439;2018;2051
1439;2053;2061
1437;2061;2250
1436;2050;2193
1435;2039;2100
1435;2031;1977
1437;2031;2057
1438;2026;2048
1440;2029;2041
1438;2086;2059
1438;2030;2041
1440;1986;2081
1441;1972;2292
1435;2004;2054
1441;2009;2031
1440;2018;1985
1442;2024;2037
1437;2018;2039
1439;2019;2040
1439;1962;2031
1439;2023;2061
1438;2053;2029
1441;2061;2305
1438;2048;2048
1438;2041;2167
1440;2025;1969
1438;2027;2048
1437;2030;2048
1441;2030;2039
1439;2089;2034
1435;2031;2059
1440;1983;2077
1441;1973;2222
1439;2013;2120
1438;2012;2028
1439;2020;1971
1449;2023;2034
1440;2020;2039
1439;2021;2039
1439;1942;1978
1441;2006;1979
1441;2048;2018
1441;2063;2335
1437;2048;1963
1437;2048;2052
1443;2018;1969
1443;2028;2048
1443;2024;2041
1441;2029;2028
1438;2092;2061
1440;2031;2039
1439;1995;2075
1443;1966;2368
1443;2004;2048
1441;2010;2066
1440;2017;1931
1440;2020;2027
1439;2023;2048
1436;2026;2048
1442;1940;2063
1442;2010;2050
1442;2048;2021
1441;2048;2242
1439;2048;2209
1438;2031;2116
1443;2028;1932
1441;2022;2035
1440;2027;2036
1441;2031;2040
1439;2105;2036
1439;2048;2065
1443;2010;2084
1445;1972;2271
1444;2006;2155
1442;2015;2112
1442;2018;1911
1443;2019;2025
1440;2027;2027
1440;2021;2041
1441;1932;1998
1444;2003;2081
1442;2025;2052
1440;2062;2228
1444;2050;2048
1442;2036;2124
1443;2034;1953
1440;2026;2048
1441;2027;2049
1442;2027;2040
1440;2118;2015
1443;2053;2081
1443;2011;2064
1442;1974;2289
1443;2009;2214
1445;2003;2074
1442;2017;1927
1439;2020;2037
1442;2027;2035
1444;2026;2048
1445;1929;1970
1442;1993;2014
1443;2021;2051
1442;2072;2340
1442;2049;2122
1441;2048;2159
1442;2033;1941
1444;2028;2050
1444;2027;2053
1442;2027;2058
1443;2111;2034
1440;2050;2048
1444;2015;2040
1443;1977;2426
1435;2007;2229
1444;2007;2067
1443;2021;1894
1444;2023;2018
1447;2029;2048
1444;2023;2049
1443;1932;2011
1444;1997;2037
1445;2019;2072
1455;2068;2422
1445;2051;2143
1442;2038;2101
1442;2033;1885
1442;2031;2053
1444;2032;2071
1442;2029;2060
1443;2130;2034
1443;2058;2068
1442;2035;2050
1441;2005;2309
1445;2008;2100
1445;2017;2161
1443;2025;1912
1445;2021;2039
1444;2023;2048
1446;2024;2050
1447;1930;2023
1445;1995;1978
1446;2016;2085
1443;2072;2399
1445;2052;2100
1444;2048;2152
1444;2031;1867
1442;2032;2051
1444;2025;2058
1445;2031;2063
1442;2128;2065
1445;2056;2072
1443;2039;2055
1448;1991;2471
1445;2005;2282
1448;2017;2183
1444;2022;1906
1443;2021;2048
1439;2027;2038
1444;2024;2052
1445;1922;2079
1447;1990;2051
1446;2007;2053
1446;2084;2391
1443;2049;2184
1445;2039;2134
1445;2031;1854
1444;2029;2050
1441;2036;2048
1445;2031;2053
1442;2127;2022
1444;2057;2086
1445;2039;2100
1444;1995;2435
1447;2005;2158
1446;2015;2071
1445;2020;1815
1446;2013;2032
1444;2026;2048
1445;2025;2048
1447;1933;2017
1445;1997;2009
1445;2006;2005
1444;2060;2262
1446;2048;2195
1442;2048;2124
1445;2034;1870
1442;2031;2048
1445;2029;2055
1445;2031;2048
1442;2133;2038
1445;2059;2066
1444;2052;2048
1449;1993;2433
1444;1999;2181
1448;2025;2103
1447;2020;1799
1445;2022;2031
1445;2027;2048
1447;2025;2048
1450;1932;2041
1447;1993;2001
1447;2007;2011
1445;2067;2415
1445;2052;2184
1450;2037;2134
1445;2028;1871
1447;2003;2049
1445;2034;2050
1449;2048;2063
1445;2136;2101
1445;2062;2068
1444;2049;2032
1446;2010;2401
1446;2003;2171
1448;2008;2131
1448;2018;1749
1448;2023;2030
1447;2023;2052
1448;2029;2053
1449;1931;1998
1448;1997;2002
1456;2011;2032
1444;2061;2355
1446;2056;2053
1447;2048;2075
1450;2033;1823
1439;2036;2031
1447;2033;2048
1447;2027;2049
1445;2136;2088
1447;2062;2125
1446;2048;2111
1449;2023;2306
1447;2005;2111
1444;2015;2069
1448;2019;1836
1447;2019;2048
1449;2026;2053
1446;2029;2048
1449;1942;2030
1449;2007;2050
1453;2013;2020
1446;2058;2273
1445;2062;2131
1445;2048;1966
1448;2035;1804
1448;2033;2048
1448;2033;2056
1449;2031;2057
1444;2124;2035
1447;2056;2052
1446;2048;2039
1447;2039;2183
1449;1994;2131
1450;2024;2105
1447;2017;1792
1450;2026;2048
1450;2025;2051
1449;2023;2061
1450;1943;2048
1447;1999;2026
1450;2017;2018
1449;2031;2091
1446;2065;2239
1453;2049;2127
1447;2035;1730
1450;2039;2048
1451;2031;2055
1448;2031;2054
1447;2122;2015
1447;2060;2059
1448;2040;2065
1449;2038;2093
1447;1995;2230
1450;2023;2138
1450;2024;1739
1449;2027;2048
1444;2027;2051
1448;2021;2048
1451;1985;2054
1449;1999;2066
1450;2019;2026
1450;2022;2039
1450;2065;2179
1450;2055;2209
1444;2036;1731
1449;2039;2041
1449;2037;2054
1449;2031;2053
1443;2120;2018
1447;2058;2090
1449;2034;2082
1447;2048;2062
1449;1990;2181
1448;2020;1999
1449;2013;1740
1450;2025;2039
1449;2025;2056
1450;2029;2048
1452;1967;2051
1450;2002;2031
1447;2031;2026
1449;2015;1999
1452;2069;2078
1450;2048;2048
1448;2035;1787
1450;2032;2035
1448;2033;2055
1450;2035;2052
1449;2101;1989
1449;2057;2054
1450;2029;2075
1449;2048;2082
1450;1989;2211
1451;2021;2109
1448;2007;1638
1451;2026;2021
1450;2027;2048
1452;2027;2050
1451;1985;2060
1453;2001;2087
1452;2028;2048
1453;2015;2051
1450;2071;2105
1450;2048;2010
1447;2035;1709
1450;2031;2031
1450;2059;2048
1449;2033;2055
1447;2095;2048
1448;2061;2026
1449;2038;2075
1451;2049;2048
1453;1985;2078
1453;2019;2107
1451;2002;1608
1450;2029;2020
1451;2029;2038
1451;2023;2040
1450;2014;2064
1451;2004;2013
1450;2035;2092
1450;2016;2037
1450;2066;2074
1451;2048;2032
1449;2038;1714
1451;2031;2029
1452;2036;2051
1450;2039;2051
1450;2076;1961
1450;2058;2011
1450;2029;2089
1452;2048;2053
1453;1973;2134
1452;2021;2053
1453;2001;1623
1452;2023;2019
1451;2039;2055
1450;2027;2059
1451;2033;2065
1453;2000;2021
1449;2025;2039
1451;2025;2051
1447;2065;2187
1451;2050;2166
1452;2048;1675
1451;2033;2039
1451;2031;2063
1451;2033;2059
1452;2055;2015
1451;2064;2049
1451;2029;2075
1450;2037;2077
1448;1983;2157
1454;2017;2048
1453;2005;1739
1451;2037;2035
1451;2029;2060
1451;2029;2063
1454;2026;2056
1451;1998;2101
1453;2038;2061
1455;2031;2048
1451;2074;2197
1451;2049;2115
1451;2048;1645
1451;2033;2033
1451;2033;2064
1453;2048;2061
1451;2040;2048
1452;2068;2037
1451;2026;2031
1450;2030;2015
1451;1983;2187
1451;2008;2004
1453;1998;1781
1452;2027;2027
1451;2031;2057
1453;2030;2066
1453;2031;2063
1455;1995;2009
1454;2034;2052
1455;2038;2025
1452;2073;2094
1452;2035;2095
1452;2052;1717
1449;2035;2026
1453;2032;2060
1452;2035;2059
1453;2039;2060
1453;2070;2071
1455;2029;2084
1453;2009;2048
1454;1975;2164
1455;2009;2061
1453;1998;1887
1454;2039;2006
1455;2028;2048
1452;2030;2059
1454;2027;2059
1453;1992;2013
1453;2030;2107
1453;2038;2049
1451;2070;2192
1451;2048;2063
1451;2055;1972
1456;2034;2035
1454;2031;2057
1451;2048;2057
1454;2039;2059
1452;2069;2091
1455;2029;2084
1452;2005;2014
1455;1979;2325
1454;2010;2015
1454;1997;2010
1450;2027;2021
1455;2033;2060
1451;2031;2065
1456;2024;2060
1455;1987;2093
1453;2031;2060
1448;2052;2058
1454;2062;2209
1453;2057;2105
1451;2049;2025
1453;2035;2029
1454;2031;2057
1455;2036;2063
1451;2034;2059
1453;2078;2058
1452;2034;2031
1453;2002;2016
1455;1981;2353
1454;2010;2169
1455;2007;2086
1454;2029;1981
1454;2033;2055
1452;2035;2053
1455;2031;2048
1455;1973;2090
1455;2029;2069
1455;2062;2053
1454;2061;2201
1453;2055;2094
1452;2068;2020
1453;2033;2005
1455;2030;2057
1454;2031;2048
1453;2048;2052
1452;2089;2040
1455;2039;2019
1455;1993;2032
1456;1974;2218
1453;2007;2103
1457;2021;2121
1455;2027;1965
1457;2031;2039
1455;2030;2048
1455;2029;2055
1453;1966;1991
1455;2026;2093
1455;2060;2066
1452;2069;2341
1453;2055;2058
1455;2050;2050
1453;2033;1986
1455;2048;2061
1453;2028;2051
1455;2035;2058
1455;2089;2066
1453;2039;2048
1454;2002;2101
1456;1982;2161
1457;2012;2011
1453;2023;2109
1454;2026;1997
1453;2030;2065
1455;2029;2064
1454;2030;2065
1455;1957;2064
1455;2021;2085
1455;2062;2070
1451;2067;2319
1454;2048;2110
1452;2053;1960
1454;2028;1989
1455;2034;2064
1455;2035;2073
1455;2039;2071
1453;2102;2076
1455;2050;2060
1455;2005;2091
1457;1980;2150
1455;2011;2064
1454;2020;1965
1458;2026;1970
1455;2021;2048
1453;2048;2052
1455;2033;2054
1467;1949;1983
1456;2015;2021
1455;2049;2061
1455;2075;2247
1455;2052;2186
1455;2049;2114
1455;2033;1945
1457;2037;2055
1456;2034;2061
1455;2037;2057
1455;2125;2062
1454;2054;2070
1457;2015;2061
1457;1983;2247
1455;2013;2007
1455;2018;2019
1455;2021;1918
1455;2029;2027
1455;2029;2039
1455;2028;2049
1457;1941;2055
1455;2013;2036
1451;2033;2035
1453;2073;2233
1455;2057;2071
1455;2050;2155
1457;2039;1942
1453;2035;2058
1455;2029;2063
1453;2035;2056
1454;2125;2058
1452;2059;2068
1454;2027;2041
1455;1981;2289
1471;2011;2062
1459;2023;2010
1457;2028;1957
1455;2033;2050
1456;2033;2061
1457;2031;2065
1455;1933;2027
1459;2009;2062
1457;2027;2039
1455;2071;2334
1456;2063;2011
1457;2053;2039
1457;2041;1946
1456;2035;2059
1455;2036;2068
1457;2037;2061
1452;2137;2076
1455;2059;2053
1455;2048;2070
1458;1990;2367
1458;2009;2074
1457;2021;2021
1455;2026;1901
1457;2036;2051
1456;2030;2059
1456;2034;2054
1458;1939;1993
1457;1998;2005
1458;2013;2048
1455;2076;2382
1453;2053;2139
1455;2052;2109
1457;2035;1923
1455;2041;2054
1455;2036;2065
1456;2035;2049
1454;2126;2083
1457;2067;2084
1455;2048;2035
1457;1995;2419
1458;2011;2107
1456;2021;2064
1458;2025;1860
1455;2028;2038
1455;2031;2048
1458;2017;2048
1458;1945;2013
1456;1998;2048
1458;2013;2071
1444;2078;2385
1458;2061;2223
1455;2052;2223
1455;2039;1907
1457;2037;2060
1459;2037;2063
1458;2042;2063
1455;2139;2056
1456;2068;2049
1455;2052;2078
1459;2005;2467
1459;2010;2148
1458;2022;2159
1460;2027;1844
1453;2031;2048
1461;2031;2048
1455;2032;2052
1457;1938;2032
1456;2003;2015
1457;2015;2039
1455;2077;2453
1458;2059;2180
1457;2051;2173
1459;2037;1897
1455;1792;2053
1456;2039;2053
1455;2048;2058
1455;2137;2022
1455;2063;2084
1454;2070;2112
1459;2002;2324
1457;2008;2124
1455;2025;2087
1458;2026;1843
1459;2034;2038
1457;2033;2058
1459;2032;2068
1460;1936;2057
1458;2003;2038
1458;2015;2058
1455;2065;2351
1457;2059;2238
1458;2053;2075
1454;2037;1839
1458;2048;2057
1457;2038;2075
1454;2035;2070
1455;2130;2092
1459;2068;2088
1453;2050;2062
1450;2039;2278
1459;2009;2126
1458;2024;2183
1457;2025;1818
1457;2030;2048
1457;2035;2058
1457;2033;2070
1462;1944;2035
1457;2010;2039
1457;2013;2048
1455;2059;2207
1459;2058;2035
1455;2039;2063
1457;2035;1778
1457;2048;2051
1458;2033;2061
1458;2036;2057
1456;2137;2015
1459;2059;2058
1458;2049;2109
1459;2048;2177
1456;2004;2165
1459;2021;2095
1459;2024;1766
1457;2027;2048
1456;2034;2061
1458;2033;2062
1457;1953;2050
1459;2003;2021
1459;2021;2052
1454;2029;2096
1458;2068;2125
1459;2052;2282
1468;2038;1772
1459;2048;2034
1457;2037;2048
1458;2035;2057
1456;2123;2057
1457;2062;2068
1459;2049;2110
1457;2051;2068
1458;1997;2253
1458;2023;2070
1458;2017;1693
1467;2030;2025
1459;2031;2048
1462;2032;2052
1460;1964;2048
1458;2003;2061
1459;2022;2002
1459;2020;2057
1459;2069;2150
1456;2052;2064
1459;2041;1809
1458;2048;2050
1460;2038;2059
1458;2034;2060
1457;2112;2048
1455;2061;2077
1455;2039;2066
1459;2053;2092
1458;1995;2256
1462;2016;2079
1459;2017;1635
1457;2029;2031
1456;2030;2060
1459;2029;2061
1458;1980;2107
1459;2007;2077
1459;2031;2051
1456;2021;1989
1460;2071;2151
1458;2048;2025
1458;2048;1732
1458;2035;2035
1458;2041;2053
1458;2038;2060
1455;2105;2013
1459;2069;2058
1457;2035;2048
1458;2052;2092
1459;1992;2141
1458;2024;2153
1459;2008;1610
1457;2031;2018
1458;2030;2048
1458;2025;2053
1461;2001;2103
1461;2003;2077
1461;2037;2077
1459;2023;2076
1457;2083;2122
1455;2055;2037
1460;2051;1719
1457;2041;2027
1459;2031;2048
1459;2048;2048
1457;2081;2012
1457;2062;2048
1459;2030;2099
1458;2052;2071
1458;1993;2135
1459;2019;2051
1458;2011;1730
1461;2030;2021
1459;2031;2052
1462;2026;2057
1459;2017;2074
1460;1999;2029
1455;2035;2052
1460;2025;2078
1456;2069;2170
1458;2055;2196
1459;2048;1649
1459;2039;2033
1456;2035;2058
1457;2040;2055
1455;2059;2027
1459;2062;2073
1456;2034;2060
1457;2050;2094
1461;1975;2132
1461;2017;2048
1435;2001;1742
1459;2035;2037
1458;2031;2061
1459;2031;2061
1457;2024;2081
1459;2005;2048
1460;2037;2105
1458;2029;2017
1455;2089;2157
1459;2048;2128
1458;2052;1597
1459;2039;2048
1458;2038;2066
1458;2039;2059
1458;2048;2061
1459;2070;2048
1460;2020;2049
1460;2048;2031
1461;1986;2188
1455;2019;2025
1460;2005;1734
1460;2037;2028
1460;2035;2059
1462;2033;2059
1459;2031;2054
1462;1997;2079
1459;2036;2048
1460;2048;2057
1461;2078;2138
1458;2048;1983
1459;2054;1655
1459;2039;2026
1461;2036;2057
1459;2039;2059
1459;2041;2059
1457;2072;2087
1459;2031;2080
1456;2034;2074
1458;1985;2305
1455;2014;2017
1461;2001;1779
1459;2031;2020
1454;2036;2035
1459;2030;2069
1460;2032;2051
1459;1999;2091
1460;2038;2068
1461;2048;2095
1459;2080;2248
1455;2049;1987
1459;2059;1829
1455;2036;2031
1457;2036;2057
1455;2035;2061
1463;2048;2053
1458;2085;2063
1457;2035;2030
1457;2031;2066
1461;1979;2183
1460;2009;2057
1460;2005;1860
1459;2029;2003
1461;2031;2048
1459;2032;2053
1460;2038;2055
1463;1990;2068
1460;2048;2126
1459;2071;2058
1457;2071;2191
1458;2055;2050
1465;2066;1867
1458;2036;2013
1457;2036;2049
1458;2039;2051
1459;2039;2048
1455;2090;2076
1459;2037;2081
1458;2030;2071
1462;1983;2184
1458;2023;2087
1461;2007;2072
1460;2035;1992
1459;2034;2038
1461;2035;2048
1461;2031;2040
1460;1984;2055
1459;2036;2087
1460;2059;2095
1459;2076;2139
1458;2050;2050
1461;2067;2022
1459;2048;2017
1459;2026;2059
1460;2037;2050
1461;2040;2057
1459;2085;2036
1460;2041;2054
1455;2013;2083
1461;1975;2225
1459;2019;2057
1457;2021;2149
1458;2029;1996
1459;2034;2051
1457;2031;2061
1457;2033;2057
1461;1978;2039
1460;2033;2070
1459;2065;2055
1463;2071;2267
1456;2050;1974
1458;2063;2033
1462;2048;2028
1458;2037;2074
1460;2038;2077
1456;2041;2067
1457;2089;2086
1455;2035;2053
1460;2004;2068
1463;1981;2181
1459;2018;2101
1463;2018;2101
1459;2029;2007
1459;2037;2068
1459;2031;2080
1458;2037;2067
1460;1979;2029
1460;2030;2084
1461;2063;2077
1459;2080;2315
1458;2060;2125
1458;2050;1923
1460;2039;2009
1459;2048;2073
1460;2038;2081
1459;2048;2065
1459;2105;2077
1459;2051;2103
1460;1999;2061
1460;1987;2287
1461;2013;2090
1461;2021;2060
1459;2024;2003
1462;2038;2053
1461;2038;2069
1460;2032;2070
1462;1960;2053
1460;2025;2039
1461;2057;2079
1461;2075;2252
1457;2067;2176
1463;2062;2072
1462;2035;1982
1460;2037;2060
1461;2035;2057
1463;2037;2065
1459;2114;2048
1458;2053;2054
1458;2014;2065
1461;1983;2390
1460;2019;2051
1462;2022;2017
1459;2033;1973
1461;2035;2036
1460;2039;2048
1461;2034;2050
1462;1959;2039
1460;2018;2024
1461;2059;2058
1458;2069;2379
1458;2052;2141
1463;2049;2086
1459;2048;1971
1459;2036;2048
1462;2036;2050
1458;2048;2052
1460;2122;2058
1459;2039;2112
1459;2017;2085
1460;1982;2351
1459;2011;2142
1462;2025;2015
1460;2030;1966
1460;2031;2034
1463;2037;2048
1462;2031;2049
1461;1949;2001
1467;2015;2048
1461;2051;2058
1461;2074;2237
1459;2061;2034
1462;2054;2018
1458;2041;1991
1461;2048;2063
1459;2039;2059
1460;2048;2058
1457;2105;2079
1461;2059;2023
1461;2031;2058
1461;1981;2207
1459;2019;2173
1461;2027;2075
1461;2031;1949
1461;2034;2048
1467;2048;2058
1463;2033;2068
1463;1946;1999
1462;2007;2009
1459;2048;2052
1458;2074;2331
1461;2056;2005
1459;2061;2059
1458;2048;1982
1451;2038;2069
1462;2035;2071
1462;2037;2061
1458;2133;2069
1459;2069;2116
1459;2030;2098
1461;1995;2294
1463;2008;2009
1463;2023;2114
1462;2021;1935
1463;2039;2048
1462;2039;2050
1462;2035;2053
1467;1946;1967
1461;2010;2057
1461;2026;2039
1463;2078;2421
1462;2058;1937
1461;2054;1925
1460;2037;1962
1460;2048;2061
1461;2037;2055
1459;2027;2054
1459;2136;2068
1462;2059;2072
1460;2037;2037
1462;1989;2439
1461;2015;2015
1462;2018;2130
1461;2031;1931
1463;2034;2048
1464;2038;2060
1463;2033;2057
1464;1941;1999
1460;2000;2007
1461;2021;2021
1461;2069;2283
1460;2060;2137
1463;2051;1982
1460;2048;1902
1461;2048;2058
1460;2048;2053
1463;2041;2059
1462;2130;2035
1461;2067;2070
1463;2048;2075
1463;1997;2270
1461;2005;2127
1462;2022;2185
1462;2031;1898
1461;2034;2048
1464;2032;2048
1463;2037;2059
1465;1945;1962
1463;2007;1969
1461;2026;2035
1461;2072;2311
1463;2063;2195
1463;2057;2034
1461;2048;1893
1462;2048;2055
1463;2038;2054
1463;2039;2054
1459;2138;2094
1461;2075;2048
1462;2051;2039
1460;2000;2253
1464;2015;2086
1463;2031;2029
1461;2023;1906
1461;2026;2048
1459;2038;2059
1464;2039;2062
1463;1943;1973
1461;2006;1995
1464;2015;2058
1456;2069;2310
1463;2059;2112
1462;2051;2101
1461;2048;1897
1462;2048;2057
1463;2048;2067
1465;2041;2080
1459;2125;2048
1462;2065;2095
1463;2057;2079
1464;2020;2443
1463;2001;2053
1463;2023;2048
1463;2031;1902
1463;2034;2049
1463;2030;2062
1464;2048;2059
1463;1945;2035
1463;2003;2058
1463;2015;2049
1461;2071;2298
1463;2067;2147
1465;2051;2088
1460;2048;1911
1461;2040;2057
1462;2048;2067
1462;2048;2064
1459;2139;2079
1459;2065;2108
1460;2055;2115
1462;2031;2431
1462;2009;2162
1463;2029;2098
1463;2027;1879
1463;2028;2048
1450;2036;2049
1461;2034;2053
1462;1947;2004
1464;1999;1973
1463;2017;2081
1459;2064;2328
1463;2064;2199
1463;2048;2106
1463;2048;1951
1461;2048;2050
1459;2038;2048
1461;2048;2054
1459;2149;2031
1461;2072;2129
1462;2056;2062
1461;2031;2417
1463;2009;2255
1461;2029;2087
1463;2029;1924
1463;2034;2028
1462;2036;2048
1465;2035;2050
1460;1956;1974
1462;2020;2014
1463;2015;1986
1462;2063;2364
1461;2065;2268
1462;2051;2098
1464;2048;1930
1461;2048;2050
1461;2048;2055
1462;2048;2048
1464;2126;2027
1460;2065;2095
1460;2049;2052
1463;2036;2362
1463;1998;2197
1462;2038;2048
1461;2024;1815
1463;2031;2048
1463;2037;2052
1462;2039;2050
1463;1963;1970
1463;2001;2093
1465;2023;2037
1471;2054;2293
1463;2077;2155
1461;2061;2130
1462;2040;1826
1461;2048;2052
1464;2051;2071
1464;2035;2064
1460;2125;2054
1462;2061;2055
1462;2054;2104
1463;2048;2261
1464;2003;2280
1466;2030;1979
1465;2009;1824
1464;2029;2058
1463;2035;2074
1462;2040;2065
1461;1994;2025
1464;2009;2106
1463;2019;2106
1462;2035;2275
1461;2067;2183
1461;2059;2132
1464;2041;1715
1464;2041;2058
1463;2037;2066
1464;2048;2078
1462;2116;2107
1462;2061;2089
1464;2055;2073
1463;2062;2234
1462;1994;2287
1463;2027;2193
1462;2019;1749
1462;2037;2048
1463;2033;2073
1463;2029;2064
1463;1982;2100
1463;2015;2090
1465;2026;2108
1462;2034;2144
1460;2070;1974
1462;2054;2214
1463;2048;1672
1463;2048;2034
1465;2048;2065
1465;2039;2065
1461;2094;2024
1463;2072;2049
1462;2040;2085
1463;2057;2118
1485;2007;2218
1465;2028;2169
1464;2017;1725
1462;2031;2033
1464;2048;2055
1464;2031;2050
1466;2003;2099
1463;2015;2038
1463;2026;2069
1467;2029;2048
1455;2071;2284
1463;2053;2120
1461;2053;1681
1463;2048;2048
1464;2042;2063
1464;2037;2063
1461;2082;2071
1463;2065;2069
1463;2029;2101
1463;2050;2089
1443;2001;2181
1462;2026;2059
1464;2020;1655
1465;2020;2033
1464;2037;2060
1465;2048;2071
1465;2015;2073
1465;2005;2048
1465;2039;2015
1464;2048;2037
1463;2068;2256
1465;2056;2177
1466;2050;1731
1464;2048;2048
1464;2048;2060
1464;2049;2069
1463;2072;2025
1462;2071;2134
1462;2048;2059
1463;2048;2082
1465;1987;2263
1467;2029;2143
1463;2007;1571
1463;2048;2039
1466;2025;2059
1465;2035;2063
1463;2021;2158
1466;2014;2050
1465;2031;2048
1465;2034;2016
1467;2081;2278
1463;2073;2150
1465;2053;1716
1461;2029;2048
1466;2041;2063
1462;2048;2079
1463;2065;2012
1462;2068;2103
1463;2039;2061
1466;2048;2098
1466;1994;2171
1466;2031;2211
1463;2005;1586
1467;2031;2026
1464;2038;2050
1464;2039;2052
1466;2021;2071
1466;2005;2079
1464;2031;2126
1466;2026;2009
1465;2076;2203
1462;2059;2156
1466;2071;1669
1465;2027;2019
1463;2048;2048
1467;2048;2048
1463;2053;2039
1466;2085;2058
1462;2038;2079
1464;2048;2099
1465;1997;2291
1464;2019;2147
1465;2013;1655
1465;2035;2019
1463;2033;2048
1462;2034;2053
1466;2048;2102
1467;2001;2051
1466;2038;2084
1467;2065;2079
1465;2082;2266
1463;2053;2201
1472;2039;1699
1466;2049;2048
1466;2037;2066
1463;2048;2055
1463;2040;2048
1463;2085;2056
1464;2041;2058
1463;2033;2111
1467;1989;2279
1465;2020;2104
1466;2008;1717
1463;2035;2028
1465;2048;2081
1466;2037;2065
1467;2048;2055
1466;1995;2090
1462;2026;2061
1469;2035;2018
1466;2073;2262
1463;2055;2138
1465;2065;1652
1465;2048;2026
1467;2035;2051
1463;2038;2056
1466;2049;2050
1464;2088;2074
1465;2041;2059
1464;2026;2090
1463;1989;2223
1465;2024;2120
1467;2012;1799
1466;2036;2005
1466;2031;2053
1466;2037;2048
1465;2026;2048
1467;1997;2055
1464;2033;2073
1465;2060;2035
1465;2065;2106
1466;2053;1929
1465;2066;1780
1466;2037;2013
1465;2048;2053
1468;2036;2048
1465;2041;2048
1467;2093;2081
1467;2056;2025
1466;2017;2087
1466;1991;2245
1467;2029;2114
1468;2011;1831
1467;2039;2000
1466;2029;2040
1466;2035;2054
1467;2048;2054
1466;1997;2085
1466;2024;2104
1467;2059;2057
1467;2065;2212
1468;2053;2072
1467;2059;2081
1465;2048;2039
1467;2048;2067
1466;2048;2063
1466;2048;2061
1466;2092;2027
1465;2048;2063
1466;2022;2048
1469;2005;2250
1466;2023;2078
1468;2009;1932
1465;2019;2017
1467;2048;2057
1466;2041;2057
1466;2033;2053
1469;1982;2018
1464;2030;2101
1469;2051;2066
1467;2071;2138
1465;2055;2048
1465;2075;2064
1465;2035;2014
1466;2039;2055
1469;2037;2050
1466;2050;2054
1463;2097;2069
1466;2062;2062
1466;2018;2076
1467;1988;2170
1466;2032;2186
1465;2009;2073
1463;2027;1975
1468;2048;2048
1467;2048;2052
1465;2040;2048
1469;1959;2006
1469;2027;2057
1467;2077;2068
1467;2069;2305
1467;2039;1999
1465;2055;2079
1466;2053;2010
1469;2037;2055
1463;2042;2058
1467;2048;2050
1467;2097;2115
1467;2052;2072
1469;2009;2040
1469;1998;2233
1465;2026;2015
1471;2007;2151
1468;2031;1999
1467;2041;2062
1468;2027;2051
1467;2048;2069
1469;1978;2035
1469;2029;2086
1470;2039;2151
1463;2065;2219
1467;2068;1948
1466;2049;1965
1469;2040;2023
1468;2051;2067
1467;2039;2065
1467;2048;2061
1468;2087;2034
1467;2068;2073
1466;2029;2086
1469;1979;2212
1464;2015;2028
1471;2021;2221
1469;2030;1994
1469;2037;2049
1466;2051;2063
1468;2029;2048
1471;1951;2013
1469;2031;2073
1469;2069;2106
1469;2066;2293
1471;2051;2109
1474;2064;1966
1470;2040;1999
1471;2037;2050
1471;2033;2048
1472;2048;2049
1471;2115;2055
1471;2058;2061
1471;2021;2075
1474;1987;2393
1469;2015;2094
1476;2024;2190
1473;2033;1975
1472;2048;2048
1460;2048;2048
1475;2033;2048
1472;1966;1986
1476;2015;2051
1473;2058;2067
1469;2067;2211
1472;2058;2196
1470;2048;2066
1472;2033;1965
1472;2048;2063
1475;2048;2066
1473;2034;2063
1474;2112;2099
1473;2061;2116
1475;2017;2101
1485;1976;2356
1477;2024;2136
1475;2023;2080
1474;2036;1991
1474;2035;2060
1475;2029;2058
1476;2039;2065
1478;1952;2007
1474;2048;2065
1473;2055;2048
1474;2078;2287
1477;2066;2049
1475;2059;1937
1480;2048;1988
1476;2048;2062
1474;2048;2064
1475;2031;2048
1475;2141;2091
1488;2142;2025
1492;1981;2170
1503;2041;2363
1493;1939;2237
1492;1978;2122
1493;2011;1973
1494;2013;2048
1484;1995;2073
1488;2050;2022
1488;1946;2018
1487;2033;2061
1491;2063;2048
1487;2073;2277
1487;2060;2052
1492;2083;2014
1488;2033;1984
1492;2052;2075
1494;2039;2051
1494;2053;2049
1492;2125;2081
1495;2076;2033
1503;2062;2060
1500;1959;2379
1495;2021;2103
1506;2054;2048
1509;2073;1881
1535;2216;1928
1594;2265;1831
1712;2647;2078
1617;1976;3215
1559;1582;2477
1577;2089;1698
1495;1816;2351
1480;1783;2233
1475;1993;1942
1473;2037;1908
1470;2059;2029
1475;2048;2049
1472;2048;2048
1469;2138;2084
1470;2075;2063
1471;2048;2019
1473;1989;2447
1475;2020;2101
1474;2028;2105
1470;2042;1940
1472;2031;2053
1471;2039;2064
1473;2048;2069
1475;1931;1963
1474;2007;2005
1471;2029;2064
1474;2098;2455
1473;2055;2019
1472;2053;2017
1474;2048;1965
1471;2048;2076
1473;2041;2080
1475;2048;2076
1472;2138;2101
1474;2063;2051
1473;2048;2055
1475;1977;2351
1475;2031;2180
1478;2030;2169
1477;2037;1943
1476;2037;2055
1477;2031;2057
1475;2037;2054
1483;1939;2049
1477;1996;1997
1481;2031;2059
1477;2083;2296
1479;2059;2186
1475;2066;2193
1478;2038;1900
1475;2037;2076
1477;2048;2071
1476;2048;2076
1473;2131;2065
1475;2074;2110
1472;2040;2079
1474;1998;2338
1479;2015;2073
1478;2026;2097
1477;2037;1926
1477;2033;2048
1477;2048;2062
1477;2021;2056
1479;1938;1972
1479;2000;1963
1477;2026;2025
1484;2076;2337
1475;2073;2150
1478;2057;2081
1475;2035;1874
1478;2048;2048
1476;2048;2064
1475;2037;2061
1476;2145;2098
1477;2069;2074
1481;2056;2048
1479;1989;2306
1477;2017;2048
1479;2017;2014
1476;2034;1921
1477;2029;2035
1478;2036;2048
1479;2031;2049
1478;1932;1962
1478;2006;1975
1477;2019;1996
1463;2098;2211
1483;2060;2099
1474;2054;2131
1477;2050;1867
1478;2048;2048
1476;2048;2053
1476;2048;2053
1475;2147;2093
1477;2078;2052
1476;2053;2069
1478;2000;2425
1478;2015;2162
1474;2022;1917
1478;2030;1893
1477;2032;2048
1479;2034;2059
1478;2022;2061
1482;1925;1994
1477;1999;1998
1479;2017;1979
1477;2088;2267
1479;2056;2118
1477;2062;2087
1479;2048;1940
1480;2048;2069
1479;2048;2062
1479;2037;2073
1478;2158;2048
1479;2074;2071
1477;2072;2109
1481;2015;2411
1483;2006;2125
1483;2025;2132
1483;2048;1874
1482;2018;2071
1481;2024;2064
1481;2027;2066
1483;1927;2034
1479;2000;2052
1481;2020;2062
1477;2081;2407
1479;2063;2035
1481;2059;2079
1480;2048;1817
1480;2048;2068
1477;2048;2071
1478;2039;2070
1474;2149;2107
1477;2062;2092
1478;2055;2118
1479;2048;2331
1487;2011;2121
1482;2023;2097
1482;2022;1769
1477;2038;2058
1479;2053;2062
1478;2034;2062
1483;1924;1985
1479;2018;2001
1479;2036;2037
1478;2084;2295
1477;2057;1981
1482;2055;2164
1481;2041;1819
1478;2048;2057
1481;2048;2065
1482;2048;2074
1477;2159;2039
1479;2069;2060
1477;2062;2061
1478;2048;2358
1476;2001;2147
1479;2026;2210
1480;2018;1767
1481;2030;2048
1481;2032;2063
1479;2048;2071
1479;1941;1999
1482;2007;2007
1480;2023;2086
1478;2055;2227
1479;2071;2154
1478;2038;2031
1480;2038;1840
1489;2049;2061
1479;2048;2062
1477;2048;2069
1475;2142;2101
1481;2055;2107
1476;2052;2066
1477;2049;2247
1478;2001;2232
1479;2014;1978
1477;2031;1803
1478;2034;2048
1479;2032;2055
1480;2035;2059
1484;1953;2095
1479;2005;2075
1478;2030;2011
1479;2041;2118
1479;2064;2196
1485;2056;2070
1477;2048;1721
1479;2039;2049
1479;2048;2064
1479;2048;2066
1475;2151;2101
1481;2063;2065
1479;2048;2066
1479;2061;2120
1479;1994;2214
1477;2029;2157
1479;2027;1709
1477;2036;2048
1482;2037;2069
1478;2030;2061
1483;1970;2138
1483;2013;2056
1482;2030;2048
1481;2034;2097
1481;2076;2239
1485;2053;2159
1482;2057;1672
1483;2056;2049
1486;2079;2048
1715;3785;1321
4095;4037;74
4095;4089;2136
4095;4089;4053
4095;4086;4063
4091;4085;3447
4089;4087;3439
4088;4087;3593
4089;4082;2801
4087;2368;2658
4089;2267;2591
4087;2222;2433
4087;2265;2503
4088;2308;2451
4085;2297;2391
4085;2373;2647
4087;2334;2595
4086;2338;2139
4088;2330;2370
4086;2330;2380
4087;2342;2376
4086;2441;2385
4089;2361;2437
4091;2373;2343
4085;2388;2402
4085;2286;2512
4084;2329;2178
4086;2312;2055
4086;2330;2325
4085;2331;2344
4083;2332;2348
4082;2280;2268
4084;2306;2322
4086;2339;2308
4085;2319;2356
4085;2387;2580
4087;2358;2543
4082;2345;2037
4085;2335;2310
4084;2334;2325
4086;2344;2330
4085;2374;2298
4082;2351;2380
4086;2335;2362
4084;2359;2339
4083;2271;2529
4085;2321;2486
4085;2291;1815
4085;2334;2284
4083;2331;2318
4091;2321;2319
4078;2305;2337
4084;2307;2304
4085;2343;2345
4083;2329;2281
4085;2377;2528
4085;2347;2483
4082;2338;2006
4084;2324;2310
4084;2333;2319
4084;2321;2314
4082;2372;2339
4095;2355;2305
4083;2307;2319
4085;2333;2327
4078;2260;2379
4087;2311;2328
4082;2283;1975
4082;2307;2289
4083;2314;2304
4082;2309;2292
4089;2315;2339
4083;2282;2295
4084;2322;2316
4082;2303;2245
4081;2369;2393
4079;2315;2337
4079;2332;1995
4082;2314;2279
4084;2319;2311
4083;2321;2298
4087;2329;2275
4086;2351;2334
4079;2296;2340
4079;2320;2332
4090;2230;2452
4079;2289;2310
4095;2275;1955
4083;2307;2247
4077;2310;2281
4081;2307;2298
4081;2308;2276
4079;2274;2255
4082;2326;2345
4082;2298;2281
4079;2348;2475
4082;2321;2226
4079;2337;1973
4079;2306;2266
4082;2299;2288
4079;2309;2266
4079;2306;2281
4087;2341;2309
4079;2293;2299
4081;2293;2298
4079;2237;2447
4081;2286;2329
4075;2259;2093
4083;2297;2242
4081;2293;2283
4082;2297;2290
4082;2298;2288
4079;2251;2227
4082;2298;2318
4083;2323;2325
4079;2343;2487
4079;2310;2349
4083;2317;1985
4081;2295;2252
4079;2293;2300
4082;2296;2278
4079;2300;2277
4081;2339;2283
4083;2293;2230
4079;2274;2253
4079;2211;2391
4088;2261;2300
4079;2255;2154
4082;2306;2233
4084;2283;2278
4083;2282;2281
4079;2287;2297
4084;2274;2214
4079;2300;2282
4079;2308;2277
4075;2337;2452
4077;2308;2342
4078;2321;2291
4082;2293;2235
4077;2289;2286
4082;2279;2283
4082;2290;2290
4084;2326;2350
4083;2273;2284
4083;2258;2293
4084;2212;2505
4085;2259;2227
4079;2251;2266
4082;2275;2230
4082;2281;2271
4079;2274;2283
4079;2279;2280
4085;2221;2223
4082;2284;2246
4079;2311;2287
4084;2315;2372
4083;2301;2313
4095;2296;2257
4079;2302;2233
4078;2276;2267
4093;2270;2261
4077;2274;2270
4079;2331;2349
4079;2281;2313
4084;2230;2247
4082;2202;2526
4084;2251;2099
4079;2245;2295
4079;2266;2197
4079;2274;2241
4079;2268;2253
4078;2269;2255
4083;2207;2209
4079;2275;2294
4077;2304;2292
4079;2309;2419
4082;2283;2277
4077;2304;2245
4082;2262;2194
4075;2273;2249
4079;2259;2245
4079;2270;2240
4081;2334;2327
4077;2269;2269
4076;2221;2233
4075;2187;2433
4079;2235;2313
4079;2233;2105
4081;2255;2159
4079;2257;2219
4077;2261;2222
4079;2255;2234
4079;2199;2128
4078;2245;2263
4079;2291;2298
4077;2302;2503
4079;2285;2230
4079;2283;2158
4081;2260;2209
4079;2255;2251
4079;2260;2240
4079;2257;2229
4081;2327;2265
4079;2271;2293
4079;2201;2221
4087;2185;2445
4077;2227;2183
4086;2222;2350
4079;2258;2155
4079;2245;2230
4072;2253;2231
4081;2249;2221
4079;2167;2133
4079;2233;2218
4079;2283;2327
4077;2291;2436
4079;2279;2352
4085;2274;2284
4078;2260;2162
4079;2241;2257
4079;2251;2251
4077;2252;2243
4079;2325;2311
4078;2260;2250
4082;2207;2216
4075;2189;2443
4077;2227;2191
4079;2226;2297
4079;2243;2178
4081;2241;2235
4081;2241;2243
4079;2241;2248
4077;2154;2135
4081;2223;2199
4079;2265;2272
4085;2286;2433
4079;2261;2408
4083;2263;2261
4082;2245;2169
4079;2230;2253
4081;2237;2249
4079;2247;2248
4083;2325;2314
4079;2259;2315
4083;2202;2215
4072;2175;2413
4079;2212;2297
4079;2230;2153
4079;2233;2154
4079;2233;2221
4082;2235;2238
4079;2235;2234
4078;2129;2123
4082;2223;2186
4079;2251;2275
4081;2287;2503
4079;2259;2220
4079;2261;2241
4079;2229;2143
4081;2237;2229
4078;2229;2235
4079;2237;2225
4077;2327;2288
4081;2249;2266
4079;2205;2204
4079;2184;2423
4079;2197;2207
4075;2221;2230
4078;2219;2119
4079;2230;2203
4083;2223;2210
4079;2221;2223
4081;2123;2121
4082;2192;2175
4079;2230;2270
4082;2275;2484
4084;2255;2219
4079;2235;2263
4083;2213;2107
4079;2222;2215
4079;2221;2203
4079;2227;2211
4079;2332;2247
4079;2251;2286
4082;2203;2147
4081;2153;2465
4076;2187;2255
4077;2213;2212
4076;2218;2080
4078;2219;2195
4077;2214;2191
4079;2227;2205
4079;2094;2132
4079;2197;2145
4079;2214;2223
4079;2273;2525
4077;2249;2321
4079;2231;2157
4079;2221;2116
4079;2217;2223
4081;2221;2217
4079;2213;2210
4083;2321;2227
4079;2249;2270
4077;2210;2211
4079;2159;2402
4075;2186;2355
4077;2205;2255
4081;2208;2062
4081;2214;2198
4079;2211;2197
4077;2207;2199
4077;2095;2115
4078;2193;2213
4079;2212;2211
4075;2249;2347
4078;2251;2314
4075;2233;2218
4086;2222;2083
4078;2213;2219
4079;2210;2217
4077;2215;2215
4078;2338;2329
4083;2234;2209
4079;2223;2229
4079;2130;2451
4079;2176;2201
4075;2187;2354
4079;2206;2005
4078;2204;2199
4079;2217;2210
4079;2204;2223
4082;2082;2074
4079;2163;2137
4079;2186;2252
4079;2259;2635
4083;2215;2265
4091;2220;2291
4079;2217;2051
4079;2209;2228
4079;2207;2210
4083;2203;2214
4079;2321;2259
4081;2235;2253
4083;2218;2188
4078;2154;2499
4082;2180;2239
4079;2185;2153
4082;2188;2052
4083;2203;2199
4079;2200;2201
4079;2199;2217
4081;2083;2170
4079;2157;2190
4079;2176;2114
4079;2250;2564
4081;2225;2346
4079;2223;2153
4079;2204;2048
4079;2203;2198
4079;2197;2211
4078;2196;2219
4077;2323;2274
4079;2219;2241
4079;2222;2252
4079;2150;2399
4082;2162;2179
4077;2189;2155
4079;2188;2007
4079;2193;2176
4079;2190;2191
4082;2186;2205
4081;2075;2105
4081;2159;2142
4083;2168;2119
4079;2253;2493
4078;2211;2357
4079;2205;2237
4079;2198;2013
4081;2195;2179
4079;2191;2176
4078;2189;2189
4079;2318;2282
4081;2233;2192
4091;2214;2215
4079;2163;2398
4079;2158;2255
4079;2183;2209
4079;2181;1983
4079;2184;2170
