2038;2048;1157
2039;2048;1157
2036;2048;1155
2037;2048;1156
2039;2048;1156
2039;2048;1157
2038;2033;1152
2039;2040;1150
2038;2037;1153
2036;2039;1155
2037;2039;1157
2035;2048;1159
2037;2048;1161
2039;2048;1158
2037;2048;1157
2039;2048;1159
2038;2048;1159
2038;2048;1158
2038;2048;1162
2034;2048;1157
2037;2048;1157
2038;2048;1159
2038;2048;1157
2037;2048;1161
2037;2048;1159
2038;2039;1162
2038;2037;1159
2037;2030;1156
2039;2048;1155
2037;2048;1158
2035;2048;1165
2038;2039;1159
2037;2048;1158
2037;2048;1163
2039;2048;1160
2037;2048;1160
2039;2049;1164
2039;2048;1165
2037;2048;1166
2035;2048;1163
2035;2048;1162
2036;2048;1165
2037;2048;1163
2037;2048;1162
2039;2040;1159
2038;2048;1162
2035;2038;1158
2039;2048;1158
2039;2037;1155
2039;2040;1159
2037;2048;1160
2038;2039;1160
2039;2048;1161
2040;2048;1166
2038;2039;1160
2039;2048;1162
2039;2048;1164
2036;2048;1165
2039;2048;1163
2037;2048;1163
2038;2048;1163
2039;2048;1162
2037;2040;1161
2039;2039;1156
2037;2048;1160
2039;2041;1160
2038;2038;1164
2039;2048;1157
2039;2041;1158
2039;2048;1160
2036;2048;1160
2037;2048;1160
2038;2048;1162
2036;2048;1162
2038;2048;1159
2037;2039;1157
2037;2050;1159
2037;2048;1159
2039;2048;1164
2037;2048;1162
2038;2048;1157
2037;2039;1163
2037;2039;1162
2039;2048;1161
2037;2036;1159
2039;2039;1160
2038;2036;1160
2038;2039;1157
2038;2038;1140
2039;2040;1153
2037;2048;1158
2036;2039;1152
2038;2039;1161
2037;2057;1157
2039;2048;1156
2038;2048;1157
2037;2048;1156
2038;2048;1158
2039;2048;1160
2038;2048;1158
2039;2048;1154
2037;2048;1156
2039;2041;1163
2038;2048;1157
2038;2048;1152
2037;2048;1156
2039;2035;1155
2037;2048;1153
2037;2036;1152
2039;2048;1154
2036;2039;1157
2039;2039;1158
2039;2048;1159
2037;2048;1159
2036;2048;1159
2037;2048;1158
2038;2048;1161
2039;2048;1164
2038;2048;1161
2038;2048;1158
2037;2048;1156
2037;2048;1155
2040;2048;1155
2038;2048;1161
2037;2048;1157
2037;2048;1161
2039;2037;1165
2039;2039;1159
2038;2040;1160
2039;2048;1163
2039;2048;1163
2039;2048;1163
2039;2048;1161
2036;2048;1163
2037;2048;1162
2039;2048;1161
2037;2048;1161
2037;2048;1162
2037;2048;1163
2038;2048;1165
2039;2037;1159
2039;2048;1161
2037;2040;1159
2040;2048;1160
2039;2048;1159
2048;2048;1159
2037;2035;1160
2039;2040;1158
2038;2038;1154
2037;2039;1157
2031;2048;1157
2037;2041;1157
2038;2048;1158
2039;2039;1153
2037;2041;1155
2037;2048;1158
2037;2048;1158
2039;2048;1153
2040;2048;1161
2038;2048;1158
2037;2038;1159
2039;2041;1156
2048;2039;1159
2037;2048;1157
2039;2048;1155
2037;2038;1155
2038;2036;1154
2036;2035;1148
2038;2035;1148
2037;2051;1154
2041;2041;1155
2038;2048;1158
2039;2040;1159
2039;2040;1155
2039;2048;1161
2038;2048;1162
2037;2048;1160
2036;2048;1166
2037;2048;1162
2039;2041;1159
2037;2039;1155
2037;2048;1159
2039;2048;1150
2039;2048;1160
2038;2048;1158
2039;2039;1157
2038;2037;1161
2037;2041;1163
2039;2038;1156
2038;2040;1161
2039;2048;1162
2039;2048;1163
2036;2041;1165
2038;2048;1165
2038;2048;1163
2038;2040;1165
2040;2048;1164
2038;2048;1161
2037;2048;1159
2039;2040;1165
2038;2048;1174
2037;2048;1162
2038;2048;1162
2038;2041;1161
2038;2038;1163
2037;2048;1161
2039;2048;1164
2038;2041;1157
2039;2039;1162
2038;2048;1157
2039;2039;1158
2039;2048;1157
2036;2048;1158
2037;2048;1157
2037;2048;1155
2039;2048;1156
2036;2048;1159
2037;2048;1160
2039;2048;1160
2038;2041;1162
2038;2037;1158
2037;2048;1159
2039;2037;1157
2038;2048;1158
2039;2048;1157
2039;2041;1157
2038;2037;1154
2037;2037;1152
2038;2035;1155
2039;2037;1152
2037;2048;1151
2037;2041;1156
2039;2048;1154
2037;2048;1154
2039;2295;1157
2035;2036;1163
2039;2048;1159
2038;2048;1158
2038;2048;1158
2037;2048;1159
2039;2040;1160
2040;2039;1154
2039;2039;1155
2038;2039;1155
2034;2048;1156
2038;2036;1157
2037;2040;1157
2036;2060;1155
2037;2037;1158
2039;2039;1154
2039;2048;1157
2038;2048;1162
2039;2048;1162
2037;2048;1159
2039;2048;1161
2037;2048;1158
2037;2048;1157
2038;2048;1162
2037;2048;1158
2038;2048;1163
2040;2040;1158
2040;2048;1157
2040;2048;1157
2039;2048;1163
2038;2048;1162
2038;2039;1164
2037;2041;1160
2038;2048;1155
2038;2039;1158
2038;2040;1158
2039;2048;1156
2039;2048;1161
2039;2048;1161
2038;2048;1161
2039;2048;1163
2038;2048;1158
2039;2048;1165
2036;2048;1164
2036;2048;1163
2037;2048;1165
2040;2040;1159
2035;2048;1160
2037;2048;1165
2036;2048;1161
2035;2048;1161
2037;2039;1162
2037;2040;1161
2038;2040;1161
2038;2037;1163
2039;2041;1161
2036;2048;1166
2039;2048;1161
2037;2048;1161
2039;2039;1161
2038;2048;1162
2037;2048;1160
2037;2048;1163
2037;2048;1161
2039;2050;1160
2039;2048;1167
2041;2041;1163
2037;2040;1162
2039;2039;1161
2038;2048;1164
2039;2040;1165
2039;2039;1163
2038;2048;1162
2038;2037;1160
2048;2040;1158
2039;2048;1158
2039;2048;1156
2036;2039;1159
2039;2048;1158
2039;2048;1158
2036;2048;1159
2037;2048;1163
2048;2048;1167
2038;2048;1165
2039;2048;1167
2039;2048;1166
2039;2039;1166
2037;2048;1161
2038;2048;1161
2040;2048;1159
2039;2048;1164
2037;2048;1163
2037;2040;1166
2039;2048;1156
2037;2040;1161
2037;2048;1159
2037;2048;1159
2038;2048;1164
2037;2048;1158
2040;2048;1161
2037;2040;1159
2040;2050;1161
2038;2048;1163
2037;2048;1169
2039;2048;1162
2039;2048;1163
2038;2039;1159
2038;2041;1158
2035;2048;1159
2037;2048;1157
2039;2048;1158
2037;2048;1158
2038;2036;1157
2038;2034;1154
2039;2041;1159
2039;2041;1158
2037;2048;1154
2037;2048;1156
2037;2040;1153
2038;2041;1155
2037;2039;1148
2036;2048;1155
2040;2048;1157
2039;2054;1160
2039;2048;1160
2039;2048;1161
2039;2039;1173
2037;2037;1159
2038;2039;1155
2037;2048;1156
2037;2039;1155
2037;2040;1159
2037;2048;1162
2038;2041;1160
2037;2041;1159
2038;2039;1160
2039;2048;1158
2038;2041;1159
2038;2048;1156
2037;2041;1160
2039;2038;1159
2038;2048;1157
2039;2048;1158
2038;2048;1165
2038;2039;1162
2038;2048;1172
2039;2048;1180
2039;2041;1162
2039;2048;1159
2037;2048;1151
2039;2048;1162
2041;2039;1163
2036;2040;1157
2037;2039;1160
2035;2037;1163
2038;2039;1162
2039;2048;1163
2039;2052;1166
2039;2048;1166
2036;2048;1163
2037;2048;1158
2037;2048;1163
2039;2048;1162
2038;2048;1164
2038;2048;1165
2035;2048;1168
2037;2048;1167
2039;2040;1163
2039;2048;1163
2037;2036;1161
2039;2048;1162
2038;2048;1163
2039;2039;1160
2037;2048;1155
2037;2048;1152
2039;2041;1157
2039;2048;1159
2037;2048;1161
2038;2048;1160
2038;2048;1159
2037;2041;1154
2038;2048;1155
2038;2041;1155
2039;2039;1160
2039;2048;1159
2038;2039;1159
2037;2040;1159
2038;2048;1159
2038;2039;1163
2037;2048;1159
2039;2048;1152
2039;2048;1160
2039;2048;1156
2037;2039;1152
2038;2039;1152
2039;2041;1152
2039;2041;1153
2039;2048;1156
2038;2048;1156
2037;2048;1159
2038;2048;1156
2038;2048;1158
2036;2048;1158
2038;2048;1156
2039;2048;1159
2037;2048;1156
2039;2048;1161
2039;2048;1156
2038;2048;1158
2037;2048;1163
2036;2048;1160
2037;2041;1161
2037;2048;1156
2039;2048;1155
2039;2038;1148
2039;2039;1156
2048;2038;1156
2038;2048;1161
2037;2048;1170
2039;2037;1164
2038;2048;1165
2037;2048;1163
2038;2049;1161
2037;2048;1164
2038;2028;1160
2036;2048;1163
2038;2051;1163
2037;2040;1161
2035;2048;1162
2039;2048;1161
2039;2041;1166
2039;2048;1165
2034;2048;1164
2039;2048;1161
2040;2040;1162
2036;2038;1161
2039;2048;1158
2037;2048;1163
2038;2048;1160
2039;2048;1163
2038;2040;1163
2039;2048;1167
2038;2048;1166
2038;2052;1165
2038;2048;1167
2039;2039;1164
2038;2048;1163
2039;2049;1164
2037;2048;1161
2038;2048;1161
2036;2041;1163
2037;2040;1163
2039;2048;1166
2037;2048;1163
2038;2048;1161
2039;2037;1160
2037;2048;1162
2036;2048;1159
2038;2048;1159
2037;2041;1159
2040;2048;1158
2038;2041;1161
2038;2039;1161
2039;2048;1166
2037;2048;1164
2037;2048;1161
2038;2037;1164
2039;2048;1159
2039;2048;1157
2038;2048;1159
2029;2037;1160
2038;2048;1161
2035;2048;1158
2037;2039;1157
2037;2048;1158
2037;2040;1158
2037;2048;1158
2036;2048;1155
2037;2048;1156
2038;2048;1157
2039;2048;1156
2037;2048;1156
2037;2048;1159
2038;2048;1161
2037;2048;1162
2037;2048;1162
2039;2048;1158
2037;2048;1161
2039;2048;1159
2037;2040;1152
2039;2048;1153
2037;2048;1153
2037;2039;1156
2038;2032;1150
2036;2039;1152
2036;2041;1153
2039;2048;1155
2036;2037;1153
2039;2041;1157
2039;2048;1161
2037;2037;1154
2036;2039;1159
2038;2048;1158
2037;2049;1155
2048;2048;1157
2038;2048;1159
2037;2041;1155
2039;2048;1156
2038;2048;1157
2038;2048;1160
2039;2048;1159
2038;2048;1160
2038;2039;1157
2037;2037;1155
2035;2037;1153
2038;2038;1155
2039;2036;1159
2037;2048;1162
2037;2048;1162
2038;2048;1159
2038;2048;1159
2038;2039;1160
2040;2040;1162
2037;2049;1163
2037;2048;1158
2037;2048;1163
2037;2048;1164
2037;2039;1161
2037;2048;1165
2037;2048;1165
2037;2048;1163
2039;2048;1168
2038;2039;1161
2039;2037;1161
2038;2048;1159
2038;2038;1160
2038;2039;1162
2036;2048;1162
2037;2030;1160
2037;2048;1164
2039;2048;1166
2039;2039;1167
2037;2048;1162
2037;2048;1168
2038;2048;1170
2039;2048;1169
2038;2048;1159
2037;2040;1162
2038;2038;1161
2053;2048;1164
2039;2055;1162
2039;2037;1161
2037;2039;1163
2036;2031;1163
2038;2041;1161
2038;2034;1159
2039;2048;1159
2041;2048;1159
2038;2048;1157
2036;2036;1158
2040;2048;1157
2038;2030;1164
2037;2049;1163
2036;2051;1163
2037;2048;1163
2039;2048;1155
2037;2065;1157
2038;2039;1159
2037;2037;1158
2037;2036;1157
2039;2048;1156
2036;2048;1157
2038;2048;1156
2038;2033;1155
2035;2038;1157
2037;2041;1155
2039;2038;1153
2039;2038;1154
2038;2041;1153
2039;2041;1152
2048;2039;1157
2039;2048;1152
2038;2040;1157
2037;2048;1160
2037;2048;1163
2039;2048;1160
2037;2048;1161
2031;2034;1159
2037;2048;1157
2037;2039;1157
2037;2037;1154
2038;2037;1158
2037;2039;1154
2039;2032;1156
2037;2036;1155
2038;2039;1158
2038;2037;1163
2037;2048;1161
2037;2037;1161
2040;2048;1159
2038;2048;1159
2037;2039;1162
2037;2048;1157
2038;2048;1165
2038;2048;1159
2038;2048;1163
2037;2048;1163
2037;2048;1164
2037;2039;1167
2037;2034;1164
2037;2048;1164
2039;2048;1160
2036;2048;1159
2038;2034;1157
2037;2048;1159
2037;2029;1162
2038;2037;1158
2037;2048;1164
2038;2048;1165
2037;2048;1166
2039;2036;1165
2036;2048;1165
2040;2040;1162
2038;2050;1163
2037;2048;1162
2037;2048;1167
2038;2048;1166
2038;2048;1167
2038;2048;1167
2037;2048;1163
2039;2040;1162
2039;2048;1163
2038;2034;1163
2038;2034;1161
2038;2041;1160
2039;2039;1157
2036;2033;1162
2048;2038;1163
2037;2048;1160
2039;2048;1162
2037;2048;1164
2037;2049;1168
2039;2030;1161
2037;2048;1163
2037;2055;1162
2039;2048;1160
2039;2035;1157
2039;2031;1161
2038;2041;1163
2036;2048;1162
2036;2048;1163
2039;2037;1161
2037;2048;1160
2037;2035;1163
2037;2039;1155
2038;2035;1155
2039;2033;1156
2037;2037;1159
2036;2053;1157
2039;2038;1159
2037;2048;1163
2036;2028;1162
2037;2048;1159
2037;2049;1161
2037;2039;1159
2037;2048;1155
2039;2037;1159
2036;2048;1156
2038;2039;1153
2038;2040;1155
2037;2040;1157
2037;2048;1155
2035;2048;1158
2039;2036;1156
2036;2036;1156
2036;2038;1149
2034;2033;1155
2048;2048;1159
2037;2048;1156
2037;2048;1157
2037;2038;1153
2037;2036;1155
2038;2048;1158
2037;2053;1159
2039;2048;1161
2035;2041;1161
2037;2048;1159
2037;2039;1154
2037;2039;1167
2039;2040;1157
2037;2037;1156
2036;2037;1154
2037;2048;1157
2039;2031;1158
2038;2038;1159
2048;2039;1161
2037;2048;1159
2037;2048;1161
2037;2048;1159
2037;2035;1156
2037;2041;1160
2037;2048;1147
2038;2048;1160
2036;2048;1158
2039;2048;1164
2038;2049;1169
2039;2048;1167
2037;2035;1167
2037;2048;1159
2037;2048;1161
2037;2027;1163
2038;2050;1163
2038;2048;1161
2037;2038;1165
2038;2038;1161
2036;2025;1163
2038;2048;1167
2035;2048;1168
2038;2048;1164
2037;2048;1161
2038;2040;1163
2036;2048;1163
2039;2048;1167
2038;2053;1163
2038;2048;1170
2039;2048;1168
2037;2059;1169
2037;2037;1167
2039;2033;1165
2039;2037;1156
2036;2048;1163
2038;2048;1162
2037;2048;1159
2037;2036;1165
2036;2038;1161
2036;2040;1161
2037;2040;1162
2036;2042;1163
2038;2048;1165
2037;2048;1167
2038;2031;1165
2037;2048;1168
2039;2042;1163
2035;2051;1163
2038;2051;1161
2037;2049;1165
2037;2039;1153
2037;2040;1159
2039;2049;1163
2037;2048;1162
2034;2048;1167
2037;2048;1164
2038;2039;1163
2037;2048;1163
2037;2039;1158
2038;2037;1163
2033;2041;1154
2037;2041;1159
2039;2050;1165
2037;2048;1160
2039;2037;1162
2036;2049;1164
2038;2039;1159
2037;2048;1161
2039;2053;1163
2039;2055;1157
2048;2036;1161
2038;2038;1157
2038;2048;1156
2036;2048;1159
2037;2038;1161
2038;2048;1161
2038;2048;1159
2037;2048;1160
2048;2038;1159
2039;2037;1156
2038;2048;1155
2037;2048;1159
2037;2048;1159
2039;2048;1158
2037;2039;1155
2036;2039;1162
2037;2048;1161
2036;2051;1159
2036;2049;1166
2035;2048;1168
2037;2049;1164
2037;2048;1162
2039;2033;1160
2037;2048;1158
2037;2048;1156
2038;2048;1158
2037;2048;1163
2039;2048;1158
2037;2038;1158
2039;2048;1156
2039;2039;1163
2037;2048;1160
2037;2048;1163
2038;2048;1156
2038;2049;1162
2037;2049;1159
2039;2035;1159
2038;2048;1157
2037;2051;1163
2037;2048;1161
2037;2048;1163
2037;2048;1161
2038;2048;1160
2037;2048;1162
2037;2048;1165
2038;2048;1162
2039;2048;1161
2037;2038;1154
2038;2048;1155
2039;2041;1163
2035;2048;1159
2038;2049;1163
2036;2048;1166
2037;2048;1167
2036;2048;1167
2037;2048;1165
2037;2049;1166
2037;2050;1166
2037;2055;1164
2038;2048;1161
2035;2048;1166
2039;2048;1160
2038;2048;1166
2037;2048;1170
2038;2048;1166
2037;2051;1168
2040;2048;1163
2038;2048;1165
2037;2048;1160
2039;2049;1161
2039;2050;1165
2037;2048;1163
2037;2048;1163
2036;2049;1169
2038;2050;1170
2037;2048;1178
2039;2049;1171
2038;2050;1171
2035;2048;1171
2038;2049;1197
2038;2048;1166
2038;2050;1167
2039;2048;1164
2039;2054;1167
2039;2048;1169
2038;2054;1168
2037;2048;1164
2036;2048;1171
2038;2051;1158
2038;2048;1170
2038;2049;1167
2038;2048;1163
2037;2048;1167
2037;2048;1169
2037;2048;1165
2038;2048;1169
2038;2049;1167
2038;2049;1171
2038;2053;1175
2037;2052;1174
2038;2050;1172
2038;2049;1165
2037;2050;1170
2038;2048;1167
2038;2048;1168
2036;2048;1162
2039;2050;1166
2038;2051;1167
2038;2048;1167
2036;2049;1167
2038;2051;1167
2038;2049;1167
2039;2049;1161
2037;2049;1170
2036;2051;1171
2038;2051;1163
2037;2048;1165
2038;2048;1166
2037;2051;1166
2037;2048;1167
2038;2049;1171
2037;2051;1173
2039;2051;1167
2037;2050;1171
2037;2049;1169
2039;2049;1165
2037;2049;1165
2038;2052;1166
2040;2049;1159
2039;2050;1161
2037;2048;1165
2038;2050;1159
2038;2048;1164
2048;2048;1167
2038;2048;1166
2038;2051;1166
2037;2048;1167
2038;2049;1163
2039;2050;1162
2037;2048;1165
2037;2050;1164
2039;2048;1163
2037;2051;1162
2037;2048;1166
2038;2051;1161
2038;2051;1163
2036;2048;1164
2040;2049;1163
2038;2050;1159
2037;2048;1158
2037;2051;1156
2037;2051;1158
2035;2048;1159
2038;2050;1161
2035;2051;1163
2039;2051;1163
2038;2050;1162
2037;2051;1165
2039;2051;1167
2037;2049;1158
2038;2052;1162
2039;2048;1157
2037;1659;1161
2038;2027;1158
2038;2056;1161
2039;2048;1168
2038;2029;1163
2039;2029;1163
2038;2034;1165
2036;2036;1167
2039;2034;1159
2037;1986;1161
2038;2037;1157
2039;2048;1161
2038;2048;1162
2039;2048;1159
2037;2052;1160
2039;2054;1158
2036;2058;1165
2036;2048;1164
2034;2027;1168
2035;2048;1169
2039;2048;1161
2037;2034;1160
2037;2040;1162
2037;2040;1165
2038;2033;1163
2039;2038;1168
2038;2033;1160
2039;2038;1162
2038;2036;1167
2039;2035;1166
2037;2048;1165
2037;2048;1168
2037;2059;1164
2037;2035;1166
2038;2050;1166
2039;2039;1165
2037;2050;1173
2040;2048;1171
2039;2039;1170
2036;2037;1175
2037;2041;1171
2039;2041;1169
2039;2038;1167
2034;2037;1170
2039;2038;1166
2037;2037;1165
2033;2036;1163
2038;2029;1171
2038;2033;1167
2036;2048;1172
2037;2051;1172
2037;2054;1171
2037;2048;1171
2036;2030;1171
2037;2049;1165
2036;2048;1165
2036;2048;1168
2037;2048;1169
2039;2037;1168
2038;2041;1170
2036;2048;1171
2039;2048;1172
2039;2048;1170
2039;2034;1174
2040;2033;1166
2037;2038;1167
2037;2039;1164
2038;2048;1165
2039;2037;1163
2037;2026;1173
2039;2048;1166
2037;2040;1171
2037;2050;1169
2038;2048;1172
2037;2048;1167
2037;2048;1173
2037;2048;1172
2039;2048;1170
2037;2040;1164
2037;2035;1170
2039;2048;1164
2040;2037;1166
2038;2048;1171
2039;2048;1170
2039;2029;1170
2038;2059;1168
2037;2048;1166
2039;2032;1166
2039;2030;1166
2036;2041;1161
2039;2039;1163
2037;2048;1162
2039;2037;1165
2035;2048;1162
2037;2048;1167
2037;2048;1166
2039;2049;1169
2041;2048;1167
2038;2038;1169
2037;2048;1167
2037;2037;1163
2037;2036;1164
2038;2036;1164
2038;2048;1163
2037;2038;1165
2037;2055;1163
2037;2021;1165
2038;2031;1168
2038;2048;1167
2036;2048;1164
2037;2036;1161
2037;2048;1165
2039;2048;1166
2035;2048;1163
2038;2048;1159
2048;2030;1164
2038;2048;1166
2038;2048;1167
2037;2048;1170
2038;2039;1166
2036;2033;1167
2037;2027;1163
2039;2048;1165
2038;2048;1159
2037;2035;1164
2037;2035;1161
2029;2030;1156
2038;2039;1159
2036;2034;1163
2037;2037;1161
2037;2035;1160
2039;2048;1169
2038;2041;1164
2037;2039;1167
2037;2048;1165
2039;2038;1162
2037;2048;1166
2037;2048;1165
2038;2038;1171
2037;2033;1167
2040;2048;1165
2038;2036;1167
2038;2048;1166
2037;2035;1164
2037;2028;1170
2036;2052;1172
2039;2027;1160
2039;2035;1160
2039;2039;1162
2037;2048;1157
2039;2048;1159
2038;2048;1161
2037;2029;1165
2038;2041;1167
2038;2048;1170
2037;2048;1166
2037;2041;1168
2037;2048;1169
2037;2048;1166
2037;2038;1165
2037;2036;1166
2037;2039;1166
2039;2048;1162
2048;2035;1163
2039;2034;1165
2036;2034;1168
2036;2029;1167
2038;2036;1172
2037;2041;1173
2038;2048;1177
2039;2036;1170
2039;2030;1171
2037;2039;1166
2040;2048;1167
2037;2048;1165
2038;2039;1167
2038;2048;1170
2037;2037;1181
2037;2041;1178
2039;2048;1171
2038;2032;1179
2038;2033;1172
2037;2048;1169
2037;2048;1171
2038;2048;1170
2037;2037;1176
2037;2031;1171
2035;2037;1174
2039;2031;1177
2038;2025;1180
2038;2050;1187
2037;2055;1182
2039;2048;1183
2037;2035;1185
2037;2036;1184
2037;2051;1189
2038;2027;1195
2037;2025;1201
2036;2034;1226
2037;2002;1267
2037;1983;1287
2035;2014;1290
2035;2029;1299
2038;2030;1303
2038;2035;1297
2037;2029;1302
2034;2023;1302
2037;2024;1298
2038;2036;1306
2038;2031;1307
2038;2034;1306
2036;2034;1306
2037;2040;1315
2037;2031;1313
2035;2028;1322
2034;2040;1328
2034;2048;1327
2036;2053;1327
2037;2048;1332
2036;2020;1335
2037;2027;1336
2037;2033;1334
2035;2048;1337
2035;2036;1341
2036;2035;1347
2035;2036;1355
2035;2019;1358
2037;2031;1356
2034;2035;1361
2035;2031;1364
2034;2037;1359
2038;2048;1365
2037;2033;1364
2035;2048;1367
2035;2035;1373
2034;2027;1372
2036;2055;1380
2035;2048;1382
2037;2033;1381
2036;2037;1386
2035;2036;1384
2036;2033;1390
2034;2032;1391
2037;2037;1388
2034;2048;1391
2034;2030;1397
2036;2031;1397
2035;2033;1401
2035;2036;1411
2036;2036;1403
2033;2039;1409
2035;2036;1410
2036;2039;1409
2035;2037;1415
2036;2038;1415
2035;2038;1414
2033;2048;1423
2036;2037;1413
2036;2048;1423
2036;2048;1432
2036;2039;1427
2035;2038;1432
2037;2031;1429
2035;2040;1434
2037;2038;1433
2035;2035;1433
2037;2024;1438
2036;2037;1434
2037;2031;1435
2036;2033;1440
2036;2049;1449
2037;2048;1445
2037;2029;1447
2034;2035;1452
2035;2049;1454
2035;2041;1453
2035;2048;1451
2036;2031;1454
2036;2048;1460
2033;2036;1455
2037;2039;1463
2036;2032;1463
2035;2037;1463
2036;2042;1468
2036;2048;1471
2035;2029;1467
2037;2024;1465
2035;2037;1467
2035;2039;1470
2034;2031;1475
2036;2037;1475
2035;2027;1483
2034;2026;1481
2035;2048;1487
2035;2048;1487
2034;2037;1492
2035;2048;1491
2038;2048;1492
2033;2033;1494
2034;2035;1502
2036;2039;1506
2037;2035;1509
2035;2036;1507
2036;2048;1512
2037;2039;1511
2034;2036;1515
2035;2025;1515
2035;2048;1515
2034;2034;1511
2035;2037;1522
2036;2031;1518
2035;2039;1522
2035;2048;1531
2035;2034;1529
2034;2036;1530
2035;2037;1526
2031;2048;1532
2037;2048;1534
2027;2048;1527
2037;2048;1537
2035;2041;1535
2034;2037;1538
2034;2037;1542
2035;2037;1543
2036;2040;1539
2035;2035;1542
2036;2018;1538
2037;2034;1545
2036;2036;1540
2036;2048;1547
2034;2048;1543
2034;2025;1543
2036;2038;1547
2034;2037;1552
2035;2039;1558
2035;2037;1554
2037;2052;1559
2037;2048;1565
2036;2039;1557
2037;2034;1557
2034;2041;1561
2036;2034;1560
2036;2034;1562
2037;2037;1561
2034;2036;1563
2036;2036;1574
2035;2031;1567
2037;2031;1573
2035;2037;1570
2036;2034;1570
2036;2033;1573
2037;2041;1572
2036;2036;1570
2037;2034;1572
2035;2037;1570
2034;2048;1577
2035;2048;1578
2035;2038;1579
2036;2048;1583
2035;2037;1585
2033;2036;1581
2035;2035;1579
2048;2038;1576
2036;2037;1587
2035;2038;1581
2033;2028;1583
2035;2020;1591
2034;2040;1602
2035;2038;1595
2027;2037;1591
2036;2037;1599
2035;2038;1593
2035;2041;1595
2035;2039;1601
2036;2023;1595
2035;2040;1599
2036;2051;1594
2036;2039;1598
2037;2048;1603
2036;2039;1608
2037;2051;1605
2036;2041;1611
2036;2041;1609
2038;2037;1610
2037;2034;1611
2035;2034;1615
2053;2023;1607
2036;2028;1618
2035;2037;1613
2036;2037;1618
2037;2039;1622
2035;2037;1623
2037;2039;1625
2035;2038;1627
2036;2040;1623
2039;2037;1619
2037;2052;1623
2037;2048;1622
2036;2048;1624
2034;2035;1631
2036;2034;1629
2037;2037;1630
2036;2048;1637
2034;2039;1632
2035;2038;1638
2035;2036;1637
2035;2035;1642
2036;2032;1637
2037;2021;1637
2034;2030;1637
2035;2048;1647
2033;2034;1639
2034;2038;1648
2037;2036;1647
2035;2036;1654
2037;2036;1650
2035;2052;1649
2036;2048;1655
2037;2048;1649
2036;2037;1648
2037;2041;1650
2037;2048;1647
2036;2039;1656
2034;2038;1656
2037;2036;1663
2035;2038;1659
2036;2025;1664
2035;2035;1661
2035;2035;1664
2035;2038;1664
2035;2048;1665
2036;2048;1663
2036;2048;1662
2037;2048;1667
2036;2039;1667
2036;2052;1670
2038;2057;1677
2037;2051;1679
2036;2039;1678
2036;2033;1671
2035;2039;1673
2035;2048;1670
2035;2039;1673
2036;2039;1677
2036;2038;1667
2037;2037;1677
2033;2027;1679
2034;2040;1682
2036;2035;1681
2037;2035;1685
2035;2039;1681
2036;2039;1682
2038;2050;1687
2036;2035;1680
2036;2027;1679
2037;2048;1681
2037;2053;1685
2035;2048;1687
2037;2048;1691
2036;2038;1685
2037;2040;1691
2034;2041;1683
2035;2041;1695
2035;2037;1691
2035;2048;1686
2037;2035;1681
2037;2033;1688
2039;2037;1683
2034;2036;1692
2034;2037;1692
2035;2039;1696
2036;2048;1694
2048;2048;1696
2037;2038;1683
2036;2040;1696
2035;2034;1696
2035;2053;1683
2037;2048;1694
2036;2048;1696
2035;2033;1699
2036;2039;1694
2037;2048;1693
2037;2048;1699
2037;2033;1700
2036;2039;1694
2034;2048;1696
2036;2030;1699
2037;2048;1693
2037;2029;1694
2035;2031;1701
2037;2038;1705
2035;2038;1709
2048;2048;1709
2036;2048;1705
2037;2048;1710
2037;2038;1703
2036;2054;1705
2037;2040;1707
2035;2048;1715
2036;2038;1721
2035;2037;1722
2038;2048;1719
2036;2041;1720
2035;2048;1721
2036;2038;1717
2035;2048;1716
2037;2029;1720
2036;2023;1717
2036;2035;1721
2036;2038;1723
2035;2041;1725
2035;2039;1725
2036;2048;1728
2033;2048;1729
2035;2041;1730
2035;2037;1729
2037;2055;1723
2023;2048;1720
2034;2053;1732
2036;2036;1724
2035;2035;1709
2037;2048;1731
2037;2048;1731
2035;2041;1738
2037;2041;1737
2035;2048;1732
2037;2031;1737
2037;2030;1731
2036;2029;1729
2036;2039;1729
2035;2040;1733
2035;2040;1734
2048;2048;1735
2036;2048;1737
2037;2038;1735
2035;2048;1737
2036;2048;1733
2035;2048;1741
2036;2050;1733
2037;2048;1733
2035;2048;1725
2035;2038;1729
2037;2048;1733
2035;2051;1735
2036;2034;1738
2037;2034;1738
2035;2027;1740
2035;2031;1737
2035;2029;1741
2035;2040;1733
2036;2048;1737
2036;2039;1735
2035;2039;1734
2034;2041;1735
2038;2048;1739
2035;2038;1750
2036;2048;1739
2038;2048;1743
2037;2050;1746
2036;2037;1741
2037;2037;1743
2037;2035;1744
2036;2049;1743
2037;2048;1739
2034;2026;1740
2036;2041;1742
2033;2028;1744
2036;2031;1745
2035;2027;1744
2035;2039;1749
2034;2048;1751
2035;2039;1746
2036;2040;1747
2038;2048;1745
2035;2039;1747
2036;2048;1751
2037;2052;1743
2034;2039;1749
