2024;2048;2057
2023;2143;2077
2025;2057;2059
2023;2027;2035
2025;1983;2349
2026;2035;2149
2024;2039;2186
2028;2048;1931
2022;2048;2033
2024;2039;2008
2024;2048;2048
2025;1954;1933
2025;2018;2120
2025;2052;2098
2026;2080;2445
2023;2065;2246
2022;2048;2199
2025;2048;1915
2024;2048;2054
2026;2048;2062
2023;2048;2058
2024;2132;2067
2024;2059;2091
2027;2023;2031
2024;1991;2450
2029;2033;2184
2023;2034;2177
2025;2048;1920
2023;2048;2048
2026;2039;2060
2023;2038;2054
2021;1935;2014
2019;2014;2033
2027;2048;2048
2023;2090;2399
2019;2060;2217
2026;2057;2094
2024;2048;1869
2024;2048;2060
2024;2048;2071
2023;2026;2057
2024;2130;2107
2024;2051;2133
2025;2040;2048
2026;1989;2427
2027;2035;2166
2025;2037;2061
2023;2038;1851
2024;2048;2038
2023;2040;2050
2025;2035;2059
2027;1935;1971
2025;2019;2003
2025;2038;2053
2025;2074;2357
2028;2060;2147
2026;2065;2059
2025;2048;1879
2023;2048;2048
2002;2048;2062
2025;2048;2053
2024;2149;2117
2024;2061;2097
2025;2050;2063
2026;1994;2450
2027;2033;2210
2028;2035;2153
2024;2039;1853
2025;2048;2034
2023;2038;2041
2026;2039;2039
2027;1941;2033
2022;2018;2011
2025;2035;2059
2023;2075;2329
2022;2050;2205
2023;2049;2165
2025;2049;1857
2024;2048;2062
2023;2048;2063
2025;2048;2055
2022;2141;2110
2023;2066;2089
2025;2054;2027
2024;1993;2363
2026;2031;2196
2024;2037;2157
2023;2039;1858
2026;2041;2037
2024;2048;2062
2024;2048;2059
2026;1941;1960
2026;2003;1983
2026;2021;2083
2026;2080;2464
2024;2053;2034
2024;2059;1995
2023;2048;1864
2024;2048;2055
2025;2048;2063
2023;2048;2068
2024;2148;2087
2026;2064;2109
2022;2059;2114
2027;1999;2366
2025;2027;2126
2023;2039;2018
2025;2053;1863
2025;2036;2025
2023;2039;2048
2026;2035;2051
2025;1933;1954
2023;2017;2003
2024;2023;2011
2026;2092;2515
2026;2055;2109
2025;2055;2081
2024;2048;1781
2022;2048;2033
2026;2048;2048
2023;2048;2048
2023;2153;2094
2023;2066;2078
2025;2059;2103
2022;1987;2332
2026;2029;2143
2027;2039;2134
2023;2048;1832
2025;2037;2029
2023;2038;2037
2024;2034;2039
2026;1943;1928
2025;2008;2078
2025;2019;1993
2024;2094;2341
2027;2057;2164
2023;2052;2064
2023;2048;1831
2025;2048;2035
2026;2048;2058
2025;2048;2055
2023;2153;2071
2026;2065;2080
2027;2064;2072
2024;2011;2514
2022;2027;2065
2024;2037;2102
2029;2048;1799
2025;2035;2041
2026;2041;2049
2023;2037;2050
2026;1934;1979
2025;2029;1989
2024;2016;2011
2025;2090;2357
2027;2048;2243
2023;2049;2080
2026;2048;1807
2025;2048;2035
2025;2053;2057
2026;2048;2052
2023;2159;2088
2026;2066;2068
2025;2070;2104
2027;2018;2507
2023;2026;2159
2027;2040;1904
2024;2048;1773
2027;2030;2007
2025;2035;2041
2026;2039;2038
2027;1938;2013
2024;2015;2010
2025;2019;2066
2026;2082;2524
2026;2060;2141
2026;2060;2155
2023;2035;1735
2025;2048;2030
2023;2048;2033
2026;2035;2034
2023;2156;2101
2022;2064;2019
2024;2067;2107
2026;2029;2329
2023;2018;2166
2023;2036;2116
2023;2039;1688
2025;2035;2038
2023;2039;2050
2027;2048;2048
2026;1939;1997
2025;2009;2078
2026;2025;2048
2023;2087;2397
2023;2057;2099
2026;2054;1997
2025;2048;1813
2023;2051;2031
2022;2048;2053
2027;2048;2037
2022;2152;2103
2027;2063;2064
2024;2067;2098
2027;2031;2305
2027;2021;2283
2027;2034;2166
2027;2039;1651
2026;2029;2034
2025;2037;2035
2025;2040;2037
2027;1942;2024
2018;2023;1930
2025;2025;2011
2024;2087;2399
2023;2065;2013
2025;2054;2048
2025;2039;1727
2023;2048;2025
2024;2040;2057
2014;2048;2057
2022;2156;2054
2024;2061;2071
2024;2070;2090
2026;2039;2316
2024;2019;2023
2026;2038;2145
2025;2037;1767
2026;2035;2022
2026;2039;2032
2027;2036;2031
2026;1947;2005
2027;2026;2009
2026;2028;1977
2024;2072;2281
2024;2064;2194
2026;2058;2073
2023;2048;1679
2026;2051;2027
2025;2048;2032
2025;2048;2036
2023;2159;2092
2024;2067;2101
2023;2062;2030
2023;2035;2223
2029;2018;2074
2023;2037;2048
2023;2037;1715
2027;2036;2023
2026;2040;2036
2025;2048;2035
2027;1958;2065
2026;2016;1966
2027;2024;1992
2024;2065;2267
2027;2068;2281
2029;2058;2090
2021;2039;1575
2025;2049;2031
2028;2048;2041
2023;2048;2055
2023;2153;2090
2022;2059;2048
2022;2055;2056
2027;2055;2314
2025;2010;2152
2024;2027;1995
2026;2030;1641
2024;2033;2020
2027;2035;2048
2023;2041;2032
2028;1954;1997
2025;2029;1962
2024;2039;1956
2025;2053;2129
2026;2072;2221
2027;2048;2171
2024;2039;1536
2023;2048;2002
2024;2048;2038
2024;2048;2039
2023;2152;2034
2025;2062;2048
2023;2060;2091
2026;2057;2130
2026;2015;2154
2023;2035;2025
2041;2031;1516
2025;2039;2009
2023;2037;2031
2023;2038;2039
2028;1944;2040
2027;2029;2048
2027;2039;2015
2023;2058;2185
2026;2069;2264
2027;2053;2094
2025;2048;1621
2023;2049;2027
2025;2048;2048
2019;2039;2035
2022;2147;2028
2024;2064;2116
2026;2058;2028
2023;2056;2239
2026;2013;2164
2025;2036;2048
2026;2018;1543
2024;2035;2026
2027;2037;2048
2025;2039;2049
2026;1958;2003
2028;2033;2072
2025;2048;2051
2025;2027;2019
2025;2069;2157
2023;2049;1971
2027;2048;1637
2023;2048;2049
2025;2048;2058
2023;2048;2049
2022;2146;2039
2025;2059;2113
2023;2050;2073
2024;2058;2120
2025;2000;2265
2027;2040;2162
2027;2023;1487
2023;2037;2037
2024;2038;2071
2027;2036;2051
2024;1977;2038
2024;2031;2112
2023;2048;2057
2027;2027;2007
2022;2076;2081
2021;2056;2131
2025;2048;1561
2023;2040;2030
2026;2048;2069
2026;2048;2065
2025;2129;2112
2023;2063;2102
2025;2049;2090
2023;2061;2101
2025;2005;2133
2024;2031;2172
2024;2021;1613
2025;2039;2019
2024;2041;2058
2025;2048;2066
2029;2000;2060
2035;2024;2048
2025;2048;2048
2024;2023;2029
2026;2073;2103
2024;2056;2088
2025;2048;1635
2025;2048;2033
2024;2049;2059
2024;2048;2069
2020;2121;2085
2022;2063;2097
2025;2036;2081
2023;2063;2105
2026;2005;2214
2019;2034;2099
2023;2016;1580
2024;2039;2026
2026;2036;2048
2027;2037;2048
2016;2011;2037
2027;2026;2039
2026;2048;2120
2027;2022;1986
2023;2083;2141
2025;2052;2058
2025;2050;1696
2022;2037;2019
2023;2048;2053
2024;2048;2073
2022;2084;2061
2023;2059;2098
2025;2034;2087
2027;2057;2083
2026;1995;2184
2025;2037;2021
2025;2014;1627
2025;2048;2035
2025;2039;2058
2023;2040;2061
2025;2025;2111
2026;2021;2035
2026;2053;2048
2026;2026;2001
2026;2078;2159
2027;2053;2037
2024;2048;1606
2024;2048;2028
2026;2048;2061
2025;2048;2067
2024;2084;2068
2024;2065;2102
2026;2031;2035
2021;2061;2087
2021;1994;2146
2028;2029;2051
2027;2015;1601
2025;2039;2018
2026;2041;2053
2028;2037;2067
2026;2039;2089
2027;2019;2023
2025;2051;2050
2024;2024;1987
2024;2084;2129
2024;2057;2051
2026;2050;1629
2022;2039;2022
2021;2048;2054
2026;2052;2055
2031;2085;2002
2024;2056;2023
2027;2018;2062
2024;2049;2093
2023;1995;2270
2025;2048;2160
2026;2005;1552
2026;2041;2018
2026;2039;2052
2025;2038;2052
2025;2039;2056
2026;2013;1983
2031;2049;2101
2025;2031;2048
2024;2078;2201
2027;2054;2048
2026;2051;1551
2024;2048;2022
2027;2048;2056
2024;2048;2063
2026;2062;2067
2025;2061;2062
2028;2029;2026
2025;2057;2100
2024;2005;2167
2025;2035;2111
2027;2002;1517
2025;2048;2005
2025;2040;2052
2026;2037;2062
2027;2048;2048
2025;2020;2007
2025;2058;2033
2026;2036;2077
2024;2078;2105
2028;2053;2053
2025;2055;1526
2026;2048;2005
2026;2041;2062
2023;2049;2051
2025;2050;2052
2024;2073;2065
2025;2024;2012
2024;2039;2073
2027;1993;2273
2025;2033;2078
2030;1998;1546
2023;2048;1983
2026;2048;2036
2026;2036;2037
2026;2036;2039
2027;2002;2102
2027;2055;2124
2025;2041;2025
2027;2077;2190
2024;2048;2118
2026;2057;1679
2025;2048;1995
2027;2048;2048
2025;2048;2038
2026;2048;2050
2023;2070;2014
2022;2022;2002
2027;2048;2067
2020;1991;2354
2029;2023;2107
2025;2001;1761
2027;2048;1979
2024;2048;2024
2026;2048;2034
2025;2034;2031
2025;2003;1983
2026;2051;2123
2027;2048;2048
2026;2082;2322
2022;2058;2048
2027;2063;1733
2025;2048;1986
2025;2039;2040
2027;2048;2035
2025;2048;2048
2024;2063;2075
2025;2026;1980
2025;2037;2039
2025;1990;2317
2026;2037;2178
2025;2015;1889
2027;2048;1976
2027;2048;2031
2026;2038;2048
2024;2031;2031
2025;1996;2054
2025;2055;2078
2027;2056;2024
2024;2070;2147
2025;2053;2154
2025;2068;1853
2024;2048;1988
2024;2048;2062
2025;2049;2048
2025;2049;2035
2024;2073;1999
2024;2026;2019
2024;2029;2070
2026;1995;2400
2018;2034;2143
2027;2003;1994
2026;2048;1984
2026;2048;2060
2026;2039;2054
2026;2036;2051
2025;1991;2051
2027;2050;2072
2026;2067;2091
2023;2071;2102
2023;2051;2229
2020;2053;2065
2023;2048;1984
2026;2050;2058
2024;2048;2059
2023;2048;2069
2026;2081;2107
2026;2025;2087
2024;2019;2026
2026;1995;2323
2027;2033;2157
2035;2022;2154
2025;2048;1981
2023;2039;2049
2027;2033;2067
2026;2039;2067
2025;1993;2035
2026;2048;2067
2025;2067;2082
2025;2079;2346
2028;2057;2187
2025;2063;2069
2027;2048;1973
2025;2048;2050
2026;2048;2048
2025;2059;2063
2024;2089;2097
2024;2037;2091
2026;2015;2107
2026;1983;2289
2024;2031;2241
2025;2024;2123
2023;2048;1943
2023;2048;2048
2025;2035;2048
2026;2037;2048
2027;1989;2015
2025;2048;2070
2027;2074;2065
2026;2074;2319
2025;2063;2186
2025;2054;1999
2025;2048;1990
2028;2039;2055
2027;2048;2055
2023;2050;2056
2025;2090;2084
2025;2048;2054
2017;2000;2065
2027;1989;2262
2027;2035;2176
2022;2029;2102
2024;2039;1969
2025;2048;2057
2025;2039;2061
2026;2037;2058
2027;1982;2029
2025;2039;2110
2025;2079;2077
2024;2079;2308
2027;2061;2081
2007;2063;2048
2026;2049;1993
2025;2048;2076
2025;2048;2065
2025;2048;2057
2024;2095;2065
2019;2041;2024
2027;2001;2015
2025;1987;2255
2024;2026;2150
2026;2024;2197
2025;2041;1975
2026;2048;2048
2026;2038;2054
2026;2034;2048
2027;1984;2053
2026;2040;2066
2030;2081;2105
2025;2076;2370
2023;2062;2097
2027;2066;2067
2025;2048;1978
2025;2048;2061
2023;2048;2039
2025;2048;2056
2026;2101;2071
2023;2048;2048
2026;2002;2015
2026;1982;2287
2026;2033;2226
2028;2034;2059
2026;2048;1953
2025;2048;2034
2025;2038;2295
2026;2037;2062
2025;1980;2081
2026;2036;2026
2025;2083;2097
2026;2075;2390
2028;2058;2189
2024;2055;2003
2024;2048;1933
2026;2038;2048
2025;2048;2053
2025;2048;2048
2026;2107;2084
2024;2049;2112
2025;2002;2063
2026;1991;2323
2027;2030;2039
2025;2033;2154
2025;2040;1953
2025;2048;2039
2026;2048;2048
2026;2037;2048
2027;1972;2081
2027;2032;2051
2021;2069;2071
2027;2068;2391
2024;2048;2147
2024;2057;2011
2024;2048;1937
2025;2048;2058
2024;2048;2048
2027;2048;2060
2024;2114;2076
2027;2055;2081
2026;2010;2013
2023;1991;2389
2027;2017;2006
2023;2033;1908
2025;2048;1942
2025;2039;2039
2027;2041;2049
2026;2039;2048
2026;1975;2023
2025;2027;1980
2023;2071;2085
2025;2073;2255
2023;2054;2013
2026;2057;2006
2023;2048;1965
2025;2021;2019
2027;2048;2054
2025;2048;2048
2022;2129;2098
2026;2056;2074
2026;2017;2057
2025;1983;2389
2026;2021;2074
2024;2033;2137
2025;2040;1924
2026;2048;2024
2026;2038;2036
2025;2036;2049
2027;1964;1974
2023;2037;2010
2025;2087;2077
2025;2080;2298
2024;2082;2002
2024;2058;1981
2027;2048;1944
2022;2039;2030
2031;2048;2049
2025;2048;2054
2023;2135;2122
2024;2057;2108
2027;2021;2021
2027;1992;2305
2025;2036;2197
2027;2027;2070
2027;2039;1939
2025;2048;2031
2024;2037;2017
2025;2040;2037
2027;1960;1975
2024;2031;2011
2025;2061;2155
2026;2076;2285
2023;2055;2297
2025;2055;2001
2027;2048;1959
2024;2048;2058
2025;2048;2056
2026;2048;2050
2048;2139;2050
2023;2062;2103
2027;2027;2049
2027;1990;2290
2023;2025;2123
2027;2026;2063
2026;2039;1960
2025;2037;2042
2026;2039;2049
2027;2040;2048
2026;1963;1998
2026;2029;2053
2024;2052;2093
2027;2081;2335
2025;2055;2129
2023;2059;2048
2026;2048;1984
2026;2048;2057
2027;2038;2065
2026;2048;2058
2024;2139;2072
2025;2069;2126
2025;2048;2024
2025;1985;2279
2026;2031;2135
2026;2027;2016
2026;2038;1949
2026;2048;2053
2025;2040;2048
2024;2048;2048
2029;1967;1985
2027;2019;1981
2025;2048;2093
2026;2090;2313
2023;2060;2145
2026;2048;2095
2026;2048;1926
2024;2048;2059
2026;2048;2062
2027;2048;2048
2023;2147;2115
2025;2071;2048
2026;2040;2074
2026;1982;2390
2026;2028;2125
2027;2024;2048
2027;2039;1899
2025;2048;2028
2025;2048;2031
2025;2039;2028
2024;1953;1967
2026;2011;2064
2022;2030;2022
2052;2085;2307
2028;2057;2216
2025;2055;1957
2026;2048;1876
2023;2048;2050
2025;2034;2053
2027;2050;2048
2024;2152;2077
2026;2069;2068
2024;2055;2070
2027;1988;2450
2025;2031;2145
2026;2037;2163
2024;2041;1820
2027;2038;2031
2027;2041;2040
2026;2041;2035
2028;1957;1967
2024;2015;2027
2024;2037;2051
2025;2074;2443
2024;2048;2099
2025;2059;2105
2025;2039;1839
2027;2048;2039
2026;2048;2059
2027;2048;2048
2024;2143;2062
2024;2066;2051
2025;2067;2102
2027;1993;2443
2027;2025;2097
2025;2036;2080
2026;2039;1842
2026;2039;2022
2027;2039;2048
2027;2040;2039
2024;1949;2012
2027;2019;2016
2025;2031;2032
2026;2081;2317
2025;2053;2186
2026;2048;2075
2025;2048;1811
2025;2048;2048
2026;2048;2059
2027;2048;2048
2026;2146;2057
2024;2071;2127
2022;2065;2060
2026;1987;2413
2028;2026;2237
2026;2027;2062
2029;2036;1783
2026;2041;2031
2027;2039;2048
2026;2041;2048
2027;1951;2023
2026;2019;1986
2025;2029;2010
2025;2072;2246
2025;2051;2174
2026;2059;2116
2025;2040;1815
2026;2048;2050
2027;2050;2059
2028;2048;2055
2024;2147;2138
2025;2071;2099
2025;2066;2072
2025;1988;2297
2030;2028;2192
2026;2035;1967
2026;2036;1858
2026;2039;2048
2024;2048;2060
2026;2037;2055
2027;1947;2055
2025;2013;2048
2024;2014;1999
2022;2082;2463
2025;2048;2065
2024;2056;1924
2024;2048;1869
2024;2053;2059
2026;2041;2065
2025;2048;2061
2024;2148;2095
2023;2065;2101
2025;2067;2051
2023;2016;2428
2024;2017;2123
2026;2034;2048
2026;2036;1854
2026;2041;2049
2027;2048;2051
2025;2048;2060
2026;1946;1973
2026;2013;2015
2031;2019;1987
2024;2083;2372
2027;2048;2124
2027;2061;2081
2025;2041;1867
2026;2050;2061
2025;2048;2069
2026;2050;2074
2027;2143;2051
2024;2077;2101
2024;2068;2080
2024;2013;2417
2031;2028;2223
2023;2037;2058
2025;2034;1807
2027;2037;2048
2027;2036;2057
2026;2041;2058
2019;1944;1977
2027;2018;1994
2026;2023;1997
2023;2093;2337
2024;2056;1987
2026;2052;2018
2025;2048;1873
2026;2048;2048
2026;2048;2052
2027;2048;2066
2023;2146;2093
2024;2072;2094
2025;2070;2103
2025;2027;2401
2027;2027;2126
2025;2039;2082
2025;2036;1854
2028;2035;2055
2024;2048;2053
2026;2037;2061
2025;1947;1966
2028;2011;1975
2027;2006;1969
2023;2075;2334
2025;2059;2158
2026;2048;2060
2025;2048;1836
2027;2048;2031
2025;2048;2075
2024;2048;2067
2023;2149;2068
2025;2066;2109
2025;2067;2099
2026;2036;2345
2024;2027;2134
2024;2038;1991
2027;2039;1810
2025;2034;2048
2027;2039;2065
2025;2031;2062
2025;1951;2035
2026;2017;1971
2027;2026;2023
2024;2066;2235
2026;2061;2069
2026;2053;2025
2027;2040;1823
2025;2050;2048
2026;2050;2060
2026;2049;2071
2026;2139;2061
2021;2067;2112
2021;2063;2095
2026;2040;2261
2048;2019;2106
2024;2036;1983
2031;2036;1799
2026;2030;2029
2029;2048;2048
2028;2036;2038
2026;1946;1955
2030;2017;2061
2027;2029;1955
2026;2058;2201
2021;2070;2058
2026;2049;2072
2025;2048;1764
2025;2049;2022
2026;2049;2048
2023;2048;2031
2022;2145;2048
2025;2065;2071
2025;2051;2067
2024;2048;2125
2025;2020;2181
2026;2038;2147
2025;2033;1702
2025;2035;2032
2026;2039;2033
2026;2038;2029
2028;1949;1951
2027;2019;2004
2023;2026;1955
2034;2050;2062
2025;2067;2103
2023;2048;2059
2035;2048;1787
2023;2048;2035
2025;2048;2037
2025;2048;2035
2025;2138;2032
2024;2049;2031
2024;2055;2108
2026;2048;2129
2023;2022;2141
2024;2039;2100
2026;2036;1652
2025;2041;2019
2024;2034;2036
2023;2039;2031
2025;1951;1947
2026;2015;2009
2026;2027;1983
2025;2040;2060
2027;2070;2158
2025;2050;2109
2025;2040;1672
2022;2048;2023
2025;2048;2048
2027;2048;2053
2023;2140;2018
2025;2062;2088
2025;2050;2089
2018;2049;2092
2026;2019;2134
2027;2035;2166
2025;2034;1571
2025;2039;2033
2026;2038;2042
2025;2040;2041
2033;1961;1977
2027;2021;2039
2018;2036;1995
2025;2034;2140
2025;2063;2089
2026;2051;2088
2026;2041;1568
2026;2051;2010
2024;2048;2054
2024;2048;2049
2023;2143;2117
2022;2053;2013
2025;2048;2100
2022;2055;2244
2026;2013;2180
2025;2048;2112
2027;2020;1480
2025;2048;2015
2025;2041;2032
2026;2039;2048
2027;1965;2058
2027;2020;2033
2025;2034;2048
2021;2055;2267
2025;2072;2120
2025;2054;2085
2025;2039;1493
2027;2051;2013
2023;2048;2048
2027;2039;2070
2024;2139;2023
2026;2061;2038
2026;2048;2048
2028;2064;2214
2027;2022;2233
2029;2038;2079
2023;2029;1454
2026;2039;2025
2026;2037;2048
2026;2048;2048
2027;1977;2077
2026;2021;2036
2026;2039;2023
2025;2053;2196
2025;2079;2207
2026;2053;2101
2022;2048;1495
2025;2048;2013
2024;2048;2048
2026;2052;2059
2025;2122;2048
2025;2064;2114
2026;2037;2026
2025;2064;2153
2028;2011;2270
2027;2039;2075
2027;2025;1452
2026;2048;2031
2024;2031;2057
2026;2035;2059
2027;1991;2064
2025;2016;2039
2028;2048;2060
2023;2031;2123
2026;2081;2197
2027;2057;2091
2026;2048;1432
2025;2048;2002
2026;2048;2054
2031;2048;2049
2023;2119;2054
2026;2061;2035
2019;2033;2039
2027;2066;2065
2025;2011;2233
2027;2031;2007
2026;2015;1409
2024;2048;2007
2027;2034;2037
2026;2035;2039
2027;2003;2067
2027;2013;2033
2028;2052;2036
2025;2028;2048
2026;2081;2129
2025;2074;2082
2026;2039;1395
2026;2048;2011
2024;2048;2041
2026;2048;2040
2024;2108;2001
2026;2061;2062
2025;2031;2006
2025;2031;2102
2029;2011;2203
2024;2039;2098
2027;2011;1399
2026;2048;2023
2027;2026;2048
2026;2040;2050
2028;2024;2088
2027;2023;2039
2026;2048;2031
2027;2031;1997
2025;2080;2191
2026;2050;2172
2034;2048;1393
2025;2048;2007
2037;2048;2035
2026;2033;2038
2023;2101;2015
2026;2065;2095
2026;2027;2034
2027;2063;2112
2027;2007;2235
2031;2039;2069
2029;2010;1377
2031;2048;1979
2025;2033;2027
2027;2039;2033
2027;2034;2133
2026;2007;2023
2026;2048;2040
2027;2033;2017
2028;2075;2187
2026;2053;2100
2026;2050;1372
2025;2039;1989
2025;2048;2036
2023;2050;2036
2026;2073;2004
2025;2051;2048
2025;2032;2017
2027;2056;2087
2024;2009;2138
2026;2038;2183
2026;2013;1446
2025;2035;1985
2025;2037;2029
2027;2039;2048
2028;2048;2081
2027;2021;2024
2011;2048;2058
2025;2035;2039
2028;2079;2167
2025;2048;2059
2025;2050;1413
2027;2048;1997
2029;2048;2048
2025;2036;2048
2028;2057;1991
2025;2067;2055
2023;2037;2003
2027;2051;2091
2026;2002;2273
2029;2037;2081
2026;2006;1498
2027;2048;2014
2024;2048;2058
2026;2034;2049
2027;2035;2055
2026;2015;2025
2030;2050;2061
2024;2049;2052
2025;2077;2155
2024;2066;2161
2025;2053;1525
2018;2039;1987
2023;2048;2048
2023;2041;2048
2026;2053;1990
2025;2061;2103
2026;2037;2018
2023;2031;2099
2030;2014;2247
2026;2048;2145
2027;2007;1581
2026;2048;1961
2024;2048;2027
2025;2031;2034
2026;2048;2048
2024;2014;2018
2031;2048;2055
2027;2040;2022
2020;2074;2181
2023;2055;2139
2024;2067;1700
2023;2039;1986
2023;2039;2055
2026;2048;2041
2029;2048;2030
2025;2074;2048
2026;2030;1977
2023;2048;2126
2027;2008;2329
2026;2038;2141
2027;2010;1852
2027;2048;1973
2025;2039;2034
2026;2048;2051
2026;2037;2035
2025;2020;2039
2027;2048;2048
2028;2048;2041
2030;2064;2239
2027;2055;2166
2025;2066;1838
2025;2048;1992
2025;2048;2048
2026;2048;2048
2025;2051;2048
2019;2075;2027
2026;2040;2062
2024;2037;2061
2025;2007;2329
2028;2033;2075
2028;2027;2019
2027;2048;1956
2025;2037;2034
2027;2035;2053
2026;2048;2033
2025;2021;2052
2026;2048;2061
2035;2067;2055
2026;2063;2223
2024;2053;2106
2027;2067;2048
2024;2048;1961
2025;2041;2037
2025;2048;2040
2027;2048;2048
2030;2077;2130
2025;2037;2025
2026;2021;2071
2025;2003;2212
2027;2034;2078
2026;2020;2048
2027;2048;1967
2026;2048;2036
2026;2037;2040
2027;2035;2038
2027;2011;2034
2027;2052;2119
2023;2060;2065
2026;2070;2375
2024;2040;2129
2029;2060;2123
2024;2037;1981
2027;2048;2069
2023;2048;2056
2025;2059;2048
2023;2084;2105
2027;2038;2094
2026;2027;2089
1999;2000;2322
2024;2025;2037
2025;2026;1954
2028;2048;1997
2025;2048;2059
2021;2048;2068
2025;2034;2048
2027;2012;2037
2026;2054;2055
2027;2061;2087
2025;2062;2191
2024;2053;2147
2022;2061;2050
2025;2048;1995
2025;2041;2058
2026;2049;2060
2025;2048;2057
2024;2082;2088
2025;2039;2026
2027;2018;2051
2025;1995;2351
2026;2048;2144
2028;2029;2083
2026;2036;1989
2023;2048;2070
2026;2041;2065
2026;2048;2063
2026;2008;1956
2023;2039;2066
2025;2065;2129
2029;2063;2303
2024;2052;1990
2023;2039;2180
2026;2048;1981
2026;2048;2063
2023;2048;2069
2024;2048;2060
2026;2082;2110
2027;2052;2055
2025;2017;2058
2031;2006;2413
2025;2032;1984
2027;2049;2064
2025;2034;1986
2026;2039;2041
2026;2037;2055
2026;2033;2054
2027;2003;2036
2027;2048;2060
2025;2067;2101
2024;2061;2304
2029;2058;2131
2025;2061;2000
2023;2048;1947
2026;2036;2068
2025;2048;2050
2025;2051;2048
2024;2080;2081
2026;2053;2084
2038;2014;2069
2023;2002;2391
2026;2024;2114
2014;2026;2131
2025;2041;1923
2023;2052;2034
2026;2037;2041
2023;2032;2037
2026;2001;2087
2026;2040;2021
2025;2071;2062
2023;2051;2154
2025;2051;2165
2023;2052;2060
2025;2049;1944
2025;2048;2048
2024;2048;2048
2025;2048;2031
2024;2082;2087
2025;2055;2079
2020;2019;2021
2027;1995;2344
2023;2029;2211
2024;2025;2083
2032;2048;1913
2025;2037;2026
2025;2048;2063
2027;2048;2049
2027;1999;2019
2026;2033;2092
2025;2068;2015
2025;2061;2251
2018;2052;1997
2026;2050;1994
2024;2048;1937
2027;2048;2059
2024;2049;2059
2027;2048;2040
2025;2097;2084
2026;2048;2001
2025;2016;1974
2031;2005;2309
2027;2034;2025
2026;2039;2061
2027;2048;1925
2025;2041;2026
2026;2031;2065
2026;2037;2048
2027;2003;1973
2026;2030;2048
2026;2058;2091
2025;2063;2377
2023;2055;2067
2024;2057;1938
2026;2048;1949
2027;2048;2038
2025;2048;2054
2025;2048;2048
2023;2095;2127
2025;2056;2095
2026;2017;2012
2025;2013;2334
2028;2031;1971
2027;2037;2151
2028;2048;1917
2023;2036;2039
2025;2035;2050
2027;2037;2050
2027;1989;2004
2025;2031;2001
2028;2052;2074
2027;2056;2348
2027;2052;2168
2027;2061;2107
2027;2048;1887
2026;2048;2039
2026;2048;2056
2023;2048;2052
2024;2099;2158
2026;2058;2105
2025;2027;2048
2028;2011;2333
2023;2039;2079
2026;2033;1908
2029;2048;1935
2026;2040;2048
2025;2048;2048
2025;2048;2051
2028;1981;1938
2028;2031;2055
2026;2052;2074
2025;2062;2179
2023;2057;2119
2025;2056;2140
2027;2048;1911
2023;2053;2065
2026;2048;2055
2025;2048;2053
2025;2091;2114
2023;2083;2013
2027;2035;2022
2024;1997;2374
2023;2037;1988
2025;2029;1913
2024;2031;1931
2025;2048;2034
2024;2048;2060
2026;2048;2057
2029;1983;2000
2025;2021;1969
2029;2048;2080
2025;2061;2426
2027;2048;2035
2024;2053;2123
2026;2048;1943
2025;2039;2071
2027;2048;2075
2027;2048;2086
2026;2111;2060
2025;2060;2109
2027;2031;2082
2026;2021;2295
2026;2035;2031
2025;2035;2028
2027;2033;1921
2027;2054;2062
2026;2056;2074
2026;2037;2067
2029;1974;1953
2029;2022;2026
2026;2041;2082
2026;2072;2351
2028;2049;1995
2026;2057;2077
2027;2048;1909
2027;2048;2049
2026;2048;2063
2025;2048;2063
2025;2109;2095
2025;2055;2053
2027;2048;2055
2024;2006;2295
2025;2039;2148
2029;2041;2141
2027;2036;1894
2026;2041;2029
2029;2039;2048
2025;2048;2048
2027;1979;1950
2026;2026;1982
2031;2035;1999
2024;2071;2421
2031;2049;2105
2027;2056;2065
2026;2042;1903
2029;2048;2048
2029;2048;2048
2027;2048;2048
2025;2066;2080
2026;2057;2058
2028;2048;2063
2027;2019;2413
2026;2028;2028
2027;2048;2170
2027;2048;1883
2027;2048;2030
2027;2039;2048
2029;2039;2036
2027;1987;1949
2025;2025;1951
2027;2029;1996
2028;2069;2532
2023;2053;2068
2027;2058;2051
2026;2035;1888
2026;2048;2053
2027;2048;2053
2028;2048;2036
2024;2111;2094
2025;2063;2059
2026;2050;2081
2029;2015;2310
2027;2052;2116
2026;2048;2048
2028;2039;1899
2026;2036;2039
2025;2048;2048
2027;2049;2048
2029;1979;2010
2027;2021;1974
2028;2029;1970
2027;2067;2433
2027;2051;2107
2025;2052;2066
2029;2048;1843
2026;2048;2048
2021;2052;2061
2026;2048;2054
2025;2098;2075
2027;2064;2061
2027;2062;2063
2026;2017;2378
2026;2025;2113
2029;2037;2048
2031;2048;1848
2028;2048;2026
2027;2038;2037
2028;2048;2048
2029;1978;1979
2026;2008;2051
2022;2025;1978
2025;2073;2467
2027;2085;2141
2030;2048;2065
2025;2048;1855
2028;2048;2033
2027;2048;2037
2026;2048;2048
2026;2100;2141
2027;2068;2076
2027;2057;2105
2026;2015;2465
2030;2040;2127
2030;2048;2218
2027;2048;1803
2029;2039;2015
2027;2038;2029
2028;2048;2021
2029;1980;1986
2027;2026;2058
2028;2027;2029
2028;2064;2504
2028;2048;2263
2024;2052;2118
2027;2048;1821
2026;2050;2034
2026;2048;2036
2027;2048;2037
2027;2107;2078
2027;2058;2104
2027;2059;2048
2029;2038;2460
2027;2037;2125
2030;2029;2121
2027;2048;1869
2027;2048;2027
2027;2040;2039
2027;2037;2037
2027;1981;1929
2030;2029;1935
2027;2022;1969
2030;2064;2440
2030;2051;2057
2031;2049;2112
2028;2048;1855
2028;2054;2041
2028;2048;2049
2030;2048;2061
2026;2103;2121
2025;2064;2113
2027;2056;2103
2027;2041;2506
2031;2038;2114
2031;2026;2026
2027;2038;1826
2029;2037;2048
2031;2035;2055
2029;2049;2061
2027;1989;1940
2029;2018;1968
2030;2021;1994
2025;2068;2295
2031;2048;2118
2027;2048;2135
2029;2039;1817
2029;2048;2064
2026;2049;2075
2028;2048;2065
2026;2100;2048
2025;2064;2114
2027;2064;2067
2025;2048;2457
2030;2023;2139
2029;2040;2049
2029;2037;1782
2031;2048;2030
2029;2048;2048
2027;2039;2048
2033;1992;1957
2030;2017;2006
2030;2027;2029
2027;2052;2277
2031;2058;2205
2031;2048;2211
2030;2048;1798
2029;2048;2027
2029;2048;2051
2030;2048;2048
2028;2103;2095
2028;2062;2106
2029;2061;2105
2031;2050;2356
2029;2028;2230
2033;2037;2032
2030;2048;1722
2030;2028;2015
2029;2037;2037
2031;2048;2048
2031;1987;1963
2032;2020;2005
2031;2039;2005
2031;2050;2220
2031;2048;2166
2030;2051;2139
2031;2048;1653
2031;2048;2048
2031;2049;2051
2030;2049;2065
2029;2092;2048
2030;2057;2085
2030;2055;2094
2031;2049;2287
2029;2025;2167
2033;2048;2014
2031;2039;1736
2031;2038;2048
2028;2048;2059
2033;2041;2074
2035;1996;1971
2034;2033;1965
2032;2027;2093
2031;2048;2141
2037;2056;2249
2030;2048;2106
2030;2039;1575
2030;2048;2023
2031;2048;2048
2031;2059;2048
2029;2098;2049
2030;2055;2063
2030;2052;2048
2030;2059;2176
2033;2028;2235
2032;2048;1956
2031;2031;1605
2034;2035;2029
2031;2048;2029
2031;2048;2048
2035;1997;2021
2031;2027;1797
2034;2033;1894
2033;1792;2226
2035;2060;2185
2035;2052;2085
2028;2048;1562
2031;2048;1989
2031;2054;2051
2033;2048;2051
2030;2097;2112
2031;2061;2143
2031;2048;2063
2031;2058;2194
2035;2025;2210
2028;2039;2166
2033;2033;1513
2034;2038;2034
2033;2048;2057
2034;2039;2069
2030;2007;1989
2031;2023;2101
2032;2038;1983
2031;2035;2013
2035;2060;2103
2029;2051;2017
2033;2048;1583
2029;2057;2037
2034;2048;2065
2031;2048;2068
2030;2099;2101
2031;2051;2059
2030;2048;2028
2029;2061;2121
2031;2026;2200
2031;2033;2089
2033;2030;1483
2031;2041;2011
2034;2048;2026
2031;2038;2031
2034;2016;2057
2035;2023;2056
2034;2036;2039
2035;2037;1971
2035;2061;2120
2031;2052;2013
2033;2048;1611
2034;2048;2015
2029;2048;2039
2034;2048;2048
2033;2081;2049
2031;2066;2088
2031;2048;2060
2035;2055;2087
2033;2026;2109
2036;2041;2140
2034;2022;1458
2035;2048;2007
2035;2048;2048
2035;2036;2051
2034;2033;2071
2033;2035;2048
2039;2034;2065
2035;2031;1975
2031;2066;2213
2031;2053;2141
2032;2048;1519
2034;2041;2018
2034;2048;2048
2033;2048;2037
2033;2071;2096
2035;2063;2015
2034;2048;2086
2032;2062;2049
2037;2021;2179
2029;2037;2028
2034;2032;1510
2035;2032;2018
2035;2034;2069
2035;2049;2090
2033;2030;2048
2034;2031;2093
2032;2048;2057
2035;2031;2053
2037;2063;2223
2035;2050;2080
2029;2049;1503
2037;2036;2020
2034;2048;2053
2035;2048;2059
2034;2055;2085
2036;2063;2068
2031;2048;2115
2036;2059;2048
2048;2022;2297
2036;2039;2093
2037;2021;1490
2036;2048;2009
2034;2039;2048
2035;2039;2040
2036;2048;2061
2038;2025;2027
2034;2048;2027
2034;2048;2054
2034;2064;2087
2035;2039;2090
2033;2048;1415
2035;2051;2024
2036;2035;2038
2036;2041;2039
2035;2056;1992
2035;2071;2060
2048;2037;2013
2034;2057;2065
2031;2015;2282
2037;2034;1898
2037;2021;1503
2035;2048;1983
2035;2041;2027
2037;2039;2034
2035;2037;2031
2036;2026;1984
2035;2039;2074
2033;2041;1994
2035;2059;2181
2038;2049;2194
2035;2048;1519
2035;2049;2012
2035;2040;2049
2035;2048;2055
2034;2048;2062
2036;2068;2093
2034;2048;2068
2033;2048;2048
2035;2019;2208
2033;2034;2144
2036;2022;1592
2035;2048;2006
2037;2048;2058
2038;2048;2056
2031;2048;2067
2035;2020;2097
2037;2048;2131
2038;2048;2078
2036;2055;2157
2034;2048;2031
2030;2058;1693
2037;2048;2019
2035;2048;2065
2035;2049;2054
2035;2039;2048
2035;2072;2095
2034;2048;1993
2033;2040;2140
2038;2012;2211
2036;2035;2008
2036;2027;1879
2035;2039;1991
2038;2048;2048
2038;2035;2053
2037;2048;2049
2039;2017;2023
2037;2048;2053
2038;2055;2023
2038;2058;2167
2036;2054;2215
2038;2055;1801
2037;2048;1979
2037;2048;2030
2037;2048;2036
2036;2049;2040
2035;2074;2048
2035;2072;2073
2035;2035;2081
2035;2010;2256
2035;2052;2090
2035;2030;2014
2036;2048;1975
2037;2040;2019
2037;2041;2032
2035;2048;2026
2031;2018;2011
2038;2048;2090
2038;2054;2048
2038;2058;2207
2038;2048;2085
2039;2063;1983
2035;2041;2001
2034;2048;2048
2036;2049;2050
2037;2048;2029
2035;2072;2040
2036;2048;2067
2036;2033;2025
2053;2014;2179
2035;2038;2079
2038;2028;2007
2038;2039;1994
2039;2040;2040
2038;2040;2048
2036;2039;2048
2035;2014;2024
2038;2040;2077
2036;2058;2094
2034;2058;2210
2038;2050;1947
2036;2041;2021
2036;2048;2011
2025;2048;2066
2038;2038;2053
2037;2048;2059
2038;2078;2053
2039;2050;2023
2038;2029;2048
2039;2012;2319
2036;2039;2039
2037;2031;2041
2039;2048;1968
2037;2038;2025
2039;2039;2048
2037;2037;2049
2038;2013;2050
2037;2039;2115
2038;2060;2086
2039;2056;2267
2035;2059;2076
2036;2053;2005
2037;2053;1997
2037;2048;2053
2036;2048;2031
2037;2055;2038
2035;2075;2030
2037;2048;2093
2035;2029;2030
2038;2018;2234
2035;2034;1994
2048;2031;2051
2039;2039;1979
2035;2048;2039
2037;2038;2031
2039;2040;2034
2035;2011;1935
2038;2039;1996
2036;2055;2119
2037;2063;2217
2037;2051;2048
2035;2052;2119
2036;2048;1976
2037;2048;2049
2037;2048;2048
2037;2048;2057
2039;2079;2071
2038;2053;2020
2037;2027;2039
2037;2016;2311
2036;2033;2022
2036;2037;1943
2037;2039;1969
2037;2048;2036
2037;2039;2039
2039;2037;2035
2035;2007;2006
2039;2031;2078
2039;2053;2107
2036;2062;2247
2037;2049;2004
2039;2050;2093
2036;2048;1962
2039;2048;2023
2036;2048;2048
2038;2048;2031
2037;2080;2015
2038;2054;2050
2037;2028;2011
2039;2032;2231
2039;2037;2065
2037;2036;2153
2038;2037;1943
2039;2040;2021
2034;2039;2019
2038;2048;2034
2037;2004;1994
2039;2030;2017
2038;2053;2135
2040;2057;2270
2048;2048;2091
2037;2051;2048
2037;2048;1977
2037;2048;2052
2036;2048;2039
2037;2060;2027
2036;2086;2111
2036;2058;2084
2039;2031;2027
2048;2020;2333
2039;2033;2029
2074;2039;2116
2037;2048;1960
2037;2048;2031
2048;2036;2035
2041;2048;2048
2040;1999;2011
2048;2029;2039
2035;2048;2095
2037;2057;2359
2040;2049;2082
2038;2051;2063
2037;2048;1970
2036;2049;2053
2041;2048;2048
2038;2048;2053
2039;2086;2066
2038;2057;2111
2039;2037;2024
2034;2010;2381
2037;2039;2083
2039;2036;2029
2038;2037;1934
2037;2038;2034
2036;2039;2031
2037;2048;2059
2048;1996;2058
2039;2020;2041
2039;2048;2075
2048;2060;2335
2038;2048;2187
2037;2052;2093
2038;2037;1931
2039;2040;2033
2039;2054;2048
2039;2048;2048
2035;2086;2126
2037;2060;2062
2038;2048;2001
2039;2016;2451
2039;2039;2193
2037;2039;2235
2048;2039;1911
2039;2048;2027
2040;2048;2030
2037;2048;2025
2039;1998;1943
2038;2021;2091
2040;2048;2084
2048;2055;2428
2038;2048;2145
2037;2049;2191
2038;2048;1925
2039;2048;2057
2039;2039;2049
2038;2048;2048
2037;2091;2111
2039;2060;2089
2037;2039;2024
2039;2018;2453
2037;2033;2152
2039;2037;2181
2038;2039;1943
2039;2037;2027
2039;2039;2048
2040;2048;2055
2040;1992;1977
2048;2028;2015
2038;2035;2074
2048;2061;2355
2040;2048;2203
2035;2049;2077
2040;2048;1963
2048;2048;2063
2038;2048;2059
2039;2050;2066
2037;2086;2148
2036;2059;2128
2039;2048;2030
2039;2015;2401
2038;2048;2218
2040;2029;1698
2048;2035;1973
2038;2037;2031
2038;2039;2048
2039;2040;2048
2039;1994;1983
2048;2026;1977
2039;2035;2078
2039;2057;2321
2036;2048;2104
2038;2053;2012
2037;2048;1930
2039;2049;2048
2037;2048;2048
2039;2048;2048
2036;2089;2040
2036;2062;2139
2038;2051;2021
2048;2013;2374
2048;2034;1996
2039;2037;2196
2039;2039;1907
2039;2023;2035
2037;2041;2055
2041;2050;2053
2039;1998;1942
2040;2023;1977
2041;2026;2007
2048;2058;2383
2038;2061;2060
2039;2049;2038
2039;2048;1870
2041;2049;2051
2039;2048;2055
2039;2048;2050
2037;2096;2107
2038;2063;2087
2037;2051;2077
2048;2026;2367
2039;2034;2130
2039;2033;1874
2037;2041;1861
2048;2039;2024
2039;2048;2028
2039;2048;2031
2041;1988;2026
2039;2025;2067
2040;2031;2023
2040;2053;2282
2039;2059;2069
2038;2053;2139
2039;2048;1830
2038;2049;2038
2039;2048;2037
2038;2048;2048
2039;2092;2107
2041;2064;2035
2038;2051;2134
2039;2020;2457
2033;2040;2154
2048;2038;2153
2048;2048;1794
2038;2048;2029
2038;2039;2031
2041;2048;2027
2048;1989;1961
2039;2022;2002
2048;2029;2048
2039;2059;2399
2037;2039;2105
2048;2048;2102
2040;2048;1842
2039;2048;2036
2039;2048;2052
2038;2048;2050
2035;2094;2095
2038;2061;2071
2037;2056;2052
2040;2015;2283
2038;2035;2251
2048;2048;2104
2029;2037;1754
2039;2039;2039
2037;2041;2039
2048;2036;2048
2042;1993;2001
2040;2023;1967
2039;2018;2021
2037;2057;2479
2048;2049;2117
2037;2050;1963
2039;2048;1796
2040;2035;2014
2039;2049;2048
2037;2049;2048
2037;2097;2050
2038;2061;2048
2040;2058;2125
2040;2025;2299
2040;2031;2011
2040;2048;2013
2039;2048;1792
2039;2037;2014
2039;2041;2030
2037;2035;2039
2048;1995;1975
2031;2021;2080
2048;2026;1955
2035;2063;2423
2048;2052;2244
2038;2048;2103
2039;2048;1731
