1553;2048;2069
1554;2086;2127
1555;2027;2089
1555;2037;2088
1556;1979;2163
1557;2038;2098
1557;2000;1830
1555;2039;2029
1562;2048;2049
1555;2036;2056
1558;2048;2057
1557;1993;1978
1554;2055;2126
1555;2063;2048
1555;2090;2188
1553;2065;2066
1555;2068;1824
1557;2048;2035
1554;2048;2067
1554;2039;2061
1556;2048;2056
1556;2086;2088
1557;2030;2065
1557;2021;2051
1559;1978;2198
1557;2021;2058
1556;2010;1995
1555;2039;2019
1556;2048;2057
1555;2039;2067
1556;2041;2075
1556;1987;2017
1557;2048;2048
1557;2075;2063
1555;2091;2179
1557;2061;2079
1558;2069;2064
1558;2048;2034
1555;2048;2071
1556;2048;2068
1555;2039;2063
1554;2095;2109
1555;2031;2061
1554;2007;2065
1557;1978;2189
1555;2023;2020
1560;2015;2048
1555;2039;1994
1556;2039;2048
1556;2039;2050
1557;2035;2050
1557;1975;2029
1557;2036;2048
1556;2073;2097
1557;2087;2259
1555;2060;2036
1555;2067;2099
1555;2041;2040
1557;2040;2083
1555;2048;2068
1554;2048;2067
1555;2106;2125
1558;2048;2063
1556;2001;2102
1555;1979;2207
1557;2022;2007
1557;2020;2032
1556;2036;1995
1559;2038;2039
1558;2039;2052
1554;2037;2055
1558;1963;1989
1556;2025;2023
1558;2075;2142
1555;2087;2207
1555;2066;2120
1554;2060;2052
1555;2048;2011
1554;2041;2063
1556;2039;2063
1555;2048;2058
1553;2123;2118
1556;2060;2107
1559;1997;2015
1561;1972;2237
1555;2021;2115
1557;2022;2034
1557;2034;1975
1557;2048;2053
1560;2039;2048
1555;2039;2061
1557;1951;1946
1557;2030;2031
1554;2066;2149
1558;2078;2248
1555;2065;2097
1557;2061;2103
1554;2048;2015
1543;2048;2085
1557;2048;2073
1557;2048;2072
1553;2137;2129
1556;2051;2075
1557;2007;2028
1556;1971;2218
1559;2015;2116
1559;2023;2102
1555;2037;1975
1557;2039;2039
1557;2048;2048
1558;2048;2051
1557;1923;1983
1557;2009;2002
1558;2054;2065
1555;2093;2314
1559;2064;2099
1562;2068;2077
1554;2048;1995
1555;2040;2069
1557;2039;2068
1555;2039;2070
1551;2145;2077
1555;2063;2109
1558;2021;2090
1557;1983;2351
1557;2022;2090
1553;2031;2091
1557;2031;1947
1569;2038;2049
1556;2052;2059
1555;2048;2062
1556;1929;1969
1551;2011;2011
1556;2038;2052
1554;2097;2370
1546;2068;2122
1555;2055;2080
1555;2048;1978
1555;2048;2069
1556;2052;2074
1556;2048;2067
1555;2153;2109
1557;2066;2079
1555;2050;2061
1558;1989;2421
1557;2023;2132
1556;2030;2089
1556;2038;1919
1558;2034;2040
1558;2041;2048
1556;2038;2048
1559;1917;1952
1557;2005;2022
1557;2022;2014
1557;2098;2317
1556;2067;2104
1553;2065;2065
1555;2048;1969
1553;2048;2071
1555;2048;2075
1557;2040;2073
1551;2155;2114
1554;2069;2099
1554;2057;2070
1555;1997;2316
1557;2025;2135
1556;2029;2067
1547;2034;1947
1555;2035;2056
1553;2048;2058
1559;2048;2067
1557;1925;2007
1559;2007;2002
1555;2017;2058
1553;2093;2370
1554;2067;2131
1549;2061;2090
1554;2048;1955
1555;2035;2067
1555;2048;2061
1555;2048;2058
1551;2152;2084
1555;2076;2103
1556;2059;2119
1556;2005;2258
1558;2015;2071
1557;2029;2127
1557;2037;1910
1558;2037;2038
1557;2038;2053
1557;2048;2054
1560;1929;1951
1557;2005;2018
1557;2016;2076
1555;2088;2307
1558;2063;2083
1555;2079;2039
1558;2049;1945
1557;2049;2067
1555;2048;2080
1557;2048;2075
1551;2157;2086
1555;2067;2080
1557;2064;2121
1561;2017;2315
1556;2017;2121
1554;2031;2100
1555;2031;1901
1558;2034;2036
1558;2037;2048
1557;2037;2048
1557;1929;1989
1556;2007;2015
1558;2012;2031
1556;2078;2249
1555;2065;2113
1555;2060;2103
1557;2048;1909
1554;2048;2058
1555;2048;2065
1555;2048;2068
1555;2154;2088
1555;2070;2101
1555;2061;2073
1557;2034;2250
1558;2007;2098
1558;2029;2006
1557;2029;1858
1557;2029;2051
1556;2048;2071
1557;2031;2078
1558;1939;1973
1559;2010;2023
1556;2025;2013
1554;2055;2199
1555;2079;2156
1557;2048;2000
1557;2050;1893
1555;2048;2054
1557;2048;2068
1555;2048;2063
1555;2145;2053
1555;2061;2076
1556;2055;2023
1559;2048;2084
1556;2005;2081
1557;2030;2106
1558;2021;1806
1559;2032;2031
1559;2037;2048
1558;2037;2049
1558;1959;2038
1562;2021;2022
1557;2033;2011
1555;2036;2104
1562;2075;2100
1557;2061;2068
1556;2048;1882
1555;2052;2063
1555;2048;2077
1555;2048;2067
1554;2140;2106
1558;2066;2080
1557;2055;2069
1556;2058;2083
1554;1999;2113
1555;2025;2053
1557;2025;1806
1556;2035;2055
1566;2036;2058
1554;2040;2050
1557;1978;2036
1558;2013;1989
1558;2034;2051
1558;2033;2075
1555;2079;2105
1558;2060;2105
1551;2050;1820
1554;2048;2048
1554;2048;2058
1554;2037;2057
1554;2116;2054
1557;2064;2074
1555;2032;2069
1557;2037;2052
1549;1993;2098
1557;2024;2093
1557;2018;1758
1559;2038;2039
1558;2048;2054
1556;2036;2067
1559;2001;2048
1559;2010;2068
1556;2048;2290
1563;2034;2020
1555;2078;2260
1557;2048;1999
1557;2053;1812
1557;2048;2056
1549;2048;2065
1557;2048;2064
1566;2089;2005
1556;2056;2075
1555;2030;2020
1554;2063;2132
1563;1983;2136
1556;2027;1967
1557;2018;1770
1558;2048;2048
1557;2048;2054
1557;2034;2059
1558;2025;2069
1557;2013;2039
1558;2049;2068
1556;2033;2014
1557;2095;2176
1553;2059;2062
1561;2053;1766
1556;2048;2038
1556;2048;2059
1557;2050;2048
1548;2057;2010
1559;2063;2084
1556;2027;2067
1555;2056;2070
1557;1973;2147
1558;2030;2034
1557;2003;1755
1556;2037;2031
1557;2048;2061
1557;2038;2061
1559;2048;2063
1559;2007;2034
1558;2051;2025
1559;2038;2014
1556;2089;2178
1552;2053;2067
1555;2058;1767
1558;2048;2055
1559;2048;2060
1557;2048;2066
1556;2048;2063
1554;2078;2124
1558;2027;2080
1556;2048;2059
1558;1979;2213
1555;2022;2107
1557;2005;1805
1557;2037;2036
1557;2040;2059
1556;2039;2068
1557;2048;2058
1559;2004;1995
1557;2048;2039
1557;2032;2023
1557;2091;2173
1558;2063;2111
1556;2063;1789
1558;2048;2032
1556;2039;2052
1556;2050;2051
1559;2048;2058
1554;2078;2087
1557;2031;2082
1557;2035;2060
1560;1983;2141
1556;2029;2089
1558;2000;1954
1557;2036;2021
1557;2048;2059
1558;2039;2074
1557;2041;2058
1558;2012;1962
1558;2056;2119
1558;2060;2055
1555;2089;2209
1557;2063;2086
1559;2071;1937
1555;2048;2048
1558;2039;2066
1559;2048;2073
1558;2048;2074
1553;2085;2037
1556;2029;2068
1541;2022;2079
1558;1981;2241
1560;2025;2103
1557;2005;2027
1557;2036;2027
1563;2048;2050
1559;2031;2061
1559;2039;2059
1559;1989;1988
1556;2048;2055
1558;2072;2120
1556;2083;2145
1557;2056;2147
1552;2058;2067
1555;2041;2023
1558;2039;2055
1556;2040;2059
1556;2048;2057
1556;2096;2101
1557;2038;2032
1558;2008;2048
1558;1975;2173
1556;2027;2037
1559;2015;2018
1557;2037;1998
1558;2048;2039
1555;2040;2054
1559;2034;2051
1558;1982;1997
1557;2048;2023
1557;2083;2083
1556;2087;2278
1556;2067;2066
1558;2057;2063
1557;2048;2036
1557;2037;2070
1559;2039;2078
1557;2048;2070
1556;2115;2149
1554;2048;2080
1558;2002;2028
1556;1979;2207
1558;2021;2069
1556;2021;2111
1556;2029;2015
1559;2048;2050
1557;2048;2054
1559;2037;2057
1559;1963;1981
1558;2026;2033
1557;2082;2122
1557;2079;2255
1557;2062;2054
1557;2054;2095
1555;2048;2018
1557;2039;2074
1556;2039;2056
1556;2048;2056
1555;2121;2079
1551;2058;2091
1559;2005;2023
1558;1978;2244
1559;2002;2119
1557;2028;2049
1557;2034;1983
1557;2041;2037
1558;2037;2057
1559;2039;2058
1556;1954;1997
1558;2036;2021
1555;2079;2160
1556;2091;2279
1558;2059;2052
1556;2062;2085
1559;2048;2013
1558;2048;2076
1556;2039;2061
1558;2039;2061
1555;2139;2104
1554;2061;2077
1555;2022;2091
1559;1975;2258
1559;2017;2101
1559;2023;2063
1558;2038;1997
1559;2038;2062
1558;2039;2071
1558;2048;2076
1558;1943;1962
1558;2024;2019
1559;2056;2139
1558;2089;2275
1557;2059;2080
1557;2063;2023
1556;2048;1997
1559;2048;2067
1556;2039;2077
1558;2048;2065
1554;2170;2102
1557;2065;2139
1559;2033;2087
1557;1987;2260
1559;2022;2143
1558;2029;2048
1555;2036;1985
1558;2040;2061
1558;2039;2056
1560;2041;2052
1560;1941;1949
1558;2015;2022
1557;2049;2087
1557;2083;2307
1556;2063;2116
1556;2050;2063
1558;2048;2016
1559;2048;2078
1557;2037;2077
1557;2050;2069
1555;2159;2121
1558;2061;2101
1557;2037;2057
1539;1979;2304
1557;2013;2075
1559;2029;2059
1560;2034;1960
1559;2039;2053
1559;2037;2057
1556;2038;2059
1559;1935;1981
1559;1991;1990
1557;2039;2072
1561;2097;2415
1559;2063;2127
1555;2065;2049
1556;2048;1971
1557;2050;2067
1556;2037;2068
1557;2048;2060
1551;2164;2141
1556;2065;2077
1557;2063;2112
1557;1995;2331
1550;2008;2176
1558;2022;2048
1559;2030;1931
1559;2037;2048
1561;2037;2051
1557;2038;2051
1560;1933;1965
1560;2013;2039
1557;2024;2019
1557;2089;2469
1555;2066;2157
1557;2055;2076
1561;2048;1954
1558;2050;2059
1557;2048;2067
1556;2048;2052
1555;2167;2101
1557;2067;2078
1557;2059;2105
1558;1993;2323
1563;2013;2132
1558;2029;2017
1557;2031;1932
1559;2034;2039
1559;2038;2056
1557;2040;2053
1561;1939;1946
1561;2009;1996
1559;2014;1998
1559;2087;2301
1551;2062;2165
1554;2057;1989
1556;2048;1930
1555;2048;2050
1558;2048;2056
1555;2048;2060
1555;2164;2122
1558;2071;2091
1557;2061;2122
1563;2006;2276
1556;2017;2141
1557;2027;2049
1557;2032;1906
1558;2033;2035
1558;2038;2048
1557;2036;2037
1559;1937;1952
1559;2009;1990
1559;2018;2057
1558;2081;2333
1557;2066;2124
1555;2055;2029
1558;2048;1934
1559;2048;2055
1558;2048;2059
1559;2048;2055
1541;2166;2100
1557;2074;2108
1557;2063;2083
1560;2014;2266
1559;2009;2196
1556;2035;2067
1558;2033;1897
1559;2035;2056
1559;2039;2056
1557;2026;2054
1560;1941;1944
1558;2007;1977
1557;2026;2078
1559;2068;2286
1559;2061;2109
1558;2063;2089
1556;2048;1904
1557;2048;2061
1557;2055;2067
1559;2048;2072
1554;2163;2104
1556;2068;2108
1559;2065;2106
1558;2033;2204
1560;2011;2113
1558;2027;2067
1559;2029;1891
1559;2036;2054
1558;2029;2051
1558;2038;2057
1561;1942;1944
1559;2005;2004
1558;2022;2029
1557;2051;2181
1559;2061;2149
1557;2048;2077
1556;2048;1911
1557;2048;2075
1556;2048;2087
1558;2048;2071
1554;2149;2071
1557;2058;2078
1557;2053;2082
1557;2037;2095
1561;2011;2135
1561;2033;2051
1559;2029;1857
1560;2031;2059
1560;2038;2074
1560;2035;2079
1559;1962;2061
1557;2022;2007
1558;2027;2048
1559;2026;2135
1558;2079;2141
1555;2058;2115
1555;2048;1871
1556;2055;2052
1557;2048;2061
1558;2048;2077
1554;2143;2048
1559;2069;2139
1558;2055;2067
1558;2050;2114
1558;2013;2172
1559;2032;2158
1559;2026;1843
1561;2036;2048
1559;2036;2061
1559;2037;2058
1564;1974;1995
1568;2007;2009
1557;2029;2035
1559;2031;2078
1557;2082;2170
1559;2057;2112
1558;2051;1838
1560;2051;2056
1558;2048;2075
1558;2048;2066
1556;2127;2017
1558;2065;2048
1556;2048;2099
1540;2048;2078
1561;2001;2125
1559;2035;2025
1558;2022;1786
1558;2048;2048
1559;2038;2061
1558;2037;2068
1560;1989;1983
1559;2012;2015
1556;2032;2041
1559;2025;2003
1563;2081;2157
1556;2063;2078
1562;2055;1815
1557;2051;2052
1557;2041;2053
1560;2050;2057
1554;2108;2092
1557;2068;2115
1558;2067;2098
1559;2052;2064
1559;1983;2121
1559;2029;2055
1559;2020;1787
1560;2035;2031
1556;2037;2054
1557;2036;2053
1561;2009;2056
1560;2009;2007
1560;2035;2051
1558;2024;2048
1556;2090;2132
1556;2057;2058
1557;2053;1811
1556;2049;2052
1559;2048;2056
1556;2048;2057
1546;2091;2010
1556;2069;2070
1559;2031;2059
1558;2057;2082
1559;1987;2150
1559;2003;2065
1558;2010;1761
1558;2048;2039
1559;2039;2059
1560;2048;2053
1559;2019;2063
1561;2002;2015
1559;2048;2031
1559;2036;2008
1560;2093;2154
1557;2063;2078
1558;2053;1709
1558;2048;2035
1557;2048;2054
1559;2048;2069
1557;2073;2048
1558;2070;2105
1556;2031;2034
1558;2051;2085
1560;1987;2188
1557;2027;2018
1559;2007;1727
1558;2039;2020
1558;2039;2048
1559;2037;2048
1561;2033;2055
1563;1999;2007
1559;2053;2055
1561;2036;1996
1558;2093;2195
1559;2059;2065
1557;2053;1758
1567;2048;2048
1559;2048;2057
1558;2048;2048
1559;2055;2054
1558;2071;2105
1559;2021;2065
1559;2040;2074
1542;1981;2166
1559;2027;2059
1555;2010;1770
1558;2039;2037
1559;2048;2056
1559;2036;2067
1559;2048;2059
1558;1997;2052
1562;2050;2053
1559;2039;2098
1559;2094;2271
1559;2056;2100
1557;2064;1771
1558;2048;2048
1557;2048;2076
1562;2048;2061
1552;2048;2065
1558;2085;2085
1559;2033;2083
1557;2039;2090
1562;1978;2163
1564;2024;2102
1559;2002;1833
1558;2039;2033
1560;2048;2062
1558;2041;2061
1565;2037;2066
1560;1994;2022
1561;2048;2021
1558;2062;2021
1557;2087;2196
1561;2064;2063
1558;2065;1837
1559;2053;2059
1559;2037;2081
1558;2048;2077
1558;2048;2073
1557;2092;2111
1558;2031;2060
1559;2029;2029
1562;1979;2166
1560;2020;2003
1560;2009;1915
1558;2040;2013
1559;2040;2072
1561;2048;2065
1560;2035;2073
1560;1990;1949
1560;2048;2084
1563;2069;2092
1558;2090;2235
1560;2058;2048
1559;2068;2010
1559;2048;2023
1559;2048;2068
1559;2048;2059
1558;2048;2065
1557;2084;2068
1558;2033;2031
1560;2016;2035
1562;1981;2182
1558;2019;2113
1558;2014;2048
1561;2038;2021
1549;2041;2049
1561;2036;2050
1558;2038;2051
1558;1978;1997
1559;2059;2048
1558;2068;2075
1560;2090;2239
1558;2066;2091
1559;2068;2058
1556;2050;2032
1558;2048;2070
1559;2036;2056
1559;2048;2063
1559;2096;2056
1560;2048;2023
1558;2018;2049
1562;1983;2247
1562;2018;2097
1559;2017;2025
1559;2036;2009
1560;2048;2048
1560;2038;2057
1561;2048;2057
1561;1969;1965
1561;2031;2034
1559;2075;2138
1558;2086;2244
1560;2064;2064
1558;2059;2102
1559;2048;2017
1569;2039;2059
1558;2048;2055
1561;2048;2057
1558;2104;2109
1558;2054;2112
1560;2004;2033
1559;1973;2198
1566;2020;2090
1559;2024;2103
1558;2039;1991
1560;2048;2048
1561;2040;2061
1559;2041;2048
1559;1977;1997
1561;2028;2023
1558;2070;2127
1560;2078;2343
1559;2063;2005
1561;2065;2060
1561;2048;2021
1560;2048;2065
1558;2048;2059
1562;2048;2048
1560;2114;2094
1559;2056;2070
1559;2014;2048
1560;1975;2239
1560;2019;2065
1561;2027;2061
1560;2035;1999
1559;2048;2052
1561;2048;2053
1560;2035;2057
1563;1952;1959
1561;2028;2011
1558;2069;2118
1558;2085;2310
1561;2064;2211
1559;2057;2019
1560;2055;1999
1558;2048;2069
1558;2048;2064
1562;2039;2064
1556;2131;2150
1560;2056;2114
1562;2017;2063
1563;1983;2265
1560;2023;2118
1561;2023;2106
1562;2038;1965
1560;2048;2037
1564;2048;2053
1558;2048;2053
1563;1952;1953
1561;2026;2048
1560;2059;2095
1558;2085;2326
1559;2067;2081
1559;2052;2109
1559;2048;1993
1559;2048;2060
1561;2038;2048
1561;2048;2049
1557;2139;2042
1565;2063;2095
1560;2027;2067
1562;1965;2224
1559;2027;1998
1560;2019;2048
1561;2033;1980
1561;2048;2034
1559;2040;2033
1562;2050;2048
1562;1946;1959
1561;2019;2007
1559;2051;2082
1561;2078;2418
1559;2064;2073
1559;2063;2066
1559;2048;1986
1556;2039;2062
1561;2039;2061
1560;2039;2057
1558;2145;2118
1561;2066;2088
1562;2034;2068
1560;1998;2287
1564;2021;2103
1563;2027;2114
1561;2033;1957
1563;2029;2039
1560;2039;2055
1561;2041;2059
1562;1951;1983
1565;2014;2002
1561;2037;2076
1565;2081;2401
1563;2064;2039
1560;2057;2079
1560;2059;1953
1559;2035;2049
1562;2048;2057
1557;2048;2054
1559;2152;2125
1559;2073;2077
1559;2048;2095
1562;2005;2335
1561;2011;2140
1561;2029;2049
1561;2031;1931
1562;2039;2032
1561;2037;2048
1560;2038;2048
1563;1941;1887
1562;2014;2022
1561;2033;2053
1558;2087;2331
1560;2062;2133
1563;2054;2068
1560;2048;1979
1563;2048;2075
1561;2048;2063
1560;2048;2060
1554;2162;2147
1559;2067;2071
1560;2053;2077
1560;2014;2275
1562;2004;2108
1563;2030;2040
1563;2029;1939
1563;2040;2059
1562;2041;2058
1562;2038;2060
1563;1949;2018
1574;2018;2029
1561;2025;2048
1562;2083;2351
1559;2058;2183
1562;2060;2037
1559;2049;1955
1559;2053;2055
1560;2041;2068
1559;2048;2070
1559;2160;2107
1558;2071;2111
1560;2068;2089
1562;2010;2259
1559;2011;2117
1562;2031;2089
1561;2031;1924
1563;2048;2058
1561;2041;2059
1567;2048;2055
1572;1942;2011
1559;2013;2013
1562;2020;2083
1560;2075;2302
1562;2060;2107
1559;2052;2055
1561;2048;1953
1559;2051;2079
1560;2037;2082
1561;2049;2077
1559;2150;2088
1561;2070;2104
1559;2066;2095
1562;2026;2318
1561;2019;2059
1563;2031;2048
1560;2034;1935
1551;2038;2063
1562;2039;2071
1559;2039;2069
1567;1953;1954
1561;2014;2092
1562;2021;2114
1559;2073;2427
1564;2065;2141
1563;2089;2059
1564;2048;1901
1560;2048;2053
1561;2049;2065
1564;2048;2066
1559;2140;2075
1559;2077;2138
1561;2064;2122
1561;2048;2346
1561;2005;2139
1565;2030;2048
1563;2038;1869
1565;2034;2053
1560;2031;2068
1563;2029;2059
1563;1981;1974
1562;2011;1973
1562;2029;2048
1561;2051;2333
1562;2066;2247
1561;2053;2067
1561;2049;1889
1561;2049;2067
1559;2048;2072
1561;2049;2071
1561;2129;2133
1559;2069;2068
1561;2058;2052
1562;2048;2227
1561;2010;2048
1563;2033;2095
1562;2024;1815
1562;2037;2048
1559;2039;2067
1561;2048;2059
1563;1991;1942
1561;1999;1992
1562;2027;1995
1559;2048;2159
1562;2076;2128
1560;2028;2098
1561;2048;1866
1562;2051;2063
1562;2036;2056
1562;2048;2065
1560;2115;2040
1551;2074;2158
1557;2048;2060
1561;2028;2155
1565;2009;2172
1565;2032;2059
1562;2023;1828
1559;2036;2048
1561;2034;2048
1561;2035;2057
1566;1999;1964
1562;2014;2009
1564;2037;1997
1559;2031;2105
1562;2067;2154
1562;2063;2098
1561;2052;1860
1562;2048;2049
1562;2048;2063
1562;2048;2059
1557;2110;2038
1560;2074;2090
1562;2048;2071
1562;2048;2075
1563;2004;2142
1564;2036;2058
1560;2018;1759
1563;2031;2048
1563;2048;2067
1563;2037;2051
1565;2001;1986
1563;2013;1995
1562;2027;2055
1564;2034;2017
1563;2079;2120
1551;2054;2027
1560;2049;1732
1560;2053;2031
1560;2048;2050
1562;2048;2054
1560;2101;2095
1559;2069;2048
1564;2052;2071
1560;2059;2085
1565;1995;2111
1563;2024;2036
1563;2018;1802
1558;2051;2038
1561;2031;2037
1564;2049;2048
1563;2024;1988
1564;2002;2027
1563;2048;2016
1563;2041;2041
1563;2079;2143
1563;2049;2071
1562;2055;1786
1562;2052;2053
1562;2039;2052
1563;2048;2051
1560;2080;2073
1559;2070;2065
1563;2048;2073
1559;2048;2071
1559;2000;2231
1561;2027;2142
1563;2019;1655
1562;2039;2036
1563;2033;2055
1563;2048;2059
1565;2031;2022
1563;2006;1954
1563;2039;2065
1564;2048;2049
1562;2073;2189
1561;2062;2088
1562;2057;1707
1563;2048;2030
1561;2049;2054
1562;2048;2068
1562;2058;2041
1563;2076;2124
1561;2048;2066
1559;2048;2093
1561;2002;2146
1561;2030;2176
1562;2011;1774
1562;2039;2036
1564;2048;2058
1562;2036;2070
1564;2035;2087
1565;2012;1998
1561;2048;2114
1563;2031;2030
1559;2082;2211
1565;2058;2080
1563;2059;1765
1563;2048;2052
1562;2049;2075
1557;2048;2063
1559;2048;2034
1560;2079;2079
1561;2048;2070
1562;2048;2076
1563;2005;2157
1562;2029;2048
1562;2003;1754
1563;2068;2038
1563;2048;2074
1562;2048;2078
1563;2036;2091
1565;1997;1977
1561;2031;2090
1565;2048;1982
1559;2079;2221
1562;2048;2052
1562;2059;1755
1562;2048;2049
1562;2049;2074
1563;2048;2074
1561;2054;2032
1562;2090;2048
1563;2027;2058
1562;2038;2103
1565;1992;2230
1560;2025;2104
1564;2017;1783
1562;2036;2028
1563;2038;2060
1562;2039;2061
1561;2048;2049
1563;1993;1983
1563;2037;2055
1563;2050;2048
1561;2072;2159
1561;2056;2127
1562;2059;1769
1562;2048;2057
1561;2051;2079
1561;2049;2056
1562;2048;2048
1561;2081;2091
1560;2050;2093
1561;2027;2024
1564;1993;2269
1561;2013;2015
1561;2020;1862
1562;2036;2011
1562;2039;2052
1562;2048;2055
1560;2036;2058
1563;1991;1972
1563;2020;2030
1563;2056;2053
1561;2083;2195
1561;2059;2101
1562;2062;1796
1563;2049;2022
1561;2030;2048
1564;2048;2051
1563;2048;2051
1562;2092;2113
1565;2049;2018
1562;2025;2095
1564;1999;2201
1561;2022;2073
1565;2029;1935
1561;2031;2014
1562;2048;2048
1563;2034;2048
1563;2050;2048
1563;1971;1985
1563;2038;2057
1565;2055;2067
1563;2072;2211
1565;2063;2053
1564;2057;1987
1561;2050;2030
1564;2049;2069
1563;2048;2059
1562;2048;2058
1561;2097;2094
1561;2050;2067
1562;2021;2048
1562;2005;2197
1563;2026;2074
1563;2025;2051
1563;2031;2003
1565;2039;1792
1563;2035;2050
1563;2034;2057
1565;1970;1963
1563;2033;2048
1563;2058;2035
1562;2074;2283
1561;2065;2087
1560;2053;2065
1559;2048;2022
1562;2040;2030
1561;2050;2055
1562;2048;2054
1559;2101;2131
1570;2049;2097
1563;2003;2037
1565;1999;2226
1563;2025;2131
1560;2021;2089
1563;2031;2012
1563;2035;2059
1564;2048;2074
1564;2039;2060
1563;1963;2039
1563;2028;2027
1565;2061;2070
1562;2071;2241
1561;2069;2073
1565;2048;2035
1563;2048;2033
1562;2048;2076
1562;2048;2074
1563;2048;2083
1561;2114;2125
1561;2051;2118
1563;2018;2059
1566;2007;2194
1564;2023;2048
1564;2024;2048
1565;2039;2007
1565;2038;2051
1565;2039;2056
1565;2048;2079
1565;1962;1948
1562;2010;2005
1562;2060;2139
1562;2081;2327
1564;2066;2123
1563;2063;2069
1562;2048;2025
1563;2048;2069
1561;2048;2070
1562;2050;2062
1561;2117;2117
1562;2067;2123
1565;2023;2070
1571;1994;2251
1563;2024;2158
1563;2030;2063
1565;2037;2003
1564;2048;2060
1564;2048;2063
1564;2037;2068
1568;1943;1959
1565;2011;2010
1562;2060;2156
1563;2085;2322
1565;2061;2139
1562;2051;2059
1566;2048;2007
1564;2049;2079
1563;2048;2075
1563;2039;2078
1561;2123;2077
1560;2061;2119
1565;2038;2014
1566;1997;2221
1580;2030;2146
1566;2035;2019
1564;2030;1992
1566;2034;2048
1565;2038;2061
1565;2037;2063
1568;1956;1943
1565;2013;2087
1567;2051;2130
1565;2080;2479
1565;2059;2125
1561;2048;2048
1567;2050;1999
1567;2048;2063
1565;2038;2069
1579;2050;2064
1566;2139;2084
1572;2069;2086
1569;2048;2112
1569;1996;2147
1570;2028;2034
1570;2027;2059
1570;2050;1977
1571;2038;2048
1570;2050;2059
1568;2036;2059
1592;1945;1963
1569;2015;2007
1568;2048;2062
1569;2106;2461
1571;2058;2145
1570;2065;1979
1579;2061;1991
1570;2036;2074
1572;2048;2064
1569;2048;2070
1567;2141;2145
1570;2073;2089
1573;2048;2027
1575;2000;2240
1573;2021;2136
1573;2024;2123
1570;2033;1949
1572;2039;2048
1571;2035;2051
1571;2048;2065
1574;1945;1931
1573;2007;2002
1573;2030;2075
1572;2071;2289
1574;2053;2106
1573;2050;2006
1571;2051;1951
1573;2054;2051
1571;2037;2059
1571;2039;2048
1571;2157;2058
1572;2070;2030
1575;2057;2053
1574;1995;2287
1573;2003;2135
1573;2027;2011
1571;2036;1960
1573;2039;2048
1575;2048;2060
1574;2030;2052
1574;1933;1906
1577;2010;1958
1577;2030;2014
1576;2095;2349
1575;2064;2169
1575;2040;2073
1573;2053;1963
1574;2059;2068
1573;2030;2062
1575;2035;2069
1573;2160;2105
1571;2075;2125
1574;2063;2149
1577;2000;2264
1575;2013;1997
1577;2031;2122
1579;2036;1938
1576;2031;2048
1576;2039;2062
1577;2041;2050
1578;1933;1982
1579;2011;2041
1566;2021;2019
1574;2085;2295
1575;2057;2089
1572;2058;2061
1576;2055;1959
1577;2037;2070
1574;2053;2076
1575;2036;2073
1571;2161;2121
1574;2072;2102
1575;2069;2080
1574;2010;2349
1576;2010;2112
1575;2048;2149
1577;2037;1829
1577;2036;2051
1575;2036;2059
1577;2048;2071
1576;1931;1940
1577;2009;1979
1577;2023;2031
1575;2084;2331
1579;2066;2125
1577;2058;2068
1576;2049;1935
1577;2048;2066
1579;2048;2074
1575;2048;2074
1590;2158;2121
1576;2069;2141
1576;2067;2075
1575;2030;2345
1577;2003;2095
1581;2018;2065
1577;2034;1911
1576;2031;2036
1577;2038;2049
1575;2048;2060
1579;1934;1959
1578;2018;1994
1578;2017;2011
1577;2074;2274
1574;2065;2196
1579;2074;2077
1577;2050;1903
1575;2048;2066
1575;2035;2073
1577;2048;2063
1576;2171;2082
1575;2069;2115
1575;2073;2065
1579;2027;2252
1577;2004;2169
1579;2023;2092
1578;2036;1875
1579;2033;2053
1578;2040;2065
1578;2054;2032
1582;1937;1946
1578;2019;1989
1577;2020;2002
1574;2054;2238
1577;2072;2087
1574;2061;2052
1576;2040;1869
1576;2048;2048
1578;2048;2054
1577;2048;2059
1577;2159;2122
1573;2074;2105
1575;2071;2075
1577;2048;2233
1576;1996;2093
1578;2033;2067
1577;2029;1851
1577;2031;2040
1579;2036;2048
1577;2039;2049
1580;1945;1959
1578;2021;2016
1577;2035;1999
1579;2033;2090
1578;2087;2117
1578;2036;2077
1577;2040;1863
1576;2051;2062
1576;2053;2067
1577;2039;2066
1572;2153;2081
1576;2071;2080
1574;2061;2100
1590;2056;2103
1577;1999;2191
1579;2034;2062
1577;2021;1821
1579;2031;2048
1578;2048;2057
1578;2031;2057
1578;1976;2002
1579;2019;1969
1584;2029;2013
1576;2029;2023
1578;2078;2227
1576;2090;2095
1583;2056;1799
1577;2048;2038
1578;2034;2055
1577;2053;2065
1575;2145;2081
1578;2082;2094
1578;2048;2094
1577;2055;2127
1578;1995;2133
1583;2023;2141
1579;2017;1771
1577;2049;2051
1578;2035;2033
1578;2048;2058
1581;1971;1971
1581;2023;1985
1579;2048;2035
1578;2021;2017
1572;2088;2173
1578;2052;2115
1578;2052;1787
1578;2048;2065
1578;2048;2080
1577;2048;2078
1577;2115;2079
1576;2069;2070
1578;2052;2099
1577;2058;2062
1583;1978;2110
1579;2037;2062
1577;2013;1796
1578;2038;2053
1579;2040;2058
1577;2034;2062
1580;2014;2013
1578;2021;2087
1579;2049;2057
1578;2029;1995
1577;2089;2159
1582;2057;2091
1576;2051;1793
1578;2052;2059
1579;2041;2067
1575;2039;2060
1577;2107;2068
1577;2071;2112
1577;2036;2086
1576;2058;2142
1575;1985;2159
1576;2034;2068
1579;2014;1763
1579;2032;2034
1577;2035;2059
1577;2048;2055
1581;2031;2068
1579;2007;1995
1578;2058;2038
1578;2027;1991
1578;2088;2184
1575;2056;2106
1578;2057;1769
1575;2048;2056
1576;2048;2061
1579;2048;2061
1576;2088;2077
1577;2073;2093
1578;2035;2094
1577;2058;2078
1576;1983;2151
1579;2024;2086
1579;2011;1731
1578;2036;2017
1578;2048;2041
1578;2034;2048
1577;2048;2091
1578;2007;2006
1577;2055;2053
1579;2027;1998
1575;2095;2190
1577;2059;2110
1577;2060;1754
1578;2036;2048
1576;2048;2057
1576;2049;2057
1576;2048;2016
1577;2079;2068
1577;2030;2082
1576;2048;2075
1581;1974;2195
1577;2029;2093
1579;2001;1772
1578;2039;2030
1579;2048;2061
1577;2039;2067
1577;2037;2065
1573;2003;1981
1580;2049;2005
1575;2052;2026
1578;2087;2216
1578;2054;2103
1576;2059;1768
1578;2039;2048
1575;2050;2069
1578;2049;2063
1577;2048;2067
1577;2071;2084
1576;2023;2051
1576;2040;2027
1579;1975;2225
1580;2026;2071
1577;2003;1831
1579;2040;2031
1577;2048;2055
1577;2035;2076
1579;2038;2058
1579;1993;1983
1577;2050;2109
1576;2058;2048
1577;2087;2210
1575;2058;2074
1577;2066;1837
1576;2048;2056
1577;2049;2083
1577;2048;2078
1578;2048;2074
1577;2081;2077
1577;2023;2025
1577;2021;2084
1580;1966;2174
1579;2027;2054
1578;2002;1888
1578;2048;2020
1580;2037;2049
1576;2033;2063
1577;2039;2067
1580;1977;2002
1582;2048;2077
1579;2071;2119
1576;2094;2193
1575;2070;2048
1576;2068;1983
1577;2050;2038
1576;2023;2060
1575;2038;2054
1586;2048;2060
1576;2101;2080
1578;2036;2051
1577;2011;2027
1575;1975;2246
1579;2023;2083
1580;2009;2048
1576;2041;2015
1578;2048;2058
1577;2037;2059
1576;2031;2052
1578;1981;1941
1577;2052;2041
1578;2079;2149
1580;2085;2245
1578;2067;2073
1578;2068;2052
1577;2048;2006
1578;2048;2060
1577;2048;2059
1575;2048;2058
1574;2111;2121
1579;2038;2039
1576;1997;2059
1579;1975;2180
1581;2024;2120
1580;2013;2123
1577;2034;1991
1579;2040;2037
1579;2037;2052
1578;2039;2048
1579;1959;1949
1578;2035;2060
1578;2081;2123
1578;2091;2279
1580;2060;2032
1574;2071;2132
1575;2048;2007
1575;2033;2057
1576;2048;2048
1577;2050;2048
1575;2109;2093
1577;2048;2080
1575;1999;2039
1579;1981;2243
1577;2019;2038
1578;2021;2127
1577;2035;2001
1577;2048;2050
1579;2039;2062
1575;2041;2061
1578;1961;1995
1579;2035;2048
1578;2074;2066
1578;2090;2300
1577;2062;2067
1578;2059;2019
1580;2048;2021
1576;2039;2074
1576;2037;2064
1578;2048;2066
1576;2128;2134
1577;2065;2101
1574;1994;2050
1578;1979;2243
1577;2027;2075
1579;2033;2105
1577;2035;2003
1579;2297;2048
1579;2051;2061
1575;2048;2056
1578;1946;1978
1578;2016;1998
1573;2070;2095
1575;2085;2198
1577;2070;2061
1576;2063;2048
1576;2051;2035
1575;2033;2073
1578;2041;2074
1576;2048;2069
1576;2135;2121
1575;2070;2130
1579;2002;2069
1578;1965;2229
1577;2019;2068
1581;2025;2011
1577;2027;1995
1579;2059;2067
1579;2059;2075
1575;2025;2069
1579;1944;1982
1575;2017;2003
1578;2057;2107
1574;2096;2329
1575;2065;2027
1579;2064;2079
1572;2049;1999
1581;2039;2066
1577;2048;2067
1577;2035;2063
1575;2149;2151
1576;2060;2034
1578;2015;2091
1577;1982;2305
1579;2013;2092
1577;2023;2048
1576;2037;1975
1578;2048;2039
1577;2037;2051
1578;2048;2048
1579;1926;1990
1577;2004;1989
1576;2039;2093
1575;2098;2353
1575;2064;2039
1577;2061;2102
1576;2048;1986
1578;2048;2052
1577;2037;2068
1578;2048;2051
1574;2156;2068
1573;2069;2131
1576;2030;2071
1577;1984;2273
1580;2012;2138
1577;2030;2085
1577;2034;1960
1577;2048;2032
1578;2039;2048
1579;2038;2052
1577;1924;1971
1577;2006;1985
1577;2036;2029
1577;2098;2373
1573;2065;2148
1576;2065;2079
1576;2048;1975
1575;2040;2053
1576;2048;2053
1575;2048;2048
1575;2149;2091
1571;2075;2123
1576;2050;2077
1582;1985;2245
1573;2009;2019
1576;2024;2013
1576;2029;1962
1575;2038;2033
1577;2041;2048
1579;2035;2041
1580;1917;2018
1581;2009;1973
1579;2022;2048
1576;2103;2433
1577;2063;2087
1575;2061;2036
1577;2048;1977
1577;2048;2066
1576;2039;2064
1574;2040;2072
1576;2158;2103
1574;2061;2077
1595;2054;2073
1579;2000;2292
1578;2018;2054
1579;2014;2081
1578;2038;1943
1578;2038;2050
1577;2029;2053
1576;2041;2062
1579;1934;2026
1578;2005;2079
1578;2017;2027
1587;2098;2393
1575;2062;2162
1576;2059;2018
1576;2053;1966
1565;2048;2067
1576;2048;2068
1578;2037;2074
1575;2169;2105
1575;2091;2088
1576;2065;2105
1576;2003;2275
1578;2011;2156
1577;2037;2070
1578;2038;1946
1577;2036;2059
1577;2038;2066
1579;2039;2063
1581;1923;1925
1577;2012;2035
1576;2022;2085
1578;2085;2316
1576;2066;2068
1575;2064;2091
1577;2036;1917
1578;2061;2076
1575;2037;2072
1577;2048;2072
1573;2161;2115
1576;2073;2080
1576;2067;2109
1575;2025;2283
1578;2007;2220
1580;2039;2028
1578;2028;1912
1577;2031;2048
1579;2036;2051
1577;2037;2059
1582;1929;1960
1579;2007;1999
1578;2015;1980
1579;2075;2321
1579;2066;2093
1573;2061;2115
1576;2039;1921
1578;2048;2065
1578;2048;2061
1567;2048;2066
1573;2163;2071
1575;2076;2113
1577;2066;2114
1577;2037;2233
1574;2003;2039
1575;2029;1969
1578;2033;1883
1575;2037;2033
1578;2048;2057
1577;2028;2054
1578;1949;2007
1578;2019;2048
1577;2025;2048
1578;2052;2217
1579;2075;2141
1579;2057;2084
1577;2052;1893
1575;2048;2049
1576;2051;2051
1575;2033;2055
1577;2148;2069
1574;2061;2070
1576;2059;2094
1577;2051;2197
1578;2003;2146
1581;2029;2071
1577;2029;1863
1579;2031;2048
1578;2031;2051
1577;2030;2048
1581;1952;1949
1580;2014;2059
1577;2025;1993
1578;2038;2093
1577;2067;2217
1575;2069;2083
1576;2037;1862
1572;2050;2052
1575;2050;2063
1576;2048;2080
1574;2147;2066
1575;2066;2116
1577;2052;2095
1577;2056;2083
1579;1991;2129
1576;2030;2082
1578;2026;1851
1578;2034;2049
1578;2035;2057
1576;2035;2062
1581;1965;1988
1579;2015;1988
1578;2033;2029
1578;2031;2037
1577;2077;2164
1578;2053;2159
1580;2040;1823
1577;2049;2059
1577;2037;2063
1576;2048;2063
1575;2151;2119
1575;2076;2136
1575;2053;2111
1576;2054;2095
1579;1986;2189
1573;2031;2027
1578;2023;1775
1579;2035;2058
1570;2038;2078
1575;2048;2076
1578;1981;2007
1577;2013;1983
1579;2048;2032
1578;2037;2084
1578;2083;2156
1576;2059;2095
1576;2057;1786
1576;2048;2060
1577;2048;2077
1573;2048;2070
1575;2135;2028
1568;2071;2074
1578;2033;2106
1577;2049;2063
1578;1987;2168
1577;2037;2097
1578;2012;1766
1579;2038;2048
1577;2057;2073
1577;2031;2068
1581;1999;2048
1580;2020;2036
1584;2039;2009
1579;2048;1983
1574;2091;2191
1575;2055;2064
1575;2051;1791
1577;2048;2069
1578;2021;2062
1578;2048;2076
1574;2111;2051
1577;2070;2094
1577;2031;2094
1576;2064;2128
1578;1954;2221
1579;2029;2074
1578;2015;1779
1577;2035;2048
1578;2041;2066
1578;2038;2068
1579;2023;2075
1580;2015;2011
1577;2052;2051
1577;2031;2061
1577;2091;2097
1573;2061;2084
1577;2053;1743
1575;2039;2052
1577;2050;2070
1576;2039;2075
1573;2069;2017
1580;2070;2091
