1446;1989;2020
1448;2037;2048
1447;2019;2009
1445;2073;2202
1444;2048;2085
1446;2051;1557
1446;2033;2015
1445;2036;2053
1463;2034;2048
1448;2036;2040
1444;2083;2028
1445;2022;2037
1445;2034;2066
1449;1958;2169
1447;2017;2129
1447;1991;1689
1447;2028;2004
1442;2027;2035
1442;2048;2048
1446;2029;2048
1446;1991;1973
1447;2039;2048
1445;2040;2013
1443;2074;2190
1445;2050;1994
1446;2050;1660
1444;2031;2019
1447;2031;2048
1446;2037;2037
1447;2033;2048
1445;2076;2081
1445;2023;2049
1445;2037;2050
1446;1971;2178
1447;2010;2105
1448;1986;1682
1447;2024;1992
1445;2031;2034
1447;2028;2029
1447;2031;2037
1447;1989;2006
1448;2037;2067
1447;2048;2020
1444;2073;2235
1447;2055;2149
1445;2055;1865
1445;2034;2033
1447;2032;2053
1446;2030;2050
1446;2035;2048
1445;2084;2083
1443;2021;2069
1447;2020;2054
1449;1962;2196
1448;2005;2068
1449;1995;1847
1446;2025;2017
1446;2030;2048
1450;2027;2053
1446;2031;2048
1449;1983;2083
1447;2033;2091
1445;2048;2065
1446;2069;2128
1445;2052;2109
1448;2060;1979
1445;2034;2021
1444;2033;2048
1444;2033;2050
1445;2031;2049
1444;2087;2106
1445;2023;2029
1445;2011;2036
1450;1961;2194
1451;2016;2091
1449;2010;1986
1447;2025;2005
1445;2028;2038
1447;2031;2048
1447;2027;2048
1450;1971;1966
1449;2035;2053
1445;2059;2114
1444;2071;2259
1447;2054;2029
1444;2057;1979
1445;2036;2018
1447;2035;2065
1446;2031;2063
1447;2036;2056
1445;2098;2111
1445;2036;2083
1447;2000;2051
1446;1964;2316
1449;2013;2112
1447;2000;2147
1446;2022;1998
1448;2031;2052
1446;2031;2060
1445;2028;2056
1451;1973;2051
1445;2029;2090
1446;2071;2093
1446;2064;2319
1447;2061;2152
1447;2053;1943
1443;2038;2013
1449;2031;2055
1445;2034;2061
1447;2034;2061
1443;2099;2094
1446;2048;2070
1447;1994;2062
1448;1958;2183
1444;2015;1985
1446;2015;1983
1447;2028;1991
1446;2027;2050
1449;2034;2054
1447;2034;2048
1446;1970;2006
1447;2035;2063
1445;2069;2126
1445;2063;2313
1447;2071;2113
1447;2060;2048
1445;2036;1979
1447;2031;2062
1446;2033;2056
1448;2036;2050
1442;2102;2050
1445;2038;2038
1446;1994;1996
1447;1973;2319
1447;2009;2019
1447;2015;2041
1447;2024;1987
1446;2022;2037
1447;2034;2048
1448;2029;2056
1447;1954;1987
1447;2025;2017
1446;2073;2109
1448;2060;2249
1434;2060;1974
1445;2055;2181
1451;2035;1969
1446;2029;2048
1445;2034;2052
1444;2037;2057
1444;2109;2068
1445;2048;2032
1447;1997;2022
1449;1965;2324
1445;1995;2090
1447;2003;2019
1447;2027;1963
1447;2030;2027
1445;2036;2048
1448;2033;2048
1448;1947;1993
1448;2021;2018
1446;2063;2107
1445;2074;2310
1448;2050;2139
1448;2051;2100
1444;2037;2001
1445;2034;2059
1445;2036;2052
1445;2034;2040
1444;2139;2092
1445;2048;2015
1447;1995;2000
1447;1967;2211
1448;2011;2114
1447;2023;2121
1447;2030;1943
1439;2035;2031
1444;2031;2048
1447;2031;2040
1448;1941;1955
1448;2002;2036
1439;2054;2083
1447;2078;2419
1446;2055;2226
1449;2053;2025
1448;2038;1957
1448;2037;2048
1448;2033;2052
1446;2037;2048
1444;2141;2158
1446;2055;2082
1447;2006;2013
1449;1973;2238
1445;2012;2203
1445;2007;2111
1446;2014;1918
1447;2029;2027
1447;2031;2039
1448;2027;2036
1451;1944;1968
1448;2010;2009
1446;2055;2101
1449;2078;2304
1447;2068;2226
1446;2052;2161
1446;2038;1963
1445;2025;2048
1446;2033;2048
1447;2033;2035
1445;2129;2083
1444;2056;2098
1449;2011;2058
1449;1977;2393
1447;2014;2186
1446;2017;2098
1447;2026;1938
1448;2034;2033
1446;2033;2037
1448;2035;2015
1451;1917;1970
1448;2010;2039
1458;2039;2050
1448;2082;2382
1451;2059;2013
1435;2055;2127
1445;2041;1952
1446;2033;2057
1448;2031;2048
1450;2037;2048
1446;2132;2118
1447;2049;2041
1446;2029;2076
1450;1971;2397
1449;2050;2193
1455;2020;2182
1447;2026;1924
1446;2029;2018
1445;2035;2034
1448;2034;2048
1447;1919;1956
1451;2005;2011
1450;2031;2063
1449;2080;2401
1446;2053;2106
1447;2053;2142
1444;2039;1922
1446;2036;2035
1446;2035;2034
1446;2036;2048
1447;2146;2075
1443;2060;2103
1447;2038;2075
1448;1989;2392
1447;2003;2201
1447;2026;2129
1447;2026;1927
1447;2031;2031
1449;2032;2029
1449;2033;2035
1451;1916;1965
1449;1998;1983
1447;2019;2019
1447;2080;2311
1449;2069;2221
1449;2048;2088
1445;2038;1900
1448;2048;2048
1448;2029;2063
1447;2039;2050
1447;2151;2126
1446;2055;2081
1447;2036;2048
1447;2001;2290
1450;2012;2237
1454;2021;2153
1442;2026;1929
1450;2031;2038
1448;2031;2027
1449;2029;2034
1449;1923;1972
1449;2003;2057
1450;2021;2039
1448;2097;2477
1448;2063;2191
1446;2050;2151
1447;2040;1893
1447;2037;2039
1446;2025;2048
1445;2036;2053
1443;2150;2076
1447;2059;2062
1448;2052;2055
1452;1996;2317
1451;2004;2184
1446;2015;2069
1442;2026;1891
1450;2029;2031
1448;2033;2037
1449;2029;2048
1449;1927;1941
1450;2002;2006
1447;2007;1986
1447;2091;2358
1447;2055;2157
1447;2057;2011
1447;2048;1903
1447;2040;2038
1447;2037;2048
1447;2035;2051
1445;2151;2083
1446;2060;2061
1445;2055;2088
1448;1996;2296
1449;2006;2137
1451;2023;2036
1449;2029;1863
1448;2025;2037
1449;2033;2038
1449;2032;2048
1450;1919;1934
1447;1999;2023
1447;2005;1959
1448;2083;2335
1446;2068;2187
1447;2059;2076
1446;2039;1887
1448;2040;2048
1449;2027;2051
1448;2037;2055
1446;2153;2075
1445;2057;2087
1447;2053;2074
1450;2014;2351
1450;2006;2116
1451;2029;2155
1448;2025;1849
1450;2027;2032
1450;2032;2048
1450;2031;2048
1452;1919;1955
1451;2003;1980
1447;2019;2091
1446;2077;2358
1450;2055;2129
1447;2048;2074
1447;2037;1870
1449;2037;2037
1447;2039;2048
1450;2037;2034
1447;2151;2054
1446;2057;2087
1447;2050;2069
1449;2014;2202
1455;1998;2129
1447;2005;2065
1448;2025;1891
1448;2030;2039
1451;2031;2049
1449;2030;2048
1451;1917;1956
1451;2007;1975
1449;2019;2015
1448;2063;2319
1445;2068;2094
1447;2048;2068
1448;2041;1869
1447;2039;2050
1449;2038;2057
1448;2035;2062
1445;2156;2063
1447;2056;2069
1449;2048;2068
1445;2039;2203
1449;1991;2069
1448;2029;2070
1450;2025;1857
1450;2031;2038
1449;2033;2049
1451;2029;2052
1449;1931;1997
1451;2014;2019
1450;2023;2075
1449;2048;2139
1450;2070;2159
1448;2059;2101
1445;2039;1862
1450;2039;2059
1447;2037;2060
1447;2039;2055
1446;2154;2081
1447;2073;2067
1441;2048;2078
1447;2048;2163
1445;1997;2128
1449;2025;2041
1449;2021;1839
1449;2031;2037
1448;2031;2057
1449;2027;2052
1451;1939;2029
1445;2007;1989
1448;2026;2025
1449;2034;2065
1450;2073;2117
1447;2051;2126
1445;2049;1879
1455;2048;2057
1447;2040;2077
1447;2035;2066
1446;2149;2048
1446;2061;2082
1448;2049;2089
1451;2051;2107
1451;1996;2149
1447;2027;2080
1448;2022;1881
1447;2027;2049
1450;2035;2062
1447;2033;2063
1449;1955;1991
1449;2011;2064
1450;2030;2049
1443;2028;2105
1448;2074;2158
1448;2037;1983
1447;2048;1817
1448;2048;2050
1441;2039;2059
1451;2039;2067
1445;2133;2038
1448;2069;2066
1447;2048;2111
1447;2051;2117
1450;1991;2103
1449;2027;2029
1455;2016;1784
1450;2031;2051
1447;2031;2051
1450;2036;2049
1449;1975;2024
1450;2003;1991
1449;2031;2083
1451;2031;2061
1448;2077;2078
1447;2053;2076
1447;2048;1821
1447;2040;2054
1447;2048;2073
1447;2038;2078
1445;2119;2036
1447;2068;2055
1449;2027;2052
1448;2055;2033
1452;1987;2154
1449;2025;2086
1458;2016;1770
1449;2034;2038
1450;2035;2055
1450;2029;2058
1448;1990;2065
1450;2003;2048
1448;2039;2026
1451;2019;2007
1452;2077;2106
1450;2048;2071
1447;2048;1745
1448;2033;2048
1449;2038;2065
1447;2039;2053
1446;2115;2039
1446;2064;2075
1450;2031;2006
1449;2056;2089
1449;1986;2154
1448;2028;2113
1449;2010;1623
1447;2033;2031
1448;2033;2048
1453;2001;2050
1451;2005;2063
1449;2004;2048
1450;2037;2048
1447;2024;2098
1449;2073;2207
1449;2048;2013
1448;2041;1697
1446;2036;2048
1450;2048;2064
1447;2036;2048
1445;2090;2048
1448;2078;2069
1448;2027;2068
1447;2061;2095
1450;1971;2093
1449;2018;2066
1447;2008;1662
1449;2033;2023
1450;2037;2059
1450;2031;2058
1450;2028;2063
1451;2002;2056
1450;2048;2048
1448;2027;1995
1448;2087;2233
1449;2057;2132
1448;2053;1557
1448;2036;2020
1449;2037;2051
1448;2037;2051
1448;2051;2004
1450;2075;2139
1447;2035;2070
1447;2056;2115
1451;1972;2185
1450;2023;2054
1448;2004;1635
1449;2029;2013
1455;2027;2035
1452;2055;2036
1448;2036;2049
1454;1992;1987
1450;2039;2035
1448;2026;2027
1447;2080;2166
1447;2055;2145
1449;2054;1667
1448;2041;2029
1449;2033;2051
1445;2048;2048
1450;2048;2048
1447;2070;2085
1448;2025;2063
1448;2040;2040
1447;1974;2193
1450;1979;2066
1448;1998;1668
1449;2029;2015
1449;2029;2048
1448;2035;2048
1450;2034;2037
1449;1994;2048
1453;2049;2028
1450;2026;2011
1450;2085;2162
1447;2058;2128
1447;2051;1775
1448;2036;2037
1447;2034;2062
1450;2038;2056
1448;2035;2040
1450;2082;2048
1449;2030;2081
1447;2041;2026
1448;1978;2176
1448;2017;2049
1448;1995;1688
1449;2029;2005
1449;2035;2037
1449;2030;2049
1449;2038;2048
1453;1995;1999
1450;2048;2051
1447;2048;2030
1447;2079;2149
1450;2048;1992
1449;2062;1687
1449;2039;2018
1447;2031;2053
1443;2039;2053
1449;2039;2050
1449;2082;2048
1447;2029;1995
1449;2030;2097
1451;1967;2117
1448;2023;2014
1449;1998;1823
1450;2030;2009
1451;2033;2048
1450;2031;2055
1449;2037;2052
1450;1985;1973
1455;2034;2048
1449;2048;2065
1449;2077;2184
1450;2058;2011
1451;2056;1813
1449;2041;2031
1448;2038;2059
1448;2035;2057
1451;2036;2062
1447;2087;2087
1452;2034;2077
1451;2010;2048
1451;1982;2217
1449;2021;2007
1449;2005;1955
1450;2034;2009
1447;2037;2048
1451;2028;2054
1449;2031;2059
1450;1990;2007
1451;2031;2029
1452;2058;2066
1451;2071;2259
1447;2061;2191
1449;2058;1944
1447;2048;2018
1449;2048;2062
1450;2037;2051
1451;2048;2059
1451;2093;2081
1450;2038;2073
1448;2007;2050
1450;1979;2126
1453;2024;2161
1451;2011;2034
1449;2030;2026
1450;2031;2056
1451;2029;2059
1452;2036;2061
1450;1974;2078
1454;2035;2039
1452;2064;2111
1450;2080;2367
1450;2056;1919
1451;2064;2018
1447;2037;2036
1450;2048;2071
1449;2029;2069
1450;2036;2071
1450;2107;2114
1446;2048;2091
1452;2007;2065
1450;1982;2177
1450;2020;2157
1454;2009;2041
1451;2029;1999
1454;2048;2053
1450;2031;2066
1453;2029;2055
1450;1973;2005
1451;2035;2109
1451;2066;2142
1449;2074;2267
1451;2062;2105
1450;2060;2093
1447;2048;2005
1451;2038;2066
1453;2027;2067
1453;2065;2067
1451;2103;2070
1454;2048;2103
1433;2006;2073
1447;1981;2251
1454;2024;2190
1453;2017;2052
1450;2026;2005
1451;2033;2053
1451;2032;2061
1451;2035;2063
1452;1964;2005
1453;2022;2081
1452;2066;2124
1451;2080;2253
1450;2057;2092
1450;2062;2034
1450;2048;2029
1450;2039;2075
1451;2036;2076
1452;2037;2065
1449;2117;2105
1450;2048;2100
1451;2001;2062
1449;1985;2246
1449;2014;2073
1450;2017;2098
1449;2031;2006
1450;2035;2051
1457;2036;2068
1450;2037;2069
1452;1951;1977
1451;2021;2013
1453;2064;2095
1450;2077;2307
1451;2060;2127
1449;2059;2088
1449;2048;2025
1451;2048;2080
1450;2040;2075
1452;2039;2061
1447;2120;2133
1450;2049;2095
1451;2009;2048
1451;1986;2241
1450;2018;2060
1450;2025;2063
1453;2031;1978
1451;2037;2054
1452;2030;2048
1451;2035;2065
1453;1957;1965
1453;2011;2023
1451;2051;2129
1454;2087;2387
1451;2072;2294
1450;2051;2014
1450;2039;2003
1450;2048;2069
1450;2039;2058
1450;2033;2063
1449;2135;2087
1451;2055;2066
1451;2015;2059
1453;1987;2450
1453;2017;2207
1455;2027;2014
1452;2031;1973
1452;2035;2053
1452;2036;2064
1453;2030;2061
1454;1951;2006
1451;2018;2055
1451;2041;2083
1450;2065;2376
1453;2066;2205
1450;2059;2178
1449;2048;1968
1451;2034;2069
1454;2048;2075
1451;2050;2065
1451;2133;2070
1451;2066;2083
1452;2024;2062
1451;1987;2417
1455;2023;2192
1452;2022;2201
1452;2030;1956
1451;2033;2048
1453;2035;2059
1451;2048;2058
1456;1932;1953
1451;2005;2048
1445;2048;2121
1454;2073;2293
1451;2068;2091
1451;2055;2100
1451;2052;1983
1452;2037;2059
1451;2048;2064
1451;2037;2070
1451;2135;2066
1451;2064;2051
1452;2034;2085
1453;1989;2345
1455;2022;2134
1456;2031;2055
1452;2031;1954
1448;2035;2048
1454;2035;2056
1452;2037;2059
1454;1940;2003
1455;2006;2021
1451;2048;2123
1451;2080;2458
1452;2057;2138
1450;2065;1997
1463;2048;1979
1451;2048;2070
1450;2040;2070
1451;2037;2060
1451;2137;2082
1450;2053;2088
1452;2037;2095
1453;1993;2319
1451;2010;2100
1453;2031;2063
1453;2027;1934
1452;2037;2051
1452;2038;2057
1452;2048;2065
1464;1940;1986
1454;2003;2000
1451;2031;2050
1451;2081;2491
1449;2066;2114
1453;2059;2185
1450;2048;1958
1449;2035;2067
1451;2048;2074
1450;2048;2074
1449;2145;2149
1451;2064;2098
1453;2035;2055
1454;2011;2351
1450;2011;2104
1452;2024;2057
1453;2025;1923
1451;2037;2051
1449;2025;2060
1454;2048;2067
1455;1949;1994
1453;1999;2073
1453;2025;2023
1451;2080;2353
1451;2057;2090
1452;2068;2058
1451;2041;1957
1456;2048;2069
1463;2039;2055
1451;2048;2056
1451;2135;2121
1449;2062;2140
1451;2053;2101
1449;2010;2374
1452;2013;2102
1452;2033;2051
1450;2024;1945
1453;2041;2060
1454;2037;2072
1451;2037;2059
1452;1950;1939
1453;2011;2007
1453;2027;2023
1455;2065;2318
1451;2061;2081
1451;2058;2064
1448;2050;1947
1451;2048;2076
1452;2048;2079
1452;2036;2080
1449;2135;2104
1453;2072;2116
1451;2057;2057
1452;2017;2267
1455;2000;2201
1451;2029;2048
1455;2022;1863
1452;2025;2048
1451;2037;2071
1452;2048;2062
1453;1957;1935
1452;2007;2074
1451;2019;1988
1451;2064;2386
1450;2063;2123
1453;2055;2039
1453;2053;1930
1454;2039;2057
1451;2039;2078
1452;2048;2073
1450;2138;2086
1453;2066;2137
1450;2053;2091
1449;2033;2350
1450;2020;1991
1455;2029;2061
1452;2023;1897
1451;2033;2048
1453;2027;2049
1453;2031;2051
1454;1961;1934
1456;2015;1992
1454;2020;2051
1456;2052;2423
1453;2068;2140
1451;2058;2001
1451;2048;1881
1453;2048;2061
1451;2029;2064
1452;2039;2061
1448;2122;2138
1451;2068;2170
1450;2048;2112
1455;2041;2305
1453;2007;2094
1451;2027;1996
1451;2028;1863
1453;2031;2058
1452;2035;2066
1452;2037;2061
1452;1970;1941
1453;2008;1987
1452;2026;2018
1447;2051;2355
1455;2065;2191
1451;2057;2179
1458;2049;1801
1453;1792;2050
1449;2035;2066
1451;2048;2067
1450;2120;2143
1451;2075;2087
1453;2050;2096
1453;2048;2355
1452;2006;2050
1454;2048;2050
1453;2030;1822
1452;2028;2048
1453;2035;2051
1450;2036;2050
1454;1978;1950
1457;2007;2013
1455;2035;1991
1450;2035;2221
1452;2065;2139
1451;2062;2085
1451;2057;1793
1451;2048;2048
1451;2031;2055
1453;2051;2070
1451;2117;2113
1451;2062;2135
1451;2050;2091
1453;2048;2197
1451;2011;2139
1451;2030;2001
1450;2018;1793
1453;2036;2054
1454;2037;2062
1450;2048;2055
1455;1991;1959
1454;2025;1977
1454;2035;2052
1455;2033;2132
1452;2059;2123
1452;2050;2066
1450;2058;1892
1453;2060;2068
1453;2048;2077
1454;2041;2070
1450;2111;2063
1452;2068;2053
1451;2050;2095
1453;2048;2153
1454;2001;2216
1451;2023;2032
1452;2031;1780
1458;2031;2050
1453;2061;2069
1453;2034;2072
1453;2001;1999
1452;2012;2066
1454;2028;2006
1452;2027;2143
1449;2079;2259
1454;2050;2052
1453;2039;1856
1453;2048;2058
1454;2048;2078
1452;2048;2073
1451;2089;2092
1451;2068;2114
1451;2048;2106
1451;2050;2071
1455;2002;2172
1449;2026;2162
1453;2019;1713
1453;2032;2048
1454;2035;2064
1453;2048;2059
1455;2003;1983
1457;2001;2006
1453;2031;2024
1455;2029;2048
1454;2069;2156
1455;2048;2075
1454;2039;1765
1453;2048;2052
1455;2055;2071
1454;2029;2061
1453;2087;2060
1449;2082;2125
1455;2038;2053
1455;2052;2117
1461;2002;2143
1461;2048;2048
1613;2093;643
2131;3170;2395
1564;1834;2949
1664;1893;2007
1518;1520;1861
1450;1646;1837
1461;2019;1917
1469;2048;1913
1471;2111;2094
1507;2109;1941
1485;1949;1764
1455;1919;2063
1454;2005;1979
1454;2048;2014
1455;2087;2037
1674;2667;847
1643;2258;2203
1363;3301;3239
1440;653;2185
4095;3364;412
4095;4086;10
4089;4090;4034
4091;4085;4073
4091;4087;4074
4090;4086;3241
4088;4081;3061
4091;4095;2978
4089;4083;2819
4087;4085;2821
4087;2763;2775
4059;2532;3284
4095;2276;1115
4094;2792;2622
4093;2585;2635
4092;2563;2666
4090;2570;2625
4089;2479;2548
4087;2457;2539
4087;2415;2504
4084;2423;2504
3692;6;1350
3816;10;1986
1210;90;1689
1038;7;210
919;7;85
977;3;335
1014;3;609
1042;6;1257
1077;805;1783
1086;1873;1654
1098;1944;1151
1114;1966;1775
1123;1953;1848
1138;1987;1892
1143;1999;1934
1150;2031;1951
1163;2008;1940
1171;2024;1982
1181;1977;2012
1187;2018;1947
1198;1994;1581
1204;2030;1969
1211;2027;2002
1219;2031;2006
1225;2030;2058
1231;2000;2004
1238;2048;1990
1245;2033;1950
1247;2075;2123
1253;2049;2007
1259;2050;1602
1263;2039;2003
1269;2048;2031
1270;2037;2037
1273;2048;2053
1277;2074;2104
1285;2048;2058
1288;2039;2113
1299;1988;2182
1296;2019;1890
1301;2006;1633
1305;2027;1992
1309;2029;2030
1311;2031;2029
1318;2031;2062
1321;1993;2009
1321;2048;1991
1327;2024;1995
1324;2058;2093
1331;2056;1970
1333;2048;1643
1335;2035;2021
1338;2034;2040
1348;2038;2039
1343;2013;1990
1345;2063;2030
1351;2036;1983
1352;2026;2048
1356;1973;2262
1361;2009;2102
1365;1993;1555
1363;2029;1999
1369;2031;2035
1369;2015;2048
1373;2025;2037
1378;1983;2033
1382;2017;2071
1383;2027;1990
1383;2060;2187
1385;2037;2036
1389;2041;1697
1392;2033;2026
1394;2031;2038
1397;2031;2040
1398;2027;2022
1398;2065;2077
1404;2027;2017
1407;2027;2089
1411;1977;2174
1415;2006;2167
1418;1989;1558
1419;2020;1989
1396;2015;2027
1423;2023;2048
1427;2025;2039
1431;1974;1986
1432;2024;2038
1434;2021;1967
1434;2052;2172
1434;2051;2146
1439;2041;1611
1443;2029;2006
1445;2029;2048
1447;2026;2034
1448;2033;2050
1453;2066;2018
1451;2019;2037
1455;2025;2086
1458;1966;2206
1461;2009;2129
1452;1979;1593
1465;2019;1983
1468;2025;2029
1470;2016;2027
1471;2028;2029
1475;1974;1998
1480;2014;2031
1478;2039;2010
1483;2054;2229
1483;2052;1953
1486;2040;1669
1487;2037;2003
1491;2030;2030
1489;2025;2038
1493;2035;2048
1495;2068;2099
1497;2034;2020
1499;2013;2027
1501;1970;2299
1504;2015;1957
1507;1988;1710
1507;2025;1997
1510;2025;2035
1513;2019;2031
1515;2013;2031
1519;1965;2009
1522;2013;2034
1522;2037;2088
1524;2054;2183
1526;2048;2112
1523;2048;1668
1528;2039;1998
1530;2031;2048
1533;2021;2048
1533;2021;2051
1533;2074;2102
1535;2024;2053
1538;2001;2050
1540;1971;2297
1542;2017;2180
1546;2003;1894
1547;2013;1983
1546;2023;2031
1546;2025;2048
1551;2027;2037
1555;1966;2034
1558;2019;2107
1557;2048;2068
1559;2062;2345
1561;2048;2211
1559;2061;1914
1566;2040;1995
1566;2017;2048
1567;2026;2035
1569;2033;2037
1569;2084;2093
1571;2037;2053
1574;1996;2089
1582;1965;2267
1580;2012;2170
1579;1999;2133
1583;2026;1985
1583;2021;2031
1585;2029;2034
1586;2025;2031
1589;1959;1983
1591;2002;2031
1592;2055;2119
1590;2063;2359
1596;2048;2237
1595;2053;2112
1598;2034;1999
1600;2019;2050
1601;2031;2049
1602;2026;2036
1601;2090;2079
1602;2026;2053
1606;1992;2029
1609;1967;2273
1611;2006;2129
1609;1999;2111
1611;2030;1991
1611;2019;2025
1617;2027;2049
1618;2025;2048
1620;1945;1978
1620;2015;2038
1621;2037;2081
1623;2077;2389
1623;2051;2189
1626;2054;2148
1626;2029;1991
1630;2031;2053
1630;2027;2049
1632;2024;2048
1631;2098;2127
1634;2032;2048
1634;1994;2023
1635;1965;2325
1639;2009;2087
1641;2004;2112
1640;2020;1954
1640;2025;2027
1643;2037;2039
1645;2021;2048
1649;1948;1955
1648;1997;2013
1649;2073;2155
1649;2065;2323
1650;2057;2111
1653;2049;2065
1655;2027;1984
1656;2027;2036
1655;2034;2023
1659;2029;2024
1655;2107;2084
1659;2041;2085
1661;2002;2007
1665;1955;2273
1666;2009;2159
1665;2008;2087
1666;2051;1955
1666;2028;2026
1670;2018;2037
1669;2023;2039
1674;1941;1953
1675;2008;1998
1676;2065;2105
1675;2069;2258
1678;2041;2007
1676;2048;2105
1677;2039;2010
1679;2037;2052
1680;2024;2057
1679;2034;2049
1682;2117;2085
1683;2048;2053
1685;1999;2048
1689;1955;2274
1690;2007;2193
1690;2011;1997
1691;2017;1956
1691;2027;2037
1690;2023;2040
1697;2019;2035
1694;1936;1943
1697;2007;2051
1699;2059;2098
1697;2077;2427
1695;2054;2145
1701;2049;2015
1701;2033;1959
1702;2023;2039
1703;2020;2048
1704;2028;2039
1705;2131;2121
1706;2048;2101
1705;1999;2053
1709;1967;2232
1711;1997;2118
1707;2024;2067
1713;2027;1937
1713;2029;2018
1711;2012;2034
1712;2025;2036
1716;1930;1959
1716;2005;1983
1717;2051;2145
1721;2072;2338
1717;2055;2208
1717;2051;2143
1721;2028;1951
1721;2038;2050
1718;2023;2048
1722;2026;2038
1722;2146;2095
1722;2066;2074
1727;2010;2048
1728;1952;2173
1727;1993;2146
1729;2019;2094
1730;2018;1953
1731;2027;2032
1729;2021;2053
1733;2025;2050
1735;1935;1987
1734;2009;2031
1737;2041;2093
1740;2066;2309
1733;2071;2068
1741;2052;2177
1739;2030;1958
1740;2040;2054
1741;2021;2050
1735;2035;2055
1741;2141;2097
1742;2060;2054
1742;2018;2037
1745;1970;2378
1743;2001;2048
1743;2018;1971
1748;2022;1947
1750;2021;2038
1751;2022;2049
1749;2027;2050
1752;1925;1939
1753;2007;2029
1746;2041;2104
1753;2075;2335
1751;2053;2123
1755;2052;2035
1755;2037;1973
1755;2029;2070
1754;2031;2056
1755;2026;2062
1756;2157;2079
1757;2058;2065
1759;2033;2015
1758;1972;2335
1764;2008;2099
1760;2009;2104
1765;2007;1917
1764;2031;2048
1765;2030;2058
1765;2025;2059
1771;1922;1925
1768;2007;1980
1768;2018;2093
1767;2080;2342
1768;2058;2026
1770;2051;1967
1771;2030;1949
1771;2035;2064
1771;2031;2068
1773;2034;2067
1771;2157;2162
1782;2061;2100
1775;2031;2069
1775;1972;2285
1778;2002;2035
1779;2007;2148
1777;2018;1893
1780;2031;2048
1780;2034;2050
1779;2025;2051
1783;1917;1991
1782;1993;2027
1782;2031;2031
1780;2084;2491
1781;2053;2087
1780;2048;2208
1786;2036;1930
1783;2031;2052
1785;2037;2059
1787;2027;2059
1783;2157;2154
1788;2061;2048
1789;2037;2076
1787;1986;2329
1791;2001;2048
1790;2015;2015
1789;2021;1917
1790;2027;2052
1792;2033;2054
1795;2025;2049
1797;1915;1930
1796;2007;1971
1795;2027;2020
1796;2075;2469
1795;2061;2130
1797;2048;1999
1794;2040;1939
1797;2034;2063
1797;2038;2073
1797;2027;2076
1795;2158;2085
1796;2055;2096
1798;2049;2048
1802;1989;2341
1800;2005;2162
1802;2010;2014
1803;2021;1902
1802;2033;2054
1803;2027;2058
1802;2019;2054
1805;1921;1961
1810;1997;1975
1807;2008;1979
1802;2073;2371
1807;2051;2248
1808;2035;2054
1807;2027;1866
1809;2038;2048
1809;2040;2068
1809;2036;2069
1807;2151;2133
1807;2069;2078
1813;2050;2080
1811;1991;2301
1811;1998;2051
1817;2005;2223
1812;2019;1880
1815;2031;2035
1816;2030;2057
1817;2021;2056
1818;1909;1941
1815;2009;1980
1817;2021;1979
1815;2074;2417
1814;2058;2077
1817;2048;2082
1823;2048;1849
1817;2048;2052
1818;2029;2051
1819;2026;2054
1817;2165;2108
1819;2062;2055
1818;2048;2101
1824;2002;2412
1828;2007;2048
1823;2019;2146
1821;2025;1855
1822;2027;2048
1823;2023;2048
1824;2027;2048
1829;1932;1950
1824;2002;2006
1827;2017;1995
1817;2073;2362
1827;2067;2153
1831;2048;2086
1826;2037;1863
1828;2038;2053
1828;2030;2055
1829;2030;2050
1823;2158;2069
1828;2051;2112
1830;2051;2036
1831;2018;2377
1831;1993;2162
1829;2019;1927
1829;2009;1834
1832;2029;2030
1832;2029;2048
1833;2026;2054
1835;1915;1950
1833;1999;2050
1837;2007;2035
1838;2067;2327
1835;2061;2099
1833;2048;2103
1834;2037;1826
1835;2038;2048
1836;2031;2057
1835;2034;2059
1837;2156;2074
1836;2048;2082
1835;2050;2119
1840;2031;2243
1838;1985;2273
1842;2024;2079
1839;2029;1755
1839;2020;2029
1839;2028;2050
1842;2037;2048
1842;1919;1953
1844;1993;1993
1843;2014;1985
1839;2048;2219
1842;2067;2073
1844;2048;1963
1842;2035;1837
1842;2035;2048
1843;2031;2051
1843;2033;2058
1841;2151;2074
1843;2056;2110
1842;2040;2105
1844;2032;2152
1848;1986;2058
1849;2023;2075
1846;2017;1751
1847;2031;2048
1847;2029;2048
1849;2019;2048
1849;1930;1957
1850;2015;2003
1849;2019;1994
1846;2028;2167
1846;2052;2265
1849;2048;2069
1849;2034;1811
1850;2035;2048
1849;2037;2066
1850;2033;2052
1850;2151;2087
1851;2051;2094
1850;2017;2059
1850;2039;2146
1854;1987;2091
1853;2020;1945
1850;2018;1759
1851;2022;2037
1854;2037;2048
1855;2017;2054
1855;1950;1977
1858;1998;2037
1857;2033;1943
1854;2026;2048
1854;2069;2241
1855;2039;2091
1855;2048;1746
1861;2033;2031
1855;2031;2048
1858;2048;2062
1854;2135;2067
1855;2055;2085
1855;2036;2075
1856;2048;2077
1858;1972;2062
1859;2023;1940
1860;2013;1749
1859;2027;2025
1861;2027;2041
1861;2026;2036
1860;1962;1947
1860;2007;1956
1858;2025;1998
1860;2025;1982
1861;2078;2097
1858;2048;2013
1862;2038;1694
1860;2039;2026
1859;2033;2048
1863;2031;2048
1861;2125;2062
1863;2049;2103
1862;2031;2038
1861;2052;2082
1861;1983;2105
1865;2015;1994
1878;2014;1643
1863;2027;2020
1864;2027;2034
1865;2033;2039
1866;1973;2048
1866;2007;1946
1866;2031;2030
1867;2021;2017
1865;2077;2122
1862;2048;2037
1865;2048;1694
1867;2035;2030
1871;2025;2057
1864;2036;2056
1865;2107;2009
1864;2062;2057
1866;2019;2010
1867;2049;2117
1870;1972;2211
1866;2026;2014
1868;2007;1723
1867;2029;2039
1870;2031;2050
1869;2027;2063
1871;1993;2051
1870;1992;1993
1870;2032;2017
1872;2020;2022
1869;2081;2159
1869;2048;2170
1871;2048;1751
1867;2048;2049
1871;2035;2071
1871;2039;2074
1868;2088;2011
1870;2054;2069
1870;2025;2079
1870;2050;2117
1869;1973;2221
1872;2015;2115
1872;2007;1607
1872;2030;2033
1871;2028;2060
1872;2029;2068
1875;2017;2078
1876;2002;1978
1873;2038;2040
1874;2017;1989
1871;2079;2287
1875;2055;2030
1874;2048;1689
1874;2034;2051
1875;2033;2077
1875;2039;2071
1874;2095;2048
1878;2062;2093
1872;2026;2072
1875;2056;2089
1877;1975;2236
1876;2033;2167
1877;1989;1586
1878;2037;2031
1878;2048;2055
1877;2027;2056
1877;2021;2059
1879;2001;1993
1878;2032;2061
1882;2028;2004
1877;2081;2177
1891;2048;2166
1877;2048;1692
1880;2042;2063
1879;2036;2058
1879;2031;2055
1878;2051;2007
1873;2071;2056
1878;2033;2103
1879;2048;2102
1880;1967;2207
1881;2019;2146
1881;2001;1691
1879;2022;2011
1881;2031;2036
1879;2029;2054
1879;2031;2048
1882;1994;2001
1882;2049;2069
1881;2025;2063
1881;2090;2249
1883;2048;2031
1882;2048;1666
1879;2034;2025
1880;2030;2041
1883;2048;2049
1879;2048;1999
1884;2060;2063
1883;2029;2058
1882;2048;2125
1884;1971;2236
1885;2013;2116
1890;1972;1689
1885;2020;2017
1886;2030;2037
1884;2026;2040
1884;2030;2048
1884;1989;2035
1891;2048;2068
1886;2031;2075
1884;2077;2289
1886;2056;2134
1883;2057;1551
1886;2031;2048
1885;2030;2048
1887;2048;2050
1887;2037;2035
1886;2073;2076
1886;2031;2079
1887;2048;2075
1883;1964;2290
1887;2019;2149
1889;1996;1685
1888;2033;2019
1887;2027;2052
1887;2031;2051
1887;2035;2048
1887;1987;2006
1888;2048;2074
1888;2034;2090
1887;2067;2373
1886;2057;2213
1885;2056;1655
1887;2033;2037
1879;2039;2067
1890;2048;2058
1889;2037;2059
1889;2088;2055
1887;2018;2048
1890;2031;2039
1887;1965;2204
1889;2027;2147
1891;1987;1738
1890;2025;2011
1892;2032;2048
1889;2031;2057
1889;2033;2064
1890;1990;1996
1889;2048;2034
1893;2053;2024
1891;2076;2275
1889;2048;2092
1891;2057;1743
1889;2031;2029
1888;2032;2057
1900;2033;2070
1892;2037;2060
1887;2093;2146
1891;2031;2051
1889;2027;2077
1893;1967;2223
1893;2021;2082
1893;1989;1761
1891;2031;2011
1891;2028;2051
1893;2031;2063
1892;2031;2048
1893;1991;1983
1892;2048;2127
1891;2055;2031
1894;2076;2324
1893;2056;2082
1890;2057;1883
1887;2034;2039
1891;2035;2065
1890;2040;2062
1893;2039;2070
1891;2088;2090
1893;2029;2081
1892;2019;2098
1895;1970;2168
1894;2009;2058
1895;1991;1905
1898;2025;2022
1895;2037;2051
1893;2026;2061
1894;2037;2056
1893;1976;1981
1894;2039;2101
1894;2050;2055
1894;2071;2228
1896;2059;2125
1895;2058;1990
1895;2035;2033
1893;2031;2014
1893;2037;2063
1896;2052;2067
1893;2090;2085
1892;2035;2066
1893;1969;2048
1895;1967;2166
1894;2011;2063
1897;2002;1992
1895;2027;2013
1894;2039;2063
1895;2040;2056
1894;2033;2048
1895;1975;2028
1895;2025;2089
1896;2065;2073
1897;2077;2236
1894;2061;2084
1894;2067;2089
1894;2053;2031
1895;2028;2060
1896;2029;2062
1897;2048;2052
1895;2099;2118
1894;2049;2048
1897;1995;2007
1899;1961;2196
1897;2015;2055
1898;2002;2037
1897;2029;2006
1897;2033;2036
1893;2026;2052
1897;2029;2048
1900;1976;1955
1896;2032;2005
1896;2075;2095
1900;2068;2299
1891;2060;2077
1896;2048;2053
1897;2035;2012
1898;2038;2054
1898;2036;2061
1899;2049;2063
1895;2102;2134
1898;2027;2058
1899;1998;2001
1899;1967;2179
1897;2009;2093
1898;2006;2061
1897;2030;2012
1900;2032;2057
1901;2039;2083
1899;2028;2053
1901;1972;2048
1898;2026;2037
1899;2071;2130
1899;2076;2223
1897;2063;2042
1897;2063;2059
1897;2037;2027
1898;2032;2073
1898;2048;2067
1900;2038;2069
1898;2109;2107
1899;2040;2091
1897;1997;2054
1899;1963;2181
1899;2015;2068
1900;2015;2040
1899;2033;2013
1901;2035;2052
1899;2031;2065
1900;2033;2061
1903;1955;2027
1901;2021;2039
1899;2067;2090
1900;2079;2277
1900;2067;2094
1901;2048;2005
1900;2048;2020
1901;2039;2057
1901;2034;2059
1899;2035;2056
1899;2106;2074
1899;2048;2076
1901;1983;2035
1903;1967;2253
1901;2009;2136
1901;2013;2020
1900;2034;1987
1901;2036;2034
1901;2027;2041
1902;2035;2059
1903;1947;1965
