2037;2059;1962
2035;2048;1986
2034;2035;2008
2035;2037;2017
2035;2040;1994
2033;2036;2011
2035;2037;1998
2033;2034;2019
2034;2036;2048
2033;2026;2067
2031;2031;1989
2035;2027;2079
2033;2033;2013
2033;2034;2051
2031;2031;2039
2033;2034;2025
2031;2015;2035
2031;2039;1990
2031;2031;2079
2029;2041;1983
2031;2037;2037
2031;2039;2012
2034;2037;2027
2031;2035;2048
2026;2039;2034
2031;2033;2085
2031;2048;2057
2031;2029;2033
2030;2048;2026
2027;2027;2061
2033;2035;2048
2029;2027;2048
2029;2037;2035
2030;2039;2065
2029;2031;1999
2030;2033;2023
2031;2032;2026
2029;2038;2094
2029;2034;2008
2029;2040;2025
2029;2038;2054
2031;2038;2030
2029;2037;2023
2030;2032;2031
2031;2035;2007
2030;2035;1994
2031;2048;2033
2031;2031;2037
2031;2036;2085
2030;2029;2027
2030;2037;2019
2030;2028;2025
2031;2035;1979
2031;2037;2024
2031;2036;2039
2029;2036;2015
2031;2031;2048
2030;2040;2022
2030;2038;2060
2030;2048;2033
2029;2037;2048
2029;2039;2031
2029;2039;2091
2030;2039;2111
2031;2034;2054
2029;2037;2048
2031;2049;2015
2048;2034;2036
2031;2033;2078
2029;2027;2008
2031;2038;2048
2031;2024;2048
2031;2034;2035
2031;2037;2077
2031;2032;2048
2031;2034;2048
2029;2027;2031
2030;2036;2027
2030;2039;2055
2026;2048;2069
2031;2037;2022
2029;2041;1997
2031;2031;2023
2030;2035;2051
2022;2035;2025
2029;2037;2067
2031;2048;2107
2031;2030;2084
2031;2028;2050
2031;2027;2075
2031;2031;1978
2031;2031;1987
2029;2033;2030
2030;2037;2054
2036;2035;2021
2029;2037;1999
2031;2027;2048
2029;2036;2031
2031;2048;2081
2029;2039;2052
2030;2041;2125
2029;2041;2075
2031;2059;2035
2031;2036;2067
2031;2033;2048
2030;2034;2035
2030;2049;2020
2030;2034;2048
2031;2031;2055
2031;2028;2021
2031;2033;2001
2029;2036;2085
2030;2037;2033
2032;2033;2008
2031;2031;2018
2031;2037;2026
2030;2024;2048
2030;2034;2011
2029;2048;2002
2029;2039;1999
2031;2035;2014
2031;2034;2010
2030;2035;2037
2031;2035;2020
2029;2036;2014
2031;2039;1988
2031;2048;2009
2031;2031;2015
2031;2027;2037
2031;2028;1997
2031;2031;2005
2031;2034;1993
2031;2034;2023
2029;2035;1993
2030;2038;2033
2031;2048;2030
2030;2020;2031
2029;2039;1999
2031;2077;1753
2031;2081;2022
2031;2026;2021
2031;2038;1990
2031;2048;2049
2033;2048;2060
2033;2048;2019
2034;2048;2034
2031;2058;2048
2034;2048;2027
2035;2033;2048
2037;2037;2007
2039;2040;2023
2037;2048;2082
2037;2048;2031
2037;2048;2033
2038;2048;2031
2036;2048;2013
2037;2033;2069
2035;2039;2019
2031;2048;2000
2037;2048;2058
2035;2049;2006
2037;2048;2062
2035;2048;2013
2035;2048;2058
2037;2040;2027
2039;2048;2021
2035;2048;1997
2038;2048;2006
2038;2036;2058
2037;2036;2069
2038;2059;2023
2027;2034;2048
2038;2048;2037
2036;2048;2023
2038;2048;2006
2038;2037;2022
2037;2030;2052
2035;2039;1997
2037;2048;2025
2037;2048;1991
2035;2050;2003
2037;2048;2016
2037;2041;2048
2035;2048;2066
2035;2039;2027
2036;2048;2021
2035;2055;2012
2035;2048;2019
2036;2038;2068
2039;2036;2021
2036;2038;2026
2039;2040;2059
2039;2048;2003
2037;2039;2071
2039;2048;2109
2037;2048;2129
2037;2034;2078
2037;2048;2050
2038;2048;2057
2036;2051;2119
2034;2040;2083
2037;2048;2127
2038;2048;2002
2039;2048;2057
2037;2037;2071
2037;2048;2066
2038;2051;2094
2037;2048;2069
2037;2041;2037
2037;2035;2095
2038;2048;2051
2039;2048;2031
2038;2048;2079
2035;2039;2057
2037;2048;2057
2037;2048;2048
2038;2031;2091
2036;2048;2088
2036;2041;2088
2035;2052;2068
2036;2048;1986
2038;2051;2048
2036;2048;2039
2037;2048;2048
2034;2048;2053
2037;2048;2082
2034;2050;2056
2038;2048;2055
2037;2048;2048
2038;2048;2085
2036;2031;2064
2035;2048;2124
2037;2048;2068
2037;2039;2035
2037;2048;2049
2038;2041;2038
2038;2033;2091
2035;2048;2023
2038;2041;2048
2035;2053;1991
2029;2048;2023
2037;2048;1986
2035;2041;2085
2037;2048;2007
2037;2048;2064
2036;2048;2062
2037;2048;2018
2037;2035;2013
2036;2041;2071
2038;2037;2037
2036;2039;2026
2038;2048;2011
2038;2048;2048
2037;2041;2087
2038;2048;2069
2048;2040;2048
2037;2033;2067
2036;2039;2048
2036;2039;2055
2037;2053;1981
2037;2049;2066
2037;2048;2084
2038;2048;2019
2036;2048;2028
2038;2039;2067
2036;2048;2021
2037;2048;2027
2036;2048;2063
2039;2048;2027
2038;2048;2084
2036;2038;1983
2037;2048;2005
2037;2048;2048
2035;2038;2013
2037;2041;2031
2037;2048;2035
2038;2035;2073
2033;2034;1992
2039;2041;2029
2037;2050;2015
2037;2048;1959
2038;2048;2048
2037;2048;2005
2038;2048;2025
2036;2048;2029
2035;2048;2021
2037;2048;2048
2035;2048;2052
2037;2048;2017
2037;2048;2022
2039;2038;2009
2036;2056;2016
2037;2048;2019
2035;2048;2022
2037;2041;2035
2037;2040;2065
2037;2048;2019
2037;2039;2114
2036;2041;2031
2037;2048;2003
2037;2048;2008
2034;2048;1997
2037;2048;2054
2035;2048;2017
2036;2048;2015
2037;2048;2072
2039;2048;2065
2036;2049;2048
2036;2048;2068
2037;2048;2038
2037;2038;2031
2037;2048;2096
2037;2048;2048
2031;2041;2081
2037;2037;2061
2037;2041;2084
2038;2048;2039
2035;2048;2119
2037;2040;2135
2036;2048;2042
2037;2048;2049
2035;2048;2024
2038;2048;2073
2035;2048;2025
2039;2048;1848
2039;2048;2029
2037;2048;2061
2037;2048;2122
2037;2048;2029
2048;2048;2135
2037;2038;2091
2036;2048;2086
2038;2048;2119
2038;2036;2125
2037;2039;2023
2037;2036;2073
2037;2041;2056
2036;2039;2006
2037;2048;2071
2035;2048;2038
2035;2048;2100
2036;2041;2110
2037;2041;2062
2036;2048;2039
2036;2048;2063
2037;2048;2030
2039;2048;2070
2037;2048;2020
2036;2037;2108
2037;2049;2048
2038;2037;1997
2037;2040;2064
2037;2048;2056
2037;2048;2109
2037;2041;2056
2040;2048;2139
2036;2040;2093
2036;2036;2027
2038;2048;2048
2037;2048;2055
2036;2049;1991
2037;2048;2026
2027;2048;2039
2037;2048;2048
2036;2048;2052
2036;2055;2070
2037;2048;2009
2038;2051;2092
2036;2041;2019
2037;2049;2025
2039;2034;2001
2039;2048;2015
2035;2039;2005
2036;2048;2036
2029;2041;2048
2036;2039;2039
2038;2041;2048
2035;2040;1981
2037;2048;1995
2036;2040;2007
2036;2048;1975
2035;2037;2000
2036;2048;2009
2035;2048;1998
2037;2041;2001
2036;2048;2002
2035;2029;1989
2036;2050;2015
2034;2039;1999
2037;2048;2007
2048;2036;2071
2037;2048;2012
2036;2037;2021
2034;2040;2025
2036;2048;2007
2050;2041;2025
2038;2048;2026
2034;2036;2048
2034;2048;2020
2035;2040;2036
2035;2049;2031
2037;2052;1958
2035;2048;2011
2036;2041;2023
2035;2048;2003
2037;2048;2023
2035;2048;1983
2037;2048;2030
2037;2040;2137
2036;2048;2066
2037;2037;2018
2036;2041;1998
2037;2037;2048
2037;2037;2026
2035;2048;2086
2037;2039;2026
2035;2048;2070
2037;2048;2048
2036;2048;2021
2035;2048;2048
2035;2048;2007
2036;2048;1981
2038;2048;2124
2037;2039;2023
2036;2048;1991
2036;2048;2051
2036;2048;2065
2036;2053;2040
2036;2040;2054
2037;2048;2028
2048;2035;2048
2035;2041;2039
2030;2038;2115
2037;2048;2105
2037;2048;2048
2031;2033;2033
2036;2048;2050
2038;2036;2050
2037;2048;2027
2037;2048;2097
2035;2048;2089
2036;2048;2094
2037;2048;2057
2036;2048;2094
2037;2039;2065
2036;2048;2015
2037;2048;2040
2036;2048;2010
2036;2041;2035
2036;2041;2033
2037;2033;2080
2037;2039;2048
2037;2036;2061
2036;2048;2134
2037;2048;2034
2037;2048;2066
2037;2048;2091
2037;2035;2063
2035;2048;2016
2037;2048;2040
2039;2048;2060
2035;2048;2005
2035;2040;2023
2049;2048;2058
2036;2048;2048
2035;2040;2040
2035;2048;2021
2028;2052;2051
2035;2039;2037
2034;2040;2018
2039;2035;2083
2036;2039;1961
2037;2035;2085
2037;2048;2011
2036;2041;2035
2037;2037;2017
2031;2039;2079
2069;2039;2024
2037;2048;2048
2036;2048;2067
2037;2048;2048
2039;2048;2025
2037;2048;1985
2036;2039;2035
2036;2042;2026
2036;2041;2030
2037;2048;2021
2036;2053;2021
2039;2035;2027
2037;2036;1988
2036;2034;2095
2035;2040;2031
2036;2039;2014
2038;2048;2019
2037;2048;2021
2036;2040;2006
2036;2038;2003
2037;2034;2031
2036;2048;2029
2037;2051;2019
2038;2048;2035
2036;2040;2006
2037;2048;2017
2036;2048;2025
2037;2054;2017
2035;2041;1983
2035;2048;2013
2036;2056;2028
2037;2048;2070
2032;2037;1997
2037;2025;2048
2038;2037;2021
2036;2048;2037
2038;2040;2004
2036;2048;2018
2035;2048;2014
2037;2048;2013
2037;2035;2004
2036;2041;1974
2036;2049;2018
2037;2048;2075
2036;2048;1999
2037;2048;2111
2035;2048;2018
2036;2041;2018
2028;2048;2006
2037;2048;2028
2038;2055;1999
2037;2048;2067
2038;2036;2058
2033;2036;1990
2038;2039;2035
2036;2048;2125
2037;2039;2048
2035;2048;2048
2036;2048;2048
2037;2048;2048
2035;2030;2017
2035;2041;2098
2038;2051;1999
2033;2048;2009
2037;2048;2058
2034;2048;2005
2036;2053;2077
2037;2048;2024
2037;2041;2035
2038;2039;2060
2035;2054;2048
2037;2048;2065
2035;2038;2102
2036;2035;2053
2038;2040;2013
2036;2039;2107
2036;2038;2031
2037;2048;2118
2035;2048;2053
2037;2048;2099
2038;2031;2139
2037;2048;2071
2037;2050;2051
2038;2050;2019
2037;2048;2016
2036;2048;2110
2048;2048;2063
2038;2048;2048
2037;2048;2048
2048;2048;2053
2035;2058;2040
2036;2048;2119
2038;2038;2062
2036;2035;2033
2037;2039;2048
2035;2048;2059
2035;2048;2002
2036;2048;2036
2035;2048;2015
2037;2048;2057
2038;2032;2069
2036;2048;2109
2038;2005;2118
2036;2053;2071
2036;2048;2123
2035;2048;2025
2036;2050;2053
2037;2033;2108
2036;2037;2036
2035;2041;2034
2035;2056;2015
2035;2048;2057
2036;2036;2024
2036;2031;2031
2048;2048;2027
2035;2033;2103
2035;2039;2048
2031;2048;2026
2036;2048;2019
2037;2039;2013
2036;2028;2019
2035;2039;2038
2036;2048;2002
2036;2048;2052
2035;2048;2061
2035;2039;2050
2036;2048;2051
2034;2048;2067
2036;2041;2018
2034;2039;1992
2036;2051;2029
2034;2048;2026
2036;2048;2048
2035;2034;2026
2036;2037;2059
2033;2037;2062
2036;2041;2037
2036;2039;2048
2034;2038;2014
2038;2048;2015
2035;2027;2025
2034;2038;1996
2035;2031;1981
2037;2048;2002
2035;2048;1998
2034;2048;2024
2035;2048;2026
2036;2048;2050
2032;2041;2013
2035;2036;2026
2035;2050;1983
2036;2049;2008
2035;2048;2015
2034;2032;2029
2036;2048;1976
2036;2048;2011
2035;2051;2081
2036;2040;2037
2035;2039;2048
2035;2039;2009
2033;2034;2098
2035;2048;2009
2034;2038;2006
2035;2049;2023
2035;2048;1999
2034;2048;2086
2034;2049;2089
2037;2048;2048
2035;2048;2029
2033;2048;2041
2034;2048;2015
2033;2048;2052
2036;2048;2019
2036;2040;2048
2036;2048;2092
2036;2041;2099
2036;2048;2027
2036;2039;2007
2036;2048;2083
2035;2033;2008
2035;2031;2131
2035;2048;2124
2028;2037;2062
2034;2048;1987
2035;2039;1980
2034;2040;1985
2036;2048;2048
2036;2048;2091
2037;2041;2082
2034;2048;2029
2035;2048;2010
2034;2048;2135
2036;2048;2025
2035;2041;2026
2035;2040;2115
2034;2048;2108
2033;2048;2033
2037;2038;2082
2034;2040;2069
2038;2038;2069
2036;2038;2123
2035;2041;2123
2033;2048;2054
2036;2049;2110
2035;2048;2003
2033;2048;2009
2035;2048;2074
2035;2048;2048
2035;2048;2048
2035;2048;2061
2034;2048;2048
2035;2039;2088
2037;2049;2109
2037;2048;2033
2035;2034;1971
2035;2048;2134
2035;2048;2033
2036;2048;2052
2034;2048;2050
2036;2048;2021
2035;2048;2050
2035;2037;2080
2035;2048;2077
2034;2051;1988
2035;2048;2122
2036;2048;2027
2036;2048;2081
2031;2048;2061
2036;2048;2108
2034;2048;2078
2036;2048;2094
2035;2048;2048
2037;2048;2054
2039;2041;2015
2037;2037;2048
2035;2041;2084
2029;2051;2019
2035;2042;2067
2035;2048;2049
2035;2039;2055
2031;2039;2029
2035;2048;2034
2034;2048;2038
2033;2048;2068
2035;2048;2113
2035;2048;2126
2035;2048;2027
2035;2048;2075
2036;2048;2048
2036;2048;2058
2037;2048;2021
2051;2048;2068
2036;2048;2002
2036;2048;2039
2034;2037;2039
2036;2048;1979
2035;2048;1998
2035;2040;2031
2035;2048;2048
2035;2048;2072
2036;2048;2031
2034;2048;2021
2034;2048;2067
2035;2039;1991
2035;2048;2075
2035;2048;2110
2035;2048;2059
2034;2048;2027
2035;2048;2035
2033;2049;2048
2035;2048;2049
2037;2048;2048
2035;2048;2037
2035;2040;2095
2037;2036;2083
2036;2048;2105
2039;2039;2030
2038;2048;2041
2030;2048;2048
2036;2048;2031
2035;2041;2029
2031;2039;2024
2036;2048;2010
2039;2048;2281
2037;2053;2085
2035;2048;2000
2035;2050;2050
2037;2039;2035
2035;2048;2048
2036;2048;2002
2035;2048;2032
2036;2048;2039
2035;2061;2051
2036;2048;2020
2035;2038;2027
2037;2041;1979
2037;2040;2088
2034;2048;2020
2038;2040;2039
2034;2048;2039
2035;2048;2030
2035;2037;2020
2035;2048;2022
2035;2039;2036
2035;2048;2035
2037;2041;2018
2034;2048;2005
2035;2051;2023
2033;2048;2086
2039;2039;2051
2035;2048;2028
2036;2048;2033
2033;2041;2006
2036;2048;2032
2038;2039;2026
2037;2048;2050
2031;2048;1998
2048;2048;2025
2035;2039;2029
2037;2048;2038
2035;2048;2031
2036;2040;2020
2034;2048;2025
2036;2040;2062
2036;2048;2030
2034;2048;2059
2035;2048;2019
2037;2048;2019
2037;2048;2016
2035;2048;2026
2035;2048;2048
2035;2049;2022
2035;2035;2053
2037;2051;2025
2035;2038;2061
2035;2048;1989
2034;2039;2020
2037;2048;2022
2035;2039;2019
2036;2037;2017
2036;2048;2015
2035;2039;1999
2034;2048;1998
2028;2039;2031
2037;2048;2015
2035;2048;1980
2034;2048;2005
2037;2048;2031
2035;2048;1993
2035;2048;1993
2033;2048;2063
2035;2050;2037
2037;2048;2021
2033;2048;1987
2037;2036;2032
2036;2035;2023
2036;2037;2018
2037;2048;2024
2036;2048;2033
2036;2041;1992
2036;2048;2041
2035;2048;2026
2035;2049;1999
2036;2048;2078
2034;2059;2007
2037;2041;2063
2034;2048;2027
2041;2041;2030
2035;2048;2022
2034;2048;2015
2037;2048;2020
2035;2052;2017
2035;2048;2071
2035;2048;2039
2034;2031;1960
2037;2048;2107
2034;2035;2039
2048;2048;2050
2037;2048;2011
2033;2048;2029
2036;2048;2070
2034;2048;2060
2036;2048;2038
2035;2039;2018
2034;2049;2039
2034;2048;1971
2035;2048;2076
2037;2048;2086
2036;2048;2035
2033;2048;2037
2037;2048;2049
2037;2048;2015
2035;2048;2107
2027;2039;2038
2035;2039;2070
2035;2038;2039
2035;2037;2103
2036;2048;2085
2034;2048;2006
2037;2048;2088
2036;2048;2070
2035;2038;2087
2037;2048;2091
2035;2048;2084
2036;2051;2023
2036;2052;2064
2035;2049;2041
2037;2040;2056
2035;2048;2059
2036;2048;2020
2035;2048;2038
2037;2052;2085
2034;2048;2034
2036;2051;2089
2039;2030;2052
2035;2041;2068
2036;2037;2011
2033;2048;2021
2035;2049;2034
2034;2048;2022
2037;2048;2050
2035;2037;2049
2034;2048;2040
2037;2048;2112
2036;2048;2098
2036;2048;1972
2035;2048;2148
2036;2039;2048
2035;2048;2068
2034;2048;2054
2036;2050;2035
2036;2038;2077
2037;2048;2032
2035;2039;2054
2036;2039;2080
2037;2048;2049
2037;2038;2059
2036;2048;2120
2035;2048;2077
2039;2048;2024
2035;2048;2102
2036;2036;2072
2037;2041;2027
2036;2048;2027
2048;2048;2010
2035;2048;2005
2036;2048;2048
2037;2048;2106
2037;2048;2030
2035;2033;2049
2034;2048;2030
2036;2051;2066
2036;2048;2055
2038;2048;2053
2035;2036;2030
2038;2048;2013
2035;2048;2065
2036;2048;2039
2035;2048;2041
2036;2048;2102
2035;2048;2048
2035;2035;2027
2035;2054;2029
2036;2051;2037
2035;2050;1993
2035;2048;2005
2037;2048;2039
2035;2048;2026
2027;2060;2023
2036;2048;2027
2035;2048;2039
2034;2053;2098
2035;2048;2048
2037;2040;2067
2039;2041;2027
2037;2048;2038
2034;2038;2031
2049;2039;2034
2037;2048;2016
2035;2055;2025
2036;2040;2025
2037;2033;2048
2036;2048;2048
2037;2048;2011
2033;2055;2103
2035;2048;2006
2035;2048;2024
2036;2048;2051
2034;2048;2027
2037;2048;2023
2035;2048;2033
2037;2052;2011
2035;2048;2027
2036;2039;2031
2037;2038;1999
2036;2048;2005
2038;2048;2098
2035;2039;2048
2035;2048;2034
2035;2048;2036
2037;2048;2027
2037;2031;2048
2037;2048;2039
2036;2048;1982
2036;2048;1985
2037;2049;2080
2035;2056;2017
2037;2048;2025
2035;2048;2031
2035;2040;2027
2035;2048;2030
2037;2053;2006
2037;2041;2035
2037;2048;2013
2037;2035;2011
2036;2048;2048
2036;2048;2024
2035;2048;2036
2035;2039;2019
2035;2041;2013
2037;2048;2054
2037;2031;2036
2034;2037;2031
2035;2048;2006
2036;2039;2019
2036;2048;1979
2036;2048;2065
2036;2048;2007
2036;2049;2011
2037;2041;2023
2036;2049;2030
2034;2049;1999
2038;2048;2022
2036;2048;2071
2035;2036;1999
2038;2038;2066
2034;2041;2002
2035;2038;2039
2028;2041;2015
2036;2048;2019
2035;2041;2015
2035;2036;2038
2037;2041;2022
2035;2048;2013
2031;2052;2014
2038;2041;1970
2037;2048;2007
2035;2048;2022
2035;2048;2035
2036;2037;2022
2039;2048;2033
2035;2051;1997
2039;2048;2027
2034;2041;2048
2034;2036;2035
2035;2039;2030
2048;2048;2022
2036;2038;2031
2035;2053;2025
2037;2048;2005
2037;2048;2017
2035;2034;2076
2038;2041;2021
2034;2041;2017
2035;2049;2007
2037;2060;1990
2036;2048;2004
2035;2050;2007
2037;2048;2035
2037;2048;2069
2035;2048;2013
2036;2048;2048
2036;2048;2039
2036;2048;2073
2028;2048;2126
2036;2048;2031
2034;2048;2025
2035;2027;2010
2035;2037;2024
2037;2048;2015
2038;2048;2036
2036;2048;2063
2035;2048;2013
2037;2039;2041
2037;2048;2060
2039;2048;2124
2035;2048;2029
2036;2042;2010
2035;2048;2030
2037;2048;2015
2039;2048;2021
2034;2041;2029
2037;2048;2061
2036;2048;2039
2036;2040;2027
2037;2048;2019
2036;2039;2048
2035;2034;2017
2035;2039;2051
2036;2048;2060
2036;2048;2052
2036;2040;2048
2035;2048;2039
2037;2039;2037
2029;2048;1993
2037;2048;2070
2035;2041;2027
2035;2048;2049
2036;2049;2040
2038;2048;2048
2035;2048;2051
2036;2048;2048
2037;2049;2050
2031;2048;2049
2037;2040;2025
2035;2048;2051
2035;2048;1940
2036;2048;2060
2035;2040;2022
2036;2039;2037
2038;2048;2023
2036;2048;2117
2037;2048;2048
2037;2037;2057
2035;2048;2101
2035;2048;2124
2037;2048;2048
2039;2048;2030
2035;2048;2015
2038;2048;2049
2037;2048;2036
2035;2048;2037
2038;2048;2033
2036;2048;2019
2036;2048;2100
2035;2038;2037
2037;2048;2000
2036;2041;2048
2037;2048;2048
2037;2039;2021
2037;2048;2037
2036;2048;2048
2034;2038;2051
2035;2037;2034
2035;2048;2033
2034;2051;2072
2034;2041;2028
2034;2048;2040
2034;2041;2020
2035;2048;2048
2036;2048;2020
2033;2048;2031
2037;2048;2048
2035;2048;2031
2037;2036;2050
2031;2048;1993
2035;2048;1993
2036;2048;2026
2035;2041;2037
2037;2038;2038
2036;2048;2048
2037;2048;2036
2034;2040;2058
2035;2042;2008
2036;2040;2003
2036;2048;2058
2034;2039;2039
2035;2048;2011
2036;2048;2001
2035;2048;2029
2035;2048;2051
2036;2048;2029
2036;2048;2039
2038;2048;2012
2038;2048;2023
2037;2037;2074
2037;2048;2001
2037;2039;2004
2035;2041;2001
2035;2039;2030
2035;2041;2007
2037;2039;2007
2035;2039;2002
2036;2048;2025
2035;2041;2030
2035;2048;1991
2037;2048;2007
2037;2048;2013
2039;2048;2013
2035;2048;1992
2037;2049;2016
2035;2040;2017
2036;2048;2030
2037;2048;2019
2035;2048;2061
2038;2034;2048
2037;2048;2007
2035;2040;2017
2035;2048;1985
2037;2039;1984
2038;2040;2026
2035;2048;2004
2034;2048;1999
2034;2048;2020
2035;2039;2040
2036;2048;1991
2035;2048;2084
2038;2039;2031
2035;2048;2037
2035;2048;2008
2037;2048;2018
2035;2048;1994
2037;2048;2049
2036;2040;1995
2036;2048;2048
2036;2037;1975
2036;2048;2027
2036;2041;2057
2038;2037;2020
2040;2037;2035
2034;2054;2019
2036;2048;2030
2037;2037;2027
2036;2048;2007
2035;2037;2001
2037;2048;2048
2034;2048;2039
2027;2041;2041
2037;2048;2007
2035;2048;2068
2037;2048;2048
2036;2041;2059
2038;2048;2010
2037;2048;2019
2036;2048;2025
2037;2039;2030
2036;2048;2006
2037;2048;2048
2061;2048;2007
2037;2041;2027
2037;2041;2015
2036;2048;2026
2038;2038;2031
2038;2048;2017
2034;2048;2017
2035;2048;2027
2035;2048;2031
2034;2048;2025
2033;2048;2003
2035;2048;2015
2037;2050;2004
2035;2048;2007
2035;2050;2115
2037;2039;2048
2035;2048;2057
2035;2033;1994
2037;2039;2031
2035;2038;2058
2039;2048;2062
2035;2040;2048
2034;2048;2051
2038;2039;2063
2036;2037;2092
2035;2048;2088
2037;2039;2083
2035;2048;2009
2035;2048;2055
2035;2048;2048
2037;2048;2039
2037;2048;2024
2036;2048;2021
2037;2048;2054
2037;2050;2051
2035;2048;2069
2036;2039;2028
2036;2034;2018
2035;2048;2110
2037;2037;2080
2035;2041;2090
2036;2039;2097
2035;2040;2078
2035;2048;2029
2036;2035;2036
2033;2048;2027
2036;2048;2089
2034;2048;2048
2031;2048;2086
2035;2048;2063
2035;2048;2094
2037;2048;2035
2036;2048;2031
2035;2054;2021
2035;2049;2025
2037;2040;2048
2035;2040;2008
2036;2035;2002
2039;2048;2069
2037;2037;2054
2035;2048;2033
2036;2048;2085
2038;2048;2027
2035;2039;2107
2038;2031;2107
2037;2048;2059
2039;2048;2106
2035;2048;2261
2037;2048;2004
2036;2295;2057
2039;2048;2059
2033;2048;2035
2035;2048;2030
2037;2048;2105
2036;2051;2039
2036;2048;2104
2037;2039;2097
2035;2037;1998
2037;2048;2076
2037;2048;2039
2034;2048;2057
2037;2048;2048
2037;2040;2029
2035;2020;2048
2037;2035;2053
2036;2048;2017
2036;2048;2073
2035;2048;2095
2037;2048;2035
2037;2048;1984
2037;2048;2048
2038;2048;2068
2035;2048;2056
2035;2048;2078
2037;2049;2021
2037;2048;2048
2035;2040;2031
2038;2037;2001
2035;2039;2004
2036;2048;2095
2035;2048;2061
2038;2040;2051
2035;2029;2063
2037;2048;2035
2036;2033;2055
2035;2048;2015
2037;2048;2039
2037;2048;2080
2037;2048;2025
2036;2048;2028
2037;2048;2030
2034;2048;1999
2036;2048;2019
2036;2048;2003
2037;2049;2014
2036;2048;2041
2035;2035;2048
2037;2035;2015
2036;2048;2019
2035;2041;2031
2037;2040;2008
2036;2048;2048
2036;2048;1995
2035;2039;2037
2037;2036;2065
2035;2048;2013
2035;2051;2015
2037;2048;2027
2036;2048;2048
2035;2041;2048
2035;2048;2048
2037;2048;2030
2036;2048;2052
2048;2048;2048
2035;2048;2067
2036;2048;2059
2035;2037;2081
2038;2035;2051
2036;2048;2111
2037;2036;2085
2034;2037;2041
2035;2041;2048
2036;2039;2059
2036;2048;2080
2037;2035;2039
2037;2048;2027
2037;2048;2071
2037;2048;2001
2037;2048;2008
2036;2048;2014
2037;2048;2039
2039;2041;2055
2036;2039;2048
2035;2048;2048
2035;2049;1964
2036;2048;2053
2036;2039;2037
2035;2041;2029
2036;2039;2036
2038;2048;2039
2048;2039;2024
2038;2048;2013
2038;2048;2021
2034;2048;1989
2037;2033;2008
2035;2048;2003
2038;2048;2048
2036;2048;2031
2035;2048;2011
2037;2039;2029
2036;2048;2038
2035;2048;2048
2037;2048;2075
2048;2048;2062
2037;2051;2005
2037;2048;2048
2037;2048;2063
2038;2041;1999
2035;2048;2048
2037;2048;2061
2037;2048;2037
2037;2048;2028
2035;2037;2041
2037;2048;2048
2037;2037;2061
2035;2048;2062
2035;2048;2027
2036;2048;2034
2036;2048;2019
2035;2048;2021
2035;2048;2031
2034;2039;2020
2036;2048;2014
2037;2048;2038
2037;2048;2048
2036;2048;2069
2034;2048;2090
2038;2038;2111
2048;2048;2078
2037;2048;2010
2038;2048;2018
2035;2039;2048
2030;2041;2007
2036;2048;2023
2037;2034;2015
2037;2040;2007
2036;2048;2035
2037;2048;2116
2035;2048;2058
2035;2048;2070
2036;2048;2031
2037;2048;2033
2036;2048;2048
2036;2042;2002
2038;2048;2001
2037;2048;2019
2035;2062;2018
2037;2036;2006
2036;2048;1998
2034;2048;2023
2037;2051;2031
2036;2048;2063
2037;2048;2050
2037;2035;2023
2039;2036;2048
2034;2048;2001
2037;2038;2022
2038;2049;2007
2036;2048;1973
2038;2048;2023
2036;2048;2027
2037;2048;2023
2036;2048;2048
2035;2048;2059
2037;2048;2017
2036;2048;2072
2038;2048;2034
2036;2048;2089
2036;2048;1983
2034;2048;1987
2038;2048;2011
2035;2048;2023
2037;2041;2038
2037;2042;2007
2035;2041;2048
2037;2035;2023
2037;2048;2035
2037;2051;2011
2036;2048;1997
2037;2048;2037
2039;2048;2006
2037;2048;2018
2036;2048;2021
2037;2048;2003
2037;2048;2033
2037;2048;2054
2035;2048;2022
2036;2048;2041
2037;2048;2026
2037;2048;2056
2036;2048;2004
2037;2039;2032
2036;2048;2029
2036;2048;1996
2035;2038;2011
2036;2037;2027
2034;2040;1995
2035;2040;2033
2037;2048;2041
2036;2048;2067
2038;2048;2029
2037;2048;2011
2036;2048;2019
2036;2048;2037
2040;2048;2033
2036;2048;2007
2036;2035;2021
2037;2048;2037
2038;2033;2007
2036;2048;2041
2036;2048;2027
2037;2039;2039
2036;2040;2048
2037;2040;2009
2036;2039;2022
2037;2048;2022
2035;2041;2048
2038;2048;2001
2037;2049;2048
2037;2040;2023
2038;2048;2007
2040;2048;2009
2036;2048;2039
2036;2048;2024
2037;2048;2029
2036;2048;2048
2039;2048;2066
2036;2048;2001
2037;2048;2018
2037;2048;2053
2037;2048;2012
2035;2048;2027
2036;2048;2001
2037;2039;2013
2036;2048;2013
2037;2037;2015
2036;2040;2006
2038;2048;2016
2036;2048;2037
2052;2041;2027
2035;2048;2026
2036;2048;2031
2036;2048;2019
2038;2048;2022
2037;2048;2006
2037;2049;1998
2037;2048;2070
2037;2048;2063
2037;2040;2063
2037;2048;1993
2037;2048;2005
2038;2048;2040
2035;2048;2048
2036;2048;2029
2037;2040;2036
2037;2048;2018
2056;2048;2015
2036;2048;2031
2036;2048;2061
2036;2048;1964
2035;2048;2067
2036;2048;2036
2037;2048;2022
2037;2048;2018
2031;2040;2023
2037;2048;2023
2037;2048;2009
2036;2048;1999
2039;2037;2023
2037;2048;2049
2037;2048;2034
2037;2048;2039
2039;2048;2049
2037;2048;2048
2037;2048;2054
2036;2048;2015
2037;2048;2021
2036;2048;2050
2036;2048;2010
2039;2048;2048
2036;2048;2004
2036;2048;2006
2037;2048;2018
2038;2048;2048
2036;2034;2025
2037;2029;2037
2037;2048;2048
2037;2049;2027
2038;2038;2063
2037;2048;2018
2040;2036;2015
2038;2048;2007
2038;2048;2020
2038;2048;2011
2038;2048;2015
2037;2038;2027
2037;2048;2048
2040;2048;2082
2039;2048;2031
2038;2048;2033
2039;2049;2015
2038;2048;2049
2037;2048;2010
2035;2048;2037
2039;2048;2048
2038;2049;2003
2037;2048;2040
2038;2048;2003
2039;2048;2065
2035;2048;2082
2038;2039;1994
2038;2048;2031
2037;2048;2023
2038;2048;2020
2040;2048;2034
2038;2041;2025
2039;2048;2024
2037;2041;2048
2038;2048;2023
2036;2048;2002
2038;2050;2062
2037;2048;2048
2039;2048;2082
2048;2050;2033
2039;2048;2052
2038;2050;2048
2038;2039;2018
2038;2048;2004
2038;2035;2012
2039;2052;2003
2038;2038;2003
2039;2048;2050
2039;2048;2018
2037;2048;2055
2041;2048;2027
2040;2048;2027
2039;2048;2027
2039;2048;2051
2039;2048;1977
2039;2048;2030
2037;2048;2001
2037;2048;2022
2031;2048;2048
2037;2048;1994
2038;2048;2025
2037;2051;2050
2038;2048;2039
2038;2048;2037
2038;2041;2068
2037;2048;2048
2038;2039;2048
2038;2048;2018
2039;2048;2019
2037;2048;2020
2048;2048;2014
2037;2038;1995
2037;2048;2038
2037;2048;2063
2037;2048;2037
2039;2048;2015
2038;2051;2041
2038;2061;2065
2038;2048;2022
2041;2048;2010
2039;2057;2034
2039;2051;2048
2037;2048;2036
2038;2048;2030
2036;2037;2020
