2010;2040;2053
2006;2036;1839
2006;2038;2038
2007;2036;2059
2007;2028;2055
2009;1937;2052
2009;2019;2009
2007;2023;2055
2006;2095;2385
2007;2048;2202
2007;2052;2104
2004;2040;1828
2007;2048;2034
2007;2048;2048
2006;2048;2053
2006;2170;2083
2007;2068;2070
2009;2066;2077
2006;2021;2469
2007;2020;2139
2003;2023;2067
2009;2038;1792
2007;2036;2035
2007;2039;2048
2007;2037;2037
2008;1938;1963
2011;2015;1986
2008;2020;1957
2006;2085;2439
2010;2049;2098
2008;2058;2159
2006;2048;1754
2009;2048;2048
2004;2048;2067
2008;2048;2058
2005;2177;2102
2004;2065;2038
2005;2067;2096
2007;2021;2367
2009;2025;2185
2007;2037;2139
2008;2039;1764
2009;2031;2048
2003;2038;2051
2007;2039;2048
2010;1937;1953
2007;2023;2090
2008;2023;2031
2008;2071;2409
2007;2054;2133
2005;2048;2179
2008;2041;1696
2007;2048;2028
2007;2048;2051
2005;2048;2053
2004;2162;2062
2007;2068;2077
2005;2060;2076
2014;2037;2237
2007;2018;2162
2008;2037;2095
2003;2033;1725
2009;2034;2024
2010;2037;2039
2007;2039;2038
2010;1935;2007
2009;2010;1983
2010;2018;2048
2007;2060;2295
2011;2059;2229
2007;2048;2131
2006;2038;1728
2007;2048;2031
2007;2048;2050
2008;2048;2048
2005;2162;2140
2006;2068;2063
2023;2056;2082
2003;2048;2299
2009;2013;2119
2005;2039;2052
2009;2037;1733
2010;2038;2048
2010;2035;2051
2009;2039;2051
2010;1933;1967
2009;2026;2014
2007;2037;2034
2008;2048;2163
2008;2056;2078
2015;2054;2027
2009;2048;1753
2012;2048;2033
2009;2050;2063
2006;2048;2066
2008;2157;2070
2013;2066;2095
2007;2053;2063
2007;2040;2159
2007;2015;2114
2011;2039;2109
2004;2025;1697
2009;2037;2048
2009;2037;2051
2008;2040;2048
2009;1950;2002
2008;2013;2027
2007;2030;2089
2007;2031;2088
2007;2077;2177
2010;2053;2134
2007;2039;1675
2005;2050;2035
2009;2048;2057
2009;2048;2049
2007;2150;2128
2009;2053;2035
2009;2048;2095
2007;2021;2070
2007;2009;2153
2009;2037;1988
2011;2023;1658
2015;2035;2031
2008;2039;2050
2008;2036;2048
2011;1955;1969
2009;2018;2061
2010;2036;2048
2007;2025;2031
2011;2079;2188
2009;2048;2083
2009;2039;1601
2011;2049;2048
2010;2048;2067
2007;2048;2064
2007;2143;2069
2009;2059;2069
2009;2048;2084
2010;2054;2051
2009;2004;2209
2009;2036;2013
2009;2021;1634
2007;2048;2038
2010;2039;2063
2011;2038;2061
2010;1976;2050
2010;2015;2001
2011;2040;1992
2011;2021;2000
2010;2074;2138
2011;2061;2058
2010;2039;1623
2009;2035;2027
2011;2048;2053
2007;2049;2061
2007;2131;2087
2007;2060;2095
2011;2039;2088
2005;2059;2090
2011;1999;2037
2011;2037;2050
2007;2018;1591
2009;2039;2027
2009;2039;2040
2009;2039;2049
2011;1993;2011
2010;2023;2004
2010;2048;2090
2010;2020;1981
2009;2074;2195
2013;2055;2074
2006;2048;1441
2011;2048;2007
2009;2048;2052
2009;2049;2038
2008;2112;2066
2007;2057;2070
2011;2029;2062
2014;2067;2115
2013;1995;2237
1994;2033;2048
2011;2012;1383
2010;2038;2011
2008;2036;2039
2013;2039;2033
2012;2002;1964
2011;2018;1953
2010;2040;2048
2010;2022;2008
2009;2078;2107
2010;2048;2051
2009;2048;1599
2007;2048;2033
2011;2048;2049
2012;2048;2048
2010;2088;2029
2010;2062;2058
2011;2029;2033
2009;2065;2090
2011;1986;2280
2023;2035;2216
2011;2005;1445
2011;2041;2013
2012;2039;2048
2009;2037;2040
2013;2012;2039
2010;2015;2039
2011;2048;2069
2011;2011;1999
2014;2088;2092
2011;2053;2095
2010;2048;1515
2010;2048;2009
2011;2048;2048
2015;2048;2048
2008;2088;2033
2010;2059;2074
2009;2025;2068
2011;2061;2067
2011;1994;2290
2011;2037;2001
2011;1999;1586
2010;2037;1998
2011;2039;2011
2011;2036;2048
2012;2031;2112
2011;2010;1970
2011;2050;2009
2011;2028;2026
2010;2077;2120
2008;2050;2077
2011;2056;1589
2011;2048;2011
2010;2041;2035
2011;2049;2048
2011;2066;2025
2009;2057;2014
2011;2022;2079
2011;2052;2079
2011;2009;2141
2011;2031;1950
2014;1999;1652
2015;2048;2005
2008;2041;2027
2012;2035;2033
2011;2036;2048
2013;2003;1995
2007;2054;1995
2009;2034;2014
2011;2088;2211
2012;2053;2060
2011;2057;1588
2010;2040;1999
2011;2048;2039
2011;2048;2039
2012;2048;2048
2008;2065;2067
2011;2021;2048
2013;2053;2025
2011;1987;2219
2029;2029;2080
2014;1983;1675
2012;2037;1995
2010;2039;2034
2013;2039;2048
2014;2037;2039
2011;2007;1994
2011;2051;2075
2011;2048;2029
2011;2080;2148
2011;2048;2153
2011;2061;1710
2011;2048;2011
2011;2040;2048
2011;2048;2039
2011;2049;2040
2013;2072;2080
2013;2023;1997
2010;2049;2072
2013;1986;2149
2011;2035;2011
2014;1999;1722
2014;2040;1986
2013;2048;2037
2011;2037;2048
2011;2035;2036
2013;2002;2017
2021;2051;2109
2010;2050;2020
2010;2080;2206
2010;2054;2101
2009;2065;1821
2009;2056;1991
2015;2048;2037
2009;2031;2031
2010;2048;2031
2010;2076;2077
2011;2026;2053
2011;2033;2102
2014;1980;2155
2015;2027;2015
2014;2005;1899
2009;2048;1975
2014;2040;2031
2013;2037;2036
2013;2038;2034
2013;1999;1983
2013;2050;2111
1995;2060;2029
2011;2080;2170
2012;2053;2072
2013;2069;1985
2013;2048;2007
2012;2048;2048
2010;2048;2029
2010;2048;2048
2013;2082;2033
2011;2031;2031
2011;2024;1995
2011;1979;2325
2010;2031;2066
2005;2011;1990
2014;2048;1979
2013;2039;2035
2013;2039;2041
2012;2031;2048
2014;2000;2020
2015;2050;2092
2015;2063;2095
2013;2075;2218
2009;2059;2121
2013;2067;2107
2009;2048;1987
2014;2048;2037
2011;2048;2059
2013;2048;2048
2011;2088;2041
2011;2036;2076
2013;2015;2027
2013;1983;2333
2007;2031;2027
2010;2022;2054
2013;2039;1976
2012;2048;2029
2012;2038;2029
2012;2037;2031
2013;1993;2022
2011;2048;2054
2015;2076;2081
2010;2080;2279
2011;2054;2029
2011;2059;2063
2002;2049;1970
2010;2048;2039
2011;2048;2033
2011;2048;2048
2010;2101;2048
2011;2048;2092
2013;2013;2015
2010;1983;2283
2013;2030;2021
2010;2024;2025
2011;2039;1970
2014;2041;2035
2012;2039;2029
2011;2038;2039
2017;1994;2037
2015;2051;2074
2007;2081;2104
2013;2071;2191
2013;2061;2034
2014;2067;2029
2013;2048;1975
2012;2040;2054
2014;2048;2054
2012;2048;2048
2011;2099;2082
2013;2035;2004
2015;2000;2006
2011;1977;2279
2019;2031;2183
2010;2027;2153
2013;2037;1952
2014;2037;2030
2014;2038;2048
2011;2035;2049
2015;1979;2004
2014;2039;2092
2015;2084;2090
2012;2070;2263
2015;2056;2030
2010;2063;2063
2012;2048;1985
2011;2048;2048
2014;2048;2048
2012;2048;2033
2009;2098;2075
2011;2039;2048
2012;1999;2035
2013;1978;2213
2011;2029;2109
2014;2031;2106
2015;2036;1962
2012;2038;2022
2013;2039;2036
2013;2035;2031
2015;1975;2017
2013;2048;2054
2014;2086;2141
2012;2072;2374
2015;2060;2202
2013;2052;2031
2011;2048;1968
2015;2048;2051
2013;2048;2041
2013;2048;2048
2010;2115;2114
2013;2048;2094
2007;2006;1997
2013;1983;2342
2014;2017;2048
2010;2030;2007
2011;2039;1967
2012;2032;2048
2013;2032;2048
2014;2038;2041
2014;1966;2049
2013;2031;2069
2015;2086;2098
2014;2071;2259
2011;2058;1901
2013;2052;1963
2013;2048;1989
2014;2048;2063
2014;2036;2073
2013;2048;2054
2012;2139;2071
2014;2052;2061
2013;2001;2037
2017;1980;2313
2015;2025;2048
2011;2035;2144
2012;2040;1971
2011;2048;2050
2012;2041;2056
2013;2036;2061
2013;1964;1987
1998;2037;2037
2015;2077;2084
2015;2077;2283
2013;2061;2177
2014;2056;1985
2013;2048;1956
2013;2048;2066
2016;2048;2063
2011;2052;2068
2011;2131;2137
2011;2067;2061
2013;2015;2038
2014;1973;2304
2011;2030;2142
2012;2035;2231
2013;2048;1946
2009;2048;2028
2013;2048;2059
2012;2048;2055
2013;1956;2074
2013;2028;2093
2011;2075;2102
2012;2079;2398
2013;2056;2063
2015;2050;2016
2012;2036;1931
2013;2048;2048
2012;2041;2054
2013;2048;2057
2012;2143;2114
2014;2062;2058
2015;2021;2048
2012;1976;2326
2013;2028;2105
2015;2048;2108
2013;2041;1900
2013;2048;2037
2015;2039;2035
2013;2048;2048
2012;1952;1969
2019;2029;2093
2014;2064;2113
2013;2084;2451
2015;2061;2067
2013;2056;1981
2012;2048;1949
2013;2048;2065
2013;2048;2055
2013;2048;2048
2013;2148;2073
2011;2064;2060
2014;2021;2039
2014;1975;2346
2013;2021;2085
2011;2024;2143
2015;2038;1887
2013;2048;2026
2015;2039;2036
2014;2039;2048
2014;1942;1958
2013;2017;2074
2012;2048;2053
2015;2078;2426
2013;2048;2120
2014;2056;2119
2015;2048;1919
2014;2048;2057
2014;2048;2048
2013;2035;2048
2013;2147;2093
2013;2068;2066
2011;2037;2057
2015;1978;2452
2014;2027;2094
2013;2031;2039
2013;2037;1891
2015;2040;2031
2015;2041;2033
2012;2039;2037
2014;1943;2006
2015;2011;2009
2005;2035;2066
2020;2096;2335
2013;2057;2115
2014;2038;1981
2012;2048;1897
2015;2048;2048
2012;2037;2057
2012;2039;2039
2012;2154;2139
2012;2063;2073
2013;2051;2079
2017;1987;2475
2014;2027;2118
2018;2034;2156
2014;2038;1869
2013;2038;2026
2013;2037;2036
2015;2048;2048
2015;1937;1997
2015;2025;2017
2015;2030;2076
2015;2094;2337
2014;2059;2119
2016;2052;2199
2014;2048;1898
2013;2038;2051
2015;2048;2049
2016;2049;2051
2014;2155;2124
2013;2062;2048
2015;2056;2105
2014;1970;2386
2009;2031;2130
2014;2034;2029
2013;2038;1873
2014;2048;2034
2013;2036;2033
2014;2039;2041
2017;1929;1948
2015;2015;1997
2013;2020;2048
2011;2089;2434
2015;2059;2147
2011;2059;2103
2014;2048;1907
2015;2051;2058
2013;2048;2061
2017;2048;2059
2011;2164;2140
2011;2062;2064
2012;2062;2096
2014;1990;2479
2015;2023;2057
2013;2031;2119
2019;2041;1875
2015;2033;2056
2013;2048;2056
2013;2038;2048
2017;1934;1928
2015;2010;2025
2017;2017;1994
2015;2092;2523
2015;2058;2063
2011;2057;1941
2015;2048;1847
2015;2048;2054
2013;2048;2065
2015;2048;2069
2013;2167;2126
2014;2071;2098
2016;2064;2061
2013;2002;2387
2013;2024;2068
2015;2034;2157
2018;2038;1877
2020;2036;2048
2015;2036;2054
2015;2039;2053
2017;1933;2058
2015;2008;1997
2013;2019;2010
2015;2096;2471
2013;2061;2177
2011;2059;1979
2012;2037;1823
2018;2048;2053
2015;2048;2068
2014;2048;2062
2015;2162;2090
2013;2069;2098
2014;2070;2073
2012;2007;2403
2013;2029;2146
2015;2027;1947
2013;2034;1874
2015;2037;2037
2014;2040;2048
2015;2039;2053
2017;1919;1926
2017;2011;1959
2016;2015;2007
2013;2093;2474
2015;2057;2026
2011;2055;1935
2014;2041;1843
2013;2049;2048
2026;2048;2051
2014;2048;2060
2011;2157;2061
2007;2061;2084
2014;2063;2065
2013;2018;2432
2012;2021;2101
2019;2033;2119
2014;2037;1824
2016;2032;2048
2012;2037;2029
2014;2039;2037
2016;1921;1925
2017;2007;1985
2015;2009;1974
2014;2085;2503
2017;2066;2182
2015;2053;2157
2014;2048;1731
2015;2051;2048
2016;2048;2053
2020;2048;2048
2011;2164;2081
2017;2066;2048
2006;2068;2114
2015;2025;2388
2013;2026;2134
2013;2035;2064
2014;2031;1791
2017;2036;2033
2005;2037;2039
2007;2039;2041
2016;1930;2003
2018;2015;2049
2020;2010;1987
2015;2082;2388
2014;2061;2025
2015;2055;2050
2014;2038;1778
2012;2048;2033
2014;2048;2048
2017;2048;2048
2015;2163;2058
2013;2064;2074
2013;2058;2039
2013;2035;2349
2016;2016;2140
2014;2032;2128
2014;2037;1685
2016;2035;2019
2015;2039;2056
2014;2037;2038
2015;1930;1997
2016;2015;2036
2015;2017;2005
2015;2084;2321
2012;2067;2121
2016;2048;2002
2012;2041;1781
2016;2051;2017
2016;2048;2048
2014;2048;2048
2011;2162;2097
2014;2065;2030
2014;2059;2129
2013;2053;2357
2015;2021;2113
2015;2035;2013
2015;2035;1655
2015;2036;2026
2003;2039;2039
2015;2038;2038
2017;1933;1966
2015;2014;2003
2014;2017;1925
2015;2079;2350
2015;2060;2121
2014;2057;1877
2015;2048;1664
2017;2050;2035
2015;2048;2048
2011;2048;2056
2013;2161;2073
2013;2063;2115
2015;2058;2075
2009;2048;2220
2015;2011;2238
2015;2028;2152
2018;2031;1711
2017;2035;2048
2013;2035;2050
2022;2041;2049
2017;1933;1938
2017;2015;1959
2014;2021;1986
2015;2050;2149
2013;2077;2184
2019;2056;2050
2016;2048;1738
2015;2051;2048
2015;2048;2055
2017;2051;2059
2012;2157;2098
2014;2068;2123
2013;2053;2066
2015;2053;2247
2013;2014;2181
2013;2040;2083
2015;2031;1653
2014;2048;2056
2015;2037;2060
2017;2035;2059
2019;1942;1957
2014;2014;1983
2015;2029;2029
2019;2048;2211
2013;2079;2159
2013;2055;2091
2017;2039;1553
2013;2048;2029
2006;2048;2073
2015;2048;2070
2012;2157;2121
2015;2066;2166
2015;2048;2084
2013;2052;2190
2014;2007;2085
2016;2038;2030
2017;2025;1627
2010;2035;2022
2015;2035;2027
2014;2031;2034
2016;1955;1965
2015;2007;2033
2016;2033;1995
2015;2031;1994
2015;2080;2151
2017;2055;2087
2016;2048;1667
2018;2048;2027
2014;2048;2052
2023;2049;2049
2012;2135;2017
2015;2062;2083
2015;2037;2057
2015;2058;2075
2013;2004;2071
2015;2039;2090
2015;2021;1534
2015;2039;2030
2015;2028;2038
2017;2032;2039
2015;1973;1979
2016;2013;2071
2017;2048;2071
2014;2028;2082
2015;2080;2176
2015;2048;2049
2014;2048;1645
2015;2048;2031
2013;2041;2060
2015;2048;2055
2015;2109;2048
2015;2057;2053
2014;2037;2129
2016;2071;2114
2015;1961;2185
2016;2033;2077
2015;2013;1495
2015;2035;2031
2017;2039;2068
2015;2034;2073
2017;1991;2048
2015;2021;2079
2017;2048;2066
2019;2020;1971
2013;2086;2138
2015;2052;2058
2015;2066;1589
2015;2048;2030
2017;2048;2048
2015;2048;2053
2014;2095;2074
2014;2064;2095
2014;2030;2078
2016;2063;2084
2031;1987;2266
2015;2035;2123
2015;2007;1486
2019;2041;2009
2015;2038;2048
2017;2031;2050
2017;2025;2108
2017;2015;2048
2017;2048;2048
2017;2024;1999
2012;2090;2152
2017;2051;2082
2017;2051;1451
2015;2048;2001
2015;2048;2048
2018;2048;2048
2014;2080;2017
2013;2070;2080
2016;2031;2063
2026;2065;2056
2014;1983;2236
2013;2035;1879
2015;2005;1566
2015;2048;1988
2016;2037;2033
2015;2035;2031
2018;2034;2073
2015;2015;2012
2017;2049;2119
2018;2031;2048
2017;2087;2172
2017;2052;2189
2015;2055;1479
2015;2048;2005
2016;2048;2037
2015;2048;2040
2018;2064;2025
2015;2065;2084
2016;2031;2083
2015;2060;2071
2014;1987;2208
2017;2027;2009
2018;2001;1654
2015;2048;2006
2017;2048;2032
2015;2035;2038
2017;2035;2048
2018;2022;2048
2015;2049;2048
2018;2039;2005
2018;2073;2160
2017;2048;2082
2015;2059;1525
2019;2048;2027
2015;2050;2041
2015;2037;2048
2016;2048;2038
2012;2069;2099
2017;2028;2013
2014;2049;2048
2015;1991;2143
2015;2026;2048
2018;2003;1769
2024;2039;2014
2015;2048;2055
2015;2035;2062
2016;2033;2048
2017;2015;2019
2023;2050;2048
2017;2051;2034
2018;2081;2138
2015;2055;2006
2015;2063;1770
2013;2048;2014
2015;2048;2057
2017;2048;2058
2015;2049;2062
2015;2069;2098
2015;2028;2095
2013;2051;2083
2018;1987;2229
2017;2029;2019
2018;2001;1715
2018;2048;1989
2018;2039;2037
2017;2037;2048
2016;2038;2061
2015;2017;2065
2019;2054;2037
2017;2053;2024
2015;2084;2182
2017;2048;2139
2016;2067;1892
2018;2048;2002
2015;2048;2053
2017;2048;2039
2017;2050;2058
2013;2075;2098
2015;2029;2018
2013;2034;2021
2019;1978;2183
2018;2032;2053
2017;2015;1907
2017;2042;1999
2015;2048;2048
2015;2038;2053
2017;2037;2048
2016;2019;2065
2017;2061;2056
2017;2062;2028
2015;2066;2186
2017;2061;1991
2015;2068;1980
2015;2048;2027
2016;2048;2060
2015;2048;2050
2016;2048;2049
2017;2084;2048
2017;2031;2026
2015;2023;2058
2018;1979;2300
2018;2031;2121
2016;2015;1971
2017;2040;1975
2015;2039;2048
2015;2041;2048
2015;2036;2063
2017;2012;2048
2017;2063;2048
2018;2074;2064
2017;2076;2155
2016;2063;2104
2015;2067;1931
2014;2048;1987
2016;2048;2052
2017;2048;2039
2014;2052;2054
2016;2081;2036
2017;2037;2026
2015;2014;2022
2018;1983;2260
2018;2031;2255
2018;2021;2173
2016;2048;1974
2017;2048;2037
2017;2038;2060
2017;2035;2051
2018;1999;2026
2019;2050;2058
2017;2082;2091
2017;2069;2216
2015;2061;2087
2014;2087;2048
2025;2048;2008
2025;2048;2059
2017;2048;2048
2017;2049;2048
2018;2092;2048
2017;2039;2082
2015;2008;2013
2018;1979;2274
2013;2027;2178
2017;2021;2055
2017;2038;1961
2017;2048;2037
2019;2035;2054
2017;2039;2039
2018;1996;2025
2011;2048;2057
2016;2081;2088
2016;2070;2247
2017;2055;1991
2015;2065;2168
2016;2048;1995
2015;2048;2066
2015;2039;2059
2015;2048;2048
2015;2102;2070
2017;2048;2055
2017;2003;1983
2015;1986;2377
2023;2030;2100
2025;2028;2126
2019;2039;1939
2015;2048;2031
2019;2039;2048
2015;2042;2058
2017;1985;1999
2017;2056;2069
2019;2082;2127
2015;2077;2272
2014;2048;2149
2015;2057;2124
2018;2048;1968
2015;2038;2039
2015;2048;2039
2013;2048;2033
2016;2105;2048
2017;2049;2100
2015;2001;2040
2017;1978;2390
2017;2035;2127
2019;2027;1972
2015;2040;1945
2018;2037;2034
2016;2033;2040
2015;2036;2048
2016;1982;2002
2015;2039;2067
2015;2075;2120
2018;2077;2398
2016;2061;2248
2014;2058;2083
2017;2048;1950
2016;2048;2051
2017;2039;2054
2015;2048;2048
2017;2121;2079
2018;2053;2063
2017;2004;2050
2019;1983;2435
2015;2029;2183
2019;2023;2015
2017;2048;1919
2019;2048;2034
2015;2048;1793
2017;2048;2051
2019;1969;2032
2015;2031;2026
2017;2073;2091
2019;2057;2351
2020;2057;2191
2018;2052;2134
2016;2048;1923
2016;2048;2052
2020;2041;2048
2016;2048;2048
2016;2150;2125
2017;2053;2103
2018;2009;2029
2018;1985;2247
2015;2024;2081
2015;2033;2033
2017;2048;1941
2018;2037;2020
2019;2039;2029
2018;2039;2028
2019;1961;1944
2019;2029;2034
2019;2065;2078
2019;2077;2337
2018;2065;2181
2017;2053;2072
2015;2040;1949
2015;2039;2048
2017;2048;2052
2018;2049;2048
2017;2129;2080
2015;2063;2039
2017;2017;2037
2018;1981;2460
2019;2027;2174
2017;2030;2131
2019;2038;1984
2015;2039;2048
2016;2039;2037
2023;2048;2048
2020;1949;1951
2018;2023;2035
2015;2065;2060
2015;2076;2455
2022;2048;2109
2019;2048;1621
2018;2048;2000
2018;2039;2069
2018;2041;2075
2018;2048;2055
2019;2140;2105
2017;2065;2052
2018;2021;2055
2018;1983;2352
2019;2026;2116
2018;2038;2048
2015;2040;1956
2018;2040;2048
2018;2048;2048
2016;2041;2066
2019;1942;1943
2018;2029;2030
2018;2048;2083
2015;2077;2386
2015;2056;2071
2015;2057;2051
2000;2048;1941
2017;2049;2059
2017;2041;2061
2017;2048;2065
2016;2137;2075
2017;2059;2057
2018;2028;2059
2017;1986;2368
2016;2027;2064
2016;2034;2109
2015;2039;1929
2023;2048;2048
2017;2037;2048
2017;2048;2049
2021;1939;2015
2016;2025;1993
2018;2038;2079
2018;2083;2503
2018;2057;2157
2019;2053;2082
2018;2048;1919
2019;2048;2053
2017;2039;2059
2018;2049;2057
2014;2146;2133
2016;2057;2040
2015;2038;2106
2016;1985;2509
2018;2015;2023
2014;2038;2036
2018;2048;1874
2017;2039;2048
2018;2037;2050
2015;2048;2050
2021;1939;1983
2016;2012;2001
2017;2026;2038
2017;2089;2515
2017;2070;2129
2015;2055;2059
2020;2038;1873
2014;2048;2058
2015;2041;2048
2015;2048;2058
2014;2148;2128
2016;2068;2061
2015;2051;2080
2019;1989;2423
2019;2021;2176
2019;2026;2038
2016;2048;1872
2019;2048;2048
2018;2048;2055
2015;2038;2048
2020;1930;1907
2019;2011;1948
2019;2024;2029
2013;2094;2443
2019;2057;2157
2017;2048;2097
2019;2048;1871
2017;2048;2056
2017;2048;2067
2018;2048;2073
2015;2149;2094
2017;2059;2064
2016;2063;2122
2015;1992;2528
2016;2025;2132
2015;2038;2025
2017;2038;1851
2015;2037;2039
2018;2048;2082
2017;2041;2057
2017;1933;1961
2018;2013;1961
2021;2018;1996
2017;2093;2366
2017;2048;2227
2017;2058;2003
2016;2041;1775
2015;2049;2040
2021;2048;2059
2019;2048;2056
2015;2149;2100
2015;2061;2049
2015;2062;2065
2015;1998;2137
2017;2027;2048
2017;2034;2034
2017;2048;1839
2018;2036;2040
1991;2048;2031
2013;2039;2027
2018;1933;1929
2017;2007;1978
2019;2015;1983
2017;2083;2313
2019;2059;2098
2018;2048;2087
2015;2035;1769
2019;2049;2031
2015;2041;2035
2018;2053;2036
2015;2154;2093
2016;2063;2075
2019;2061;2091
2018;2037;2459
2023;2023;2069
2020;2024;2035
2017;2037;1821
2018;2037;2057
2020;2035;2057
2013;2048;2058
2019;1937;1903
2019;2010;2010
2019;2013;2013
2017;2078;2391
2021;2061;2212
2018;2058;2037
2018;2037;1793
2015;2051;2048
2017;2041;2054
2021;2048;2057
2015;2146;2053
2015;2064;2120
2017;2055;2050
2018;2031;2354
2018;2012;2033
2018;2032;2052
2018;2031;1827
2018;2031;2054
2018;2041;2048
2018;2033;2055
2020;1933;1927
2021;2016;2048
2020;2022;2010
2018;2076;2425
2021;2061;2231
2019;2049;2008
2017;2039;1735
2016;2051;2006
2019;2048;2048
2018;2048;2048
2017;2149;2069
2015;2062;2051
2017;2050;2118
2016;2039;2354
2017;2015;2163
2019;2038;2083
2018;2027;1735
2012;2035;2015
2019;2035;2030
2024;2048;2024
2021;1933;1979
2017;2013;1983
2018;2029;1989
2019;2067;2339
2020;2067;2136
2019;2052;2005
2018;2040;1812
2017;2048;2048
2017;2048;2051
2019;2048;2065
2021;2151;2102
2019;2063;2102
2018;2058;2051
2017;2048;2185
2019;2015;2061
2017;2036;2161
2019;2033;1676
2017;2033;2040
2019;2036;2054
2021;2039;2054
2018;1948;2006
2018;2015;2021
2019;2024;1991
2015;2053;2287
2018;2061;2063
2017;2048;1995
2017;2059;1714
2018;2049;2036
2018;2048;2051
2017;2048;2054
2016;2144;2078
2014;2063;2048
2018;2048;2057
2016;2051;2079
2018;2011;2098
2018;2048;2095
2015;2026;1612
2017;2040;2015
2021;2039;2048
2026;2037;2031
2019;1942;2005
2020;2015;2015
2017;2027;1989
2015;2039;2051
2017;2071;2099
2017;2050;2078
2017;2037;1663
2016;2050;2017
2015;2048;2037
2025;2059;2049
2013;2139;2081
2017;2068;2098
2016;2048;2097
2018;2054;2156
2015;2013;2276
2019;2036;2155
2021;2035;1425
2020;2039;2031
2017;2037;2063
2017;2039;2066
2018;1975;1949
2018;2023;1950
2017;2040;1979
2017;2034;2039
2015;2073;2018
2018;2048;1992
2018;2048;1630
2016;2048;2030
2016;2048;2065
2018;2040;2063
2015;2125;2036
2015;2063;2117
2018;2048;2050
2018;2061;2115
2020;1998;2117
2017;2037;2063
2018;2018;1445
2019;2041;2019
2019;2048;2048
2016;2035;2031
2020;1983;1997
2018;2017;2019
2020;2048;2013
2018;2026;1983
2018;2082;2247
2016;2051;2081
2019;2048;1417
2018;2048;1998
2019;2048;2051
2017;2049;2048
2017;2111;2079
2015;2059;2048
2017;2032;2060
2017;2063;2063
2020;2001;2098
2021;2035;2088
2019;2012;1483
2018;2048;2004
2018;2038;2036
2017;2037;2033
2021;2011;2033
2019;2019;2005
2017;2048;2067
2019;2024;1977
2021;2074;2115
2022;2053;2034
2017;2051;1629
2012;2050;2023
2018;2048;2048
2018;2048;2035
2017;2079;2048
2018;2060;2093
2015;2029;2021
2019;2059;2103
2021;1998;2243
2019;2029;2103
2031;2019;1456
2018;2038;2019
2018;2048;2060
2019;2037;2062
2018;2031;2048
2017;2015;2077
2018;2051;2147
2020;2029;1978
2015;2080;2235
2015;2051;2109
2019;2053;1641
2017;2048;2048
2017;2048;2069
2016;2048;2070
2017;2075;2079
2019;2060;2048
2015;2035;2071
2017;2055;2072
2020;1988;2282
2017;2025;2008
2019;2005;1577
2021;2048;2010
2018;2037;2052
2018;2034;2063
2019;2036;2099
2019;2018;2014
2018;2052;2021
2017;2027;2003
2013;2082;2221
2019;2055;2038
2018;2051;1541
2018;2037;2013
2017;2048;2050
2018;2049;2048
2018;2054;2055
2018;2057;2048
2015;2030;2048
2015;2058;2114
2024;2003;2282
2017;2028;2034
2020;2010;1586
2020;2039;1995
2017;2036;2039
2018;2035;2038
2015;2035;2053
2020;2015;2048
2017;2048;2070
2021;2041;1984
2015;2082;2081
2020;2050;2075
2018;2048;1675
2018;2048;1999
2019;2048;2048
2018;2048;2030
2019;2048;2029
2018;2063;2054
2014;2041;2071
2018;2056;2111
2020;1972;2171
2016;2036;2162
2019;2005;1563
2019;2048;1983
2018;2040;2024
2019;2036;2036
2017;2037;2024
2019;2013;2022
2018;2074;2062
2018;2038;2026
2021;2068;2335
2017;2055;2122
2019;2059;1587
2019;2048;1987
2017;2048;2037
2017;2048;2036
2018;2048;2040
2015;2067;2087
2017;2035;2106
2018;2048;2048
2019;1998;2141
2017;2034;2103
2018;2010;1877
2019;2040;1990
2018;2037;2048
2021;2041;2037
2019;2040;2036
2020;2010;1993
2018;2048;2079
2018;2051;2056
2018;2077;2258
2016;2056;2139
2016;2064;1799
2018;2048;2009
2018;2048;2049
2018;2048;2062
2020;2048;2048
2019;2076;2048
2017;2033;2004
2018;2039;2105
2018;1997;2250
2020;2039;2061
2021;2008;1919
2019;2048;2010
2018;2048;2059
2019;2036;2071
2021;2033;2048
2018;2009;2029
2020;2029;2123
2019;2062;2080
2017;2071;2176
2019;2039;2071
2018;2068;1903
2029;2048;1999
2017;2051;2077
2017;2048;2069
2020;2053;2062
2020;2074;2075
2021;2048;2101
2019;2036;2031
2017;1987;2373
2018;2034;2078
2019;2019;2001
2022;2037;2009
2016;2048;2085
2017;2037;2064
2016;2038;2064
2019;2009;2005
2019;2048;2082
2020;2071;2067
2018;2067;2240
2019;2057;2094
2017;2065;2064
2019;2048;1987
2017;2038;2060
2010;2048;2066
2018;2049;2065
2017;2082;2105
2018;2036;2036
2019;2014;2027
2025;1989;2233
2018;2037;2180
2017;2033;2090
2021;2039;1979
2018;2040;2048
2018;2295;2056
2019;2039;2064
2019;2007;2107
2017;2048;2092
2018;2067;2069
2017;2064;2279
2019;2053;2213
2015;2063;2055
2019;2040;1995
2020;2048;2056
2017;2048;2048
2018;2048;2048
2017;2079;2091
2019;2048;2022
2018;2019;2019
2022;1989;2254
2019;2032;2083
2018;2020;2140
2019;2059;1971
2022;2048;2048
2019;2029;2041
2015;2033;2037
2020;2009;2013
2021;2050;2069
2018;2067;2115
2019;2066;2235
2018;2063;2083
2018;2056;2048
2017;2048;1990
2018;2048;2071
2019;2037;2053
2017;2048;2035
2018;2095;2074
2015;2048;2037
2018;2012;2049
2013;2003;2234
2019;2031;2087
2016;2026;2048
2021;2037;1984
2017;2038;2035
2020;2048;2048
2019;2034;2048
2021;2001;2021
2019;2050;2118
2020;2075;2100
2018;2064;2322
2019;2048;2077
2017;2048;2011
2017;2039;1959
2019;2048;2052
2018;2048;2054
2017;2050;2050
2021;2089;2094
2017;2050;2029
2018;2009;2038
2021;1996;2267
2017;2025;1984
2020;2037;2097
2019;2048;1951
2018;2037;2033
2020;2034;2032
2017;2048;2055
2018;1989;1987
2021;2038;2088
2016;2075;2112
2017;2067;2291
2018;2051;2116
2017;2058;2083
2018;2048;1966
2019;2048;2039
2021;2048;2037
1999;2053;2048
2017;2090;2052
2017;2053;2069
2018;2012;1978
2020;1996;2337
2018;2025;2053
2020;2034;1921
2018;2037;1918
2013;2041;2016
2014;2048;2026
2019;2039;2036
2021;1989;1979
2015;2029;2039
2018;2068;2149
2018;2067;2312
2018;2063;2048
2017;2048;2077
2019;2048;1974
2017;2039;2034
2018;2048;2039
2021;2048;2049
2018;2098;2075
2017;2048;2063
2019;2015;2000
2017;2002;2366
2020;2029;1978
2018;2031;2138
2021;2040;1907
2018;2048;2037
2019;2039;2035
2019;2038;2048
2019;1986;1961
2020;2029;1973
2019;2057;2123
2019;2069;2258
2017;2050;2106
2020;2053;2112
2020;2048;1951
2020;2049;2049
2018;2036;2061
2021;2048;2048
2021;2111;2093
2017;2056;2058
2019;2015;2013
2020;1989;2394
2023;2024;2165
2022;2034;2109
2019;2048;1896
2028;2038;2023
2019;2039;2048
2008;2039;2048
2021;1975;1930
2019;2026;2084
2020;2048;2114
2010;2076;2382
2018;2052;1979
2017;2056;2040
2020;2048;1931
2019;2037;2048
2018;2048;2048
2017;2048;2048
2017;2111;2116
2017;2059;2060
2017;2024;2013
2020;1991;2359
2017;2031;2007
2019;2031;2065
2019;2040;1916
2017;2039;2024
2018;2035;2024
2017;2048;2036
2018;1972;1923
2019;2026;1949
2020;2041;2122
2019;2066;2322
2015;2062;2164
2019;2055;2049
2017;2039;1923
2019;2048;2048
2018;2048;2048
2017;2048;2034
2018;2116;2100
2015;2059;2095
2017;2035;2029
2019;2002;2398
2016;2038;2103
2021;2028;2020
2024;2039;1921
2016;2039;2028
2019;2037;2039
2018;2048;2039
2021;1980;1914
2018;2031;1993
2019;2037;2091
2018;2071;2298
2020;2055;2018
2019;2051;2066
2020;2048;1951
2022;2036;2053
2020;2048;2056
2020;2049;2048
2018;2118;2087
2017;2059;2033
2018;2036;2021
2017;1997;2389
2019;2028;2103
2019;2036;2021
2020;2023;1861
2018;2048;2014
2018;2048;2038
2018;2048;2048
2021;1960;1967
2020;2022;1983
2019;2036;2002
2017;2073;2399
2017;2053;2058
2024;2055;1993
2039;2048;1911
2018;2041;2033
2020;2049;2033
2019;2048;2037
2018;2115;2177
2020;2060;2058
2019;2053;2021
2019;2002;2302
2017;2033;2063
2015;2029;2014
2019;2038;1903
2019;2035;2024
2019;2041;2031
2019;2039;2026
2021;1966;1931
2018;2021;1983
2019;2023;2019
2019;2073;2451
2016;2057;2194
2023;2049;2184
2019;2048;1850
2019;2048;2048
2019;2048;2049
2019;2048;2038
2019;2122;2066
2015;2062;2035
2019;2052;2013
2020;2010;2488
2018;2035;2149
2020;2041;2075
2018;2037;1823
2018;2039;2036
2019;2034;2064
2021;2042;2048
2020;1966;1936
2023;2020;1994
2019;2022;2030
2021;2073;2333
2022;2051;2136
2018;2051;2106
2017;2048;1836
2018;2039;2036
2020;2050;2055
2018;2037;2071
2017;2119;2089
2018;2077;2099
2021;2048;2086
2017;2002;2429
2019;2032;2005
2022;2048;2115
2020;2039;1821
2019;2034;2024
2021;2039;2053
2019;2039;2061
2019;1961;1964
2021;2017;1963
2019;2021;1999
2020;2069;2523
2019;2058;2280
2018;2048;2078
2019;2048;1863
2020;2052;2053
2018;2048;2048
2019;2048;2053
2018;2118;2050
2018;2066;2134
2018;2058;2141
2020;2010;2359
2018;2036;2049
2021;2015;2108
2019;2038;1817
2023;2039;2032
2019;2048;2049
2021;2048;2048
2021;1965;2002
2020;2021;2020
2023;2020;1978
2019;2075;2440
2021;2051;2211
2017;2053;1959
2019;2048;1853
2019;2048;2055
2016;2048;2060
2021;2048;2064
2019;2115;2075
2017;2065;2106
2019;2059;2077
2023;2027;2442
2023;2029;2149
2018;2037;2083
2023;2039;1737
2019;2033;2048
2020;2048;2063
2020;2048;2053
2021;1968;1965
2023;2021;1999
2021;2020;2017
2015;2072;2440
2023;2048;2139
2015;2049;2054
2020;2048;1779
2021;2048;2048
2021;2048;2071
2019;2048;2066
2020;2117;2160
2018;2063;2048
2020;2057;2051
2017;2038;2403
2020;2021;2048
2019;2036;2027
2020;2039;1775
2020;2037;2030
2020;2041;2048
2021;2048;2048
2023;1965;1943
2021;2010;1995
2024;2021;1978
2020;2071;2444
2018;2053;2052
2021;2060;2053
2019;2051;1783
2019;2048;2040
2021;2048;2054
2019;2048;2059
2021;2119;2048
2020;2060;2025
2014;2055;2055
2023;2048;2346
2018;2029;2181
2019;2048;2156
2020;2038;1807
2018;2035;2055
2023;2039;2056
2019;2048;2058
2023;1965;1960
2023;2017;2006
2022;2026;2048
2019;2067;2354
2020;2060;2181
2020;2039;1991
2020;2048;1737
2019;2033;2048
2019;2048;2073
2018;2048;2075
2018;2114;2133
2023;2069;2105
2016;2056;2085
2021;2041;2326
2019;2037;2211
2019;2038;2086
2021;2036;1787
2021;2051;2053
2020;2042;2058
2020;2039;2055
2022;1972;1992
2020;2018;2066
2021;2031;2087
2018;2049;2233
2019;2058;2143
2021;2057;2010
2020;2040;1779
2019;2048;2053
2020;2053;2075
2021;2048;2068
2018;2114;2123
2020;2066;2060
2019;2060;2101
2022;2054;2171
2021;2026;2131
2019;2035;1969
2019;2035;1745
2019;2040;2048
2023;2048;2059
2020;2033;2062
2019;1980;1959
2020;2025;1999
2021;2025;2012
2021;2050;2202
2022;2062;2188
2023;2048;2102
2021;2048;1723
2019;2048;2033
2021;2048;2041
2018;2048;2058
2021;2108;2060
2020;2064;2143
2019;2053;2088
2024;2059;2145
2023;2023;2218
2023;2037;1945
2022;2035;1710
2022;2034;2048
2021;2048;2051
2022;2032;2053
2026;1967;1952
2023;2027;1975
2026;2012;2017
2022;2048;2071
2021;2067;2161
2019;2060;2060
2023;2048;1713
2022;2048;2048
2023;2048;2065
2024;2056;2054
2026;2113;2056
2024;2068;2101
2022;2055;2078
2027;2056;2080
2025;2023;2180
2026;2039;2061
2023;2033;1707
2025;2031;2048
2025;2048;2063
2023;2037;2066
2025;1993;2020
2028;2026;2024
2027;2038;2008
2027;2027;2048
2025;2061;2125
2029;2051;2123
2026;2048;1691
2027;2048;2048
2024;2048;2078
2024;2048;2072
2027;2103;2139
2022;2068;2111
2023;2051;2085
2023;2031;2072
2026;2001;2237
2026;2048;2107
2026;2033;1528
2026;2036;2027
2024;2048;2066
2027;2038;2048
2019;2002;2014
2029;2021;2039
2026;2035;2074
2027;2031;2063
2026;2072;2229
2029;2048;2026
2026;2048;1621
2025;2048;2033
2026;2048;2051
2027;2048;2060
2022;2091;2048
2025;2069;2037
2028;2048;2091
2026;2062;2080
2027;2018;2185
2026;2039;1949
2027;2029;1549
2027;2041;2031
2026;2036;2038
2027;2048;2053
2029;1999;2054
2027;2020;2062
2026;2036;2010
2028;2030;2009
2024;2067;2239
2029;2048;2048
2026;2051;1664
2027;2048;2038
2029;2048;2052
2025;2048;2052
2027;2080;2089
2025;2061;2076
2027;2039;2091
2025;2059;2105
2028;2016;2257
2026;2036;2039
2029;2025;1596
2027;2048;2037
2028;2036;2048
2027;2048;2050
2034;2003;2010
2029;2019;2021
2029;2048;2065
2026;2029;1945
2028;2067;2106
2028;2051;1981
2027;2048;1634
2028;2048;2029
2029;2048;2048
2027;2049;2051
2024;2075;2067
2024;2072;2058
2028;2048;2079
2027;2071;2123
2036;2011;2151
2028;2034;2059
2026;2026;1579
2026;2040;2010
2029;2031;2048
2033;2034;2038
2028;2027;2033
2030;2023;2067
2030;2040;2030
2030;2036;2004
2026;2063;2228
2026;2048;2079
2030;2048;1439
2029;2041;1990
2031;2048;2038
2029;2048;2053
2028;2066;2011
2025;2068;2080
2028;2048;2093
2027;2061;2108
2030;2018;2226
2029;2039;2093
2048;2017;1533
2030;2048;1992
2031;2037;2028
2030;2041;2061
2031;2030;2064
2011;2027;2011
2029;2057;2065
2031;2032;2007
2031;2064;2251
2035;2048;1993
2030;2050;1484
2030;2048;2001
2031;2048;2033
2031;2048;2029
2030;2056;1963
2029;2068;2098
2029;2048;2087
2030;2055;2031
2031;2015;2131
2031;2035;2084
2028;2017;1657
2029;2048;2007
2029;2048;2054
2031;2039;2041
2031;2295;2056
2030;2023;2029
2033;2049;2074
2031;2031;1991
2029;2067;2255
2033;2048;2139
2030;2031;1461
2029;2048;2026
2029;2048;2058
2030;2048;2059
2031;2050;1979
2027;2069;2099
2031;2050;2048
2030;2055;2114
2031;2013;2210
2031;2035;2070
2031;2020;1533
2031;2038;2005
2034;2037;2062
2031;2039;2069
2031;2039;2059
2029;2020;2021
2031;2048;2069
2031;2036;1978
2029;2063;2257
2030;2048;2080
2032;2058;1532
2031;2048;2035
2029;2049;2110
2030;2048;2061
2031;2048;2056
2029;2071;2065
2033;2048;2053
2031;2048;2120
2048;2011;2327
2031;2048;2039
2031;2019;1752
2031;2035;2010
2034;2039;2056
2031;2038;2067
2033;2048;2060
2031;2019;2094
2031;2048;2141
2033;2048;1996
2030;2061;2177
2036;2051;2141
2031;2055;1608
2031;2048;2021
2031;2048;2055
2033;2048;2051
2033;2049;2071
2027;2076;2092
2029;2048;2078
2031;2048;2091
2033;2013;2181
2033;2036;2148
2035;2012;1802
2033;2037;1991
2031;2040;2048
2031;2034;2048
2033;2039;2050
2031;2014;2085
2033;2037;2073
2033;2048;2031
2031;2058;2320
2031;2048;2003
2031;2056;1876
2033;2048;1994
2035;2039;2037
2036;2041;2048
2032;2048;2048
2029;2075;2072
2031;2048;2080
2031;2048;2101
2036;2011;2234
2031;2038;2166
2034;2022;1870
2031;2020;1973
2034;2040;2048
2034;2048;2048
2035;2035;2048
2034;2011;1999
2033;2048;2082
2031;2052;2048
2031;2060;2271
2035;2053;2048
2037;2058;2048
2031;2050;2001
2033;2051;2048
2034;2048;2041
2034;2048;2039
2033;2072;2085
2033;2039;2048
2036;2023;2029
2031;2012;2327
2036;2036;2202
2035;2029;1967
2032;2048;1977
2031;2039;2048
2034;2035;2037
2035;2048;2029
2034;2012;1981
2036;2040;2087
2035;2051;2048
2029;2059;2238
2035;2056;2049
2037;2051;2015
2033;2048;2003
2035;2039;2037
2034;2048;2049
2034;2048;2048
2031;2077;2048
2033;2048;2086
2035;2029;2063
2034;2013;2297
2035;2031;2165
2035;2026;2084
2033;2037;1937
2035;2048;2029
2036;2051;2035
2035;2040;2048
2035;2005;2018
2035;2039;2048
2035;2057;2069
2034;2057;2245
2031;2057;2053
2035;2053;1994
2036;2041;1982
2035;2048;2040
2033;2048;2048
2033;2053;2038
2030;2077;2126
2033;2048;2031
2032;2020;2057
2038;2011;2390
2031;2028;2067
2035;2032;2183
2034;2039;1931
2035;2048;2022
2034;2048;2048
2034;2039;2048
2036;2002;2027
2034;2031;2066
2039;2048;2048
2033;2057;2159
2031;2051;2026
2035;2054;2028
2034;2048;1985
2036;2048;2051
2031;2048;2040
2035;2048;2053
2031;2080;2082
2035;2048;2085
2035;2014;1991
2035;2005;2229
2035;2037;2109
2031;2030;2004
2035;2048;1984
2035;2040;2021
2035;2039;2037
2037;2048;2034
2035;1991;1961
2035;2039;2048
2036;2063;2108
2031;2058;2282
2034;2048;2136
2035;2055;2107
2035;2048;1983
2035;2048;2054
2036;2048;2059
2034;2048;2048
2034;2080;2034
2033;2053;2050
2035;2023;1979
2048;2009;2241
2036;2030;2041
2036;2026;2054
2033;2040;1968
2035;2041;2039
2036;2048;2048
2036;2039;2055
2039;1998;1969
2035;2031;2051
2036;2054;2125
2037;2060;2276
2039;2055;2136
2035;2058;2048
2035;2048;1975
2033;2048;2069
2026;2048;2060
2028;2048;2061
2035;2084;2034
2031;2053;2080
2038;2022;2029
2034;2010;2359
2036;2029;2049
2038;2038;1971
2035;2048;1972
2036;2048;2048
2035;2038;2077
2037;2038;2071
2035;1995;1987
2041;2029;2041
2037;2052;2122
2037;2077;2366
2035;2069;2008
2037;2052;2049
2022;2048;1946
2031;2048;2069
2037;2048;2058
2034;2048;2063
2031;2090;2099
2034;2051;2065
2035;2029;2037
2037;2013;2357
2037;2030;2162
2034;2033;2061
2036;2036;1958
2037;2048;2048
2037;2041;2048
2037;2037;2050
2039;1995;1980
2036;2048;2030
2036;2049;2133
2035;2060;2350
2035;2055;2144
2033;2048;2082
2036;2048;1963
2038;2048;2058
2035;2048;2065
2037;2048;2050
2035;2094;2056
2034;2053;2103
2037;2031;2080
2041;2011;2324
2038;2031;2211
2038;2054;2077
2038;2038;1942
2038;2041;2049
2036;2037;2057
2038;2039;2053
2037;1986;2029
2035;2029;2039
2038;2039;2091
2035;2056;2327
2031;2053;2153
2038;2050;2098
2037;2048;1952
2036;2048;2078
2039;2048;2059
2039;2048;2070
2037;2075;2124
2036;2055;2093
2037;2039;2069
2035;2011;2374
2040;2039;2141
2035;2035;2048
2037;2039;1947
2035;2048;2056
2034;2048;2060
2038;2048;2071
2040;1989;1980
2040;2025;2025
2039;2040;2071
2037;2062;2359
2036;2058;2002
2035;2054;2218
2037;2048;1937
2037;2041;2076
2029;2048;2064
2037;2041;2067
2034;2101;2065
2037;2061;2063
2037;2048;2055
2033;2018;2321
2039;2029;2130
2037;2039;2093
2037;2037;1906
2038;2048;2038
2037;2048;2041
2037;2048;2068
2039;1984;1945
2039;2019;1965
2041;2031;2064
2036;2067;2399
2038;2053;2096
2048;2050;2023
2039;2048;1935
2037;2048;2060
2039;2048;2064
2038;2048;2059
2038;2108;2101
2039;2067;2102
2039;2048;2135
2048;2021;2381
2048;2034;2062
2033;2039;2037
2048;2039;1927
2048;2048;2024
2048;2035;2059
2048;2062;2034
2049;1985;1965
2063;2050;2019
2052;2025;2104
2057;2074;2430
2053;2048;2295
2048;2051;2142
2041;2048;1866
2048;2049;2059
2048;2048;2055
2048;2048;2057
2048;2103;2075
2048;2065;2069
2048;2050;2063
2048;2021;2441
2039;2033;2077
2041;2100;2089
2037;2034;1905
2037;2038;2048
2042;2041;2070
2048;2037;2054
2048;1975;1962
2048;2020;1941
2035;2025;1969
2040;2062;2474
2038;2051;2015
2041;2048;2110
2036;2048;1839
2037;2048;2048
2037;2048;2058
2039;2048;2059
2035;2101;2087
2039;2087;2063
2038;2051;2070
2036;2027;2452
2039;2029;2048
2037;2038;2053
2037;2040;1879
2039;2037;2048
2036;2039;2039
2038;2039;2052
2048;1981;1906
2039;2015;2011
2040;2026;2070
2039;2066;2459
2036;2054;2161
2037;2053;2083
2036;2039;1808
2038;2048;2035
2037;2048;2048
2037;2050;2048
2036;2104;2048
2040;2058;2106
2038;2059;2031
2039;2025;2461
2038;2031;2030
2039;2029;2097
2037;2039;1877
2036;2048;2031
2038;2040;2026
2053;2048;2029
2041;1984;2003
2039;2017;1967
2040;2023;1995
2039;2067;2367
2037;2056;2237
2036;2053;2095
2036;2049;1817
2048;2048;2042
2040;2048;2048
2039;2048;2048
2037;2109;2075
2038;2068;2040
2036;2059;2092
2034;2035;2418
2038;2029;2064
2038;2035;2135
2038;2039;1839
2038;2039;2032
2039;2039;2049
2037;2037;2048
2048;1976;1990
2041;2019;2050
2038;2029;1951
2034;2064;2418
2035;2051;2225
2040;2053;2048
2036;2048;1824
2035;2048;2048
2039;2048;2059
2039;2048;2048
2035;2104;2110
2037;2069;2100
2037;2062;2072
2041;2034;2490
2034;2031;2097
2039;2034;2127
2038;2037;1726
2037;2034;2027
2039;2037;2038
2037;2048;2039
2040;1980;1948
2048;2019;1993
2048;2025;1963
2041;2074;2389
2036;2053;2157
2037;2052;2057
2038;2048;1783
2038;2048;2029
2038;2048;2050
2037;2048;2048
2035;2110;2124
2036;2066;2113
2038;2063;2027
2038;2039;2414
2048;2031;2145
2038;2038;2163
2039;2037;1695
2038;2038;2020
2036;2048;2048
2039;2039;2048
2041;1981;1980
2040;2019;2011
2040;2023;1993
2039;2056;2387
2040;2052;2247
2039;2048;2095
2039;2048;1839
2039;2049;2031
2039;2048;2048
2039;2048;2048
2036;2107;2058
2036;2068;2109
2039;2063;2148
2039;2041;2402
2048;2031;2213
2035;2037;2039
2039;2039;1711
2039;2035;2038
2036;2048;2050
2037;2038;2055
2039;1975;1952
2038;2017;2012
2041;2027;2035
2039;2051;2336
2038;2057;2219
2038;2050;2104
2039;2040;1799
2037;2048;2048
2040;2048;2063
2038;2048;2063
2034;2110;2148
2037;2062;2074
2039;2055;2131
2039;2048;2365
2035;2031;2180
2037;2048;2143
2039;2038;1772
2038;2041;2061
2038;2039;2065
2039;2048;2070
2048;1986;1961
2039;2020;2026
2039;2029;2065
2037;2053;2358
2040;2050;2159
2038;2048;2161
2037;2056;1584
2039;2048;2035
2039;2048;2067
2038;2056;2072
2050;2108;2034
2038;2067;2120
2037;2053;2158
2038;2048;2295
2041;2027;2187
2054;2034;2112
2039;2033;1636
2038;2037;2034
2039;2297;2061
2039;2039;2061
2040;1987;2031
2048;2021;2098
2039;2030;1987
2039;2048;2253
2048;2059;2205
2037;2048;2109
2037;2040;1597
2037;2048;2026
2038;2048;2063
2039;2048;2059
2048;2101;2060
2037;2063;2163
2039;2051;2065
2041;2055;2397
2035;2024;2218
2037;2039;2006
2038;2034;1654
2039;2032;2030
2040;2048;2050
2039;2048;2050
2041;1996;1943
2039;2022;2007
2048;2031;2067
2038;2036;2094
2037;2061;2167
2039;2048;2141
2037;2042;1640
2039;2048;2037
2039;2048;2062
2039;2048;2063
2034;2095;2065
2035;2063;2063
2038;2052;2123
2039;2056;2069
2039;2018;2178
2037;2039;2053
2037;2031;1660
2039;2038;2048
2037;2048;2053
2033;2035;2055
2041;1995;2049
2039;2028;2000
2039;2038;2050
2048;2030;2041
2037;2065;2238
2039;2048;2072
2040;2048;1561
2038;2048;2020
2048;2041;2058
2037;2048;2063
2036;2097;2086
2038;2073;2052
2037;2048;2058
2038;2055;2082
2048;2015;2196
2095;2020;2041
2039;2031;1622
2039;2029;2024
2041;2040;2059
2048;2041;2048
2048;2009;2035
2041;2022;2096
2039;2048;2067
2038;2031;1978
2041;2057;2144
2039;2053;2098
2040;2048;1607
2039;2050;2019
2038;2048;2041
2039;2048;2048
2041;2083;2095
2048;2065;2070
2041;2048;2040
2039;2057;2125
2039;2021;2289
2039;2031;2113
2034;2026;1551
2039;2036;2017
2048;2041;2054
2041;2038;2036
2041;2017;2055
2041;2026;2052
2048;2039;2089
2039;2033;2017
2040;2058;2148
2034;2049;2053
