2036;1425;1172
2033;1715;977
2026;1793;899
2026;1832;459
2021;1861;847
2021;1874;882
2017;1891;889
2017;1823;929
2014;1875;915
2010;1895;927
2005;1956;1432
2010;1927;1100
2007;1926;955
2007;1929;558
2005;1917;920
2003;1933;946
2005;1936;938
2004;2013;1038
2001;1963;991
2001;1952;974
2003;1899;1492
2003;1919;1079
1999;1926;975
1996;1930;503
1999;1934;916
1998;1934;940
1996;1936;935
1996;1863;1036
1996;1911;1001
1995;1923;911
1997;1973;1509
1995;1949;1112
1995;1958;1037
1994;1949;483
1993;1949;911
1993;1946;933
1993;1954;951
1992;2029;1101
1992;1971;985
1993;1964;976
1993;1922;1331
1993;1921;1135
1990;1919;950
1991;1932;521
1990;1935;896
1990;1941;922
1989;1939;930
1991;1868;1048
1990;1913;972
1991;1923;913
1988;1974;1392
1988;1958;1124
1989;1958;1009
1987;1953;511
1989;1947;906
1989;1943;924
1989;1947;940
1987;2025;1064
1989;1970;1024
1989;1963;929
1988;1934;1463
1983;1926;1173
1988;1939;986
1987;1936;445
1989;1937;894
1989;1941;924
1987;1939;931
1986;1867;988
1987;1914;965
1988;1923;978
1988;1975;1371
1988;1963;1121
1987;1960;872
1987;1947;435
1985;1953;908
1987;1949;919
1987;1947;937
1985;2024;1074
1987;1974;964
1987;1965;959
1988;1938;1403
1987;1923;1093
1988;1935;1028
1987;1935;427
1987;1934;901
1987;1938;932
1987;1942;931
1991;1869;1053
1987;1922;977
1986;1924;1011
1985;1963;1387
1986;1955;1033
1987;1951;990
1985;1949;437
1985;1950;911
1987;1949;928
1985;1951;926
1986;2022;1009
1985;1972;966
1986;1961;949
1986;1949;1297
1987;1921;988
1985;1939;942
1986;1934;316
1987;1937;879
1983;1938;921
1986;1943;922
1986;1878;1036
1986;1917;971
1985;1931;940
1986;1967;1161
1986;1962;1121
1985;1959;1033
1985;1953;360
1987;1955;907
1987;1950;933
1990;1952;927
1984;2015;1013
1987;1973;980
1987;1967;933
1987;1949;1200
1989;1934;1125
1987;1925;906
1988;1927;269
1986;1939;875
1982;2245;704
1983;2771;1186
1988;2319;1216
1991;2210;1112
1995;2159;1149
1997;2153;1239
2002;2136;1299
2001;2124;1075
2003;2114;433
2005;2107;977
2007;2097;1008
2008;2091;1017
2009;2142;1085
2011;2109;1062
2011;2092;1032
2013;2078;1167
2015;2031;1163
2019;2059;1001
2017;2048;321
2018;2057;943
2019;2061;991
2020;2061;988
2021;2010;1125
2021;2029;983
2022;2048;1018
2021;2059;1131
2027;2082;1162
2021;2074;1141
2023;2066;399
2024;2070;957
2025;2063;981
2025;2062;983
2022;2114;1065
2026;2085;1014
2026;2071;993
2027;2071;1049
2030;2015;1175
2027;2049;1072
2026;2030;275
2029;2048;937
2029;2050;977
2029;2048;977
2029;2011;1106
2029;2021;1002
2029;2037;1006
2029;2035;1063
2028;2076;1209
2029;2059;1051
2028;2048;263
2028;2054;942
2029;2057;977
2027;2048;985
2029;2089;1043
2030;2076;1002
2031;2052;1013
2029;2063;1038
2031;2021;1217
2031;2010;1018
2031;2019;227
2031;2039;934
2031;2038;971
2029;2032;985
2030;2007;1083
2031;2015;980
2031;2034;946
2030;2022;1004
2031;2067;1126
2031;2057;1038
2031;2051;237
2031;2048;941
2029;2048;976
2031;2051;992
2030;2080;981
2031;2071;987
2031;2049;995
2021;2070;1021
2031;2002;1235
2031;2037;1019
2031;2021;194
2029;2039;930
2031;2050;968
2029;2040;975
2033;2019;1039
2031;2010;969
2030;2038;977
2030;2029;1021
2030;2078;1192
2029;2057;1017
2030;2051;154
2030;2051;931
2030;2051;979
2029;2055;979
2034;2066;997
2028;2068;981
2031;2036;976
2031;2067;1029
2031;2006;1236
2031;2033;1091
2030;2021;174
2031;2048;925
2031;2037;974
2029;2036;975
2033;2030;1031
2036;2020;924
2031;2048;937
2031;2026;1013
2027;2082;1261
2028;2063;973
2031;2060;172
2030;2056;932
2039;2051;982
2030;2053;989
2031;2053;995
2031;2083;1019
2031;2053;998
2030;2059;1024
2031;2011;1214
2031;2033;1016
2032;2018;207
2031;2048;915
2031;2048;975
2030;2050;983
2033;2048;981
2033;2012;939
2033;2035;981
2031;2031;1063
2033;2079;1180
2031;2058;1101
2031;2057;242
2031;2048;924
2033;2053;978
2031;2048;977
2031;2051;987
2029;2075;1019
2034;2035;973
2031;2056;1013
2033;2001;1247
2031;2020;1117
2031;2001;289
2027;2031;901
2031;2037;978
2030;2037;985
2033;2031;989
2031;2003;983
2031;2001;926
2033;2011;1018
2033;2054;1191
2031;2048;1007
2031;2038;299
2030;2037;919
2031;2038;991
2031;2048;984
2030;2040;987
2031;2067;1002
2028;2004;960
2031;2031;1014
2031;1986;1274
2030;2011;995
2033;1993;478
2031;2025;888
2031;2036;977
2033;2025;981
2031;2028;977
2029;1999;934
2029;2024;967
2031;2039;967
2030;2073;1285
2031;2049;994
2031;2051;402
2029;2033;889
2033;2033;983
2039;2035;983
2029;2048;990
2030;2092;991
2030;2031;981
2029;2033;977
2031;1994;1209
2029;2017;1056
2030;1999;623
2030;2024;875
2031;2029;968
2028;2026;970
2030;2027;974
2029;1983;1005
2030;2028;925
2028;2055;981
2028;2079;1321
2026;2035;1166
2026;2048;675
2027;2048;878
2026;2035;970
2028;2024;977
2028;2034;971
2027;2082;1001
2029;2021;969
2028;2026;961
2023;1995;1255
2029;2010;1074
2029;1999;810
2026;2021;858
2028;2023;971
2027;2023;979
2028;2027;971
2027;1971;994
2027;2020;930
2028;2039;949
2027;2071;1325
2027;2037;1007
2029;2065;826
2027;2030;874
2030;2031;975
2027;2023;975
2026;2035;984
2029;2080;1019
2028;2030;957
2028;2013;970
2026;1985;1257
2029;2048;997
2029;1985;900
2029;2033;862
2028;2030;963
2029;2029;978
2026;2019;975
2027;1955;997
2027;2015;933
2028;2048;966
2027;2058;1251
2029;2029;1109
2026;2048;880
2027;2038;863
2027;2027;972
2027;2032;979
2026;2026;976
2027;2091;1018
2029;2035;969
2027;1999;966
2030;1975;1281
2028;2004;1001
2021;1992;1054
2027;2020;822
2027;2027;967
2027;1984;969
2029;2018;970
2027;1958;959
2026;2040;954
2027;2048;935
2034;2061;1362
2027;2051;1109
2025;2023;1015
2027;2037;822
2027;2039;974
2026;2048;979
2028;2029;967
2026;2085;1018
2027;2023;969
2030;1990;925
2029;1885;1306
2029;1970;1103
2027;1977;955
2027;1995;795
2027;2005;952
2026;2013;963
2025;2010;968
2026;1944;968
2024;2013;892
2022;2048;890
2027;2048;1374
2022;2041;1065
2024;2036;1036
2023;2020;812
2025;2015;969
2023;2019;971
2027;2018;969
2022;2099;1032
2026;2028;979
2023;1992;915
2025;1961;1420
2025;2005;1025
2024;2010;1058
2023;1996;780
2021;2007;951
2024;2016;968
2025;2021;966
2025;1931;1007
2024;1997;931
2023;2048;872
2026;2059;1326
2024;2036;1105
2025;2028;1061
2025;2025;785
2024;2026;964
2023;2023;968
2023;2023;968
2027;2102;1033
2027;2034;992
2025;1997;921
2026;1969;1344
2021;1995;1102
2024;1995;988
2023;2007;731
2023;2035;957
2022;2011;959
2025;2012;960
2026;1944;934
2024;1993;925
2020;2024;860
2026;2052;1409
2024;2048;1122
2026;2036;988
2023;2019;747
2022;2024;958
2023;2019;965
2024;2022;969
2025;2107;1034
2023;2040;961
2024;1993;910
2027;1977;1447
2023;1996;1060
2024;1997;1002
2023;1999;723
2022;2015;952
2021;2020;955
2023;2010;964
2023;1931;1040
2023;1990;966
2023;2019;871
2018;2061;1347
2025;2040;1026
2023;2021;1029
2023;2026;707
2018;2025;952
2024;2027;964
2022;2020;967
2023;2113;1054
2025;2052;987
2026;1999;939
2025;1963;1524
2024;1999;1141
2023;2004;1035
2025;1987;671
2024;2010;940
2025;2017;954
2025;2016;964
2024;1931;1012
2021;1990;973
2023;2020;871
2022;2057;1384
2023;2029;1153
2019;2039;1007
2024;2024;706
2023;2021;953
2024;2015;964
2024;2021;975
2024;2128;1086
2029;2054;999
2026;2012;968
2024;1965;1396
2023;1998;1106
2025;1997;1005
2026;2006;673
2025;2013;939
2023;2010;958
2025;2013;962
2026;1927;996
2024;1991;939
2027;2020;875
2021;2061;1519
2024;2028;1096
2024;2040;999
2023;2027;700
2024;2026;959
2023;2018;969
2024;2027;967
2022;2126;1062
2023;2053;1004
2023;2023;931
2022;1967;1381
2024;1998;1044
2024;2013;988
2024;2007;655
2020;2003;947
2023;2013;966
2024;2017;968
2025;1931;995
2024;1983;933
2022;2018;930
2023;2066;1452
2024;2034;1173
2022;2031;987
2023;2026;667
2024;2023;966
2023;2038;974
2023;2029;974
2023;2119;1095
2023;2051;1012
2023;2027;984
2024;1971;1493
2024;1997;1044
2024;2001;1034
2025;2006;552
2024;1999;949
2025;2017;971
2027;2005;974
2023;1930;1007
2025;1987;959
2023;2011;920
2021;2063;1549
2025;2039;1104
2021;2048;1038
2023;2028;549
2023;2036;953
2023;2025;978
2025;2019;976
2023;2141;1091
2031;2077;997
2021;2030;1011
2025;1974;1447
2022;2003;1166
2024;2010;967
2025;2011;577
2026;2015;951
2025;2020;964
2024;2019;964
2027;1927;1073
2025;1981;947
2026;2005;938
2021;2069;1403
2031;2048;1170
2025;2031;1035
2023;2027;570
2024;2033;957
2024;2027;978
2025;2029;967
2023;2131;1087
2025;2055;963
2025;2049;1009
2024;1995;1526
2024;1991;1126
2023;2016;970
2023;2001;480
2023;2009;948
2026;2021;971
2024;2017;973
2018;1932;1010
2023;1997;1013
2023;1994;961
2025;2069;1450
2024;2048;1192
2025;2048;1014
2023;2031;506
2025;2031;962
2025;2025;975
2023;2031;973
2018;2116;1097
2026;2059;1013
2022;2048;1007
2024;1991;1487
2025;1992;1135
2024;2014;983
2025;2007;435
2024;2005;935
2015;2021;967
2026;2018;968
2025;1940;1008
2030;1983;951
2023;2010;947
2024;2075;1506
2022;2039;1151
2025;2026;1047
2026;2037;460
2026;2030;943
2026;2025;971
2025;2025;975
2025;2127;1079
2024;2061;1012
2025;2048;1013
2048;2013;1401
2025;2002;1074
2026;2012;1024
2026;1999;359
2024;2021;933
2025;2015;955
2026;2007;962
2027;1928;1009
2026;1991;1015
2026;2009;977
2023;2061;1310
2025;2048;1225
2022;2048;1089
2025;2029;327
2026;2034;937
2025;2023;968
2023;2029;961
2022;2133;1103
2024;2069;997
2024;2055;1016
2024;2014;1337
2017;1991;1164
2025;2005;1078
2026;2001;286
2025;2006;919
2027;2031;975
2025;2017;957
2025;1926;999
2025;1985;988
2025;2002;962
2026;2052;1410
2024;2048;1159
2025;2038;998
2026;2035;279
2029;2038;935
2019;2020;965
2019;2033;964
2024;2131;1083
2023;2058;1010
2027;2061;1018
2031;2030;1333
2025;1991;1214
2027;2003;1033
2025;2011;256
2025;2007;917
2024;2013;963
2024;2015;958
2025;1945;1034
2025;1997;943
2026;2004;991
2023;2037;1299
2025;2052;1186
2025;2039;1128
2024;2021;257
2026;2038;919
2025;2031;966
2025;2030;969
2023;2112;1055
2025;2064;982
2023;2050;983
2026;2029;1224
2025;1986;1246
2026;1997;1047
2024;2001;129
2025;2011;908
2025;2015;953
2027;2015;960
2028;1955;1039
2026;1993;1003
2025;2000;972
2024;2031;1235
2030;2052;1175
2025;2050;1095
2024;2031;197
2026;2031;915
2024;2026;962
2026;2024;958
2026;2115;1111
2026;2048;988
2024;2040;991
2026;2027;1032
2025;1990;1221
2025;2018;1057
2025;1999;103
2021;2016;911
2028;2019;960
2025;2014;956
2025;1955;1058
2027;1993;969
2023;2004;962
2023;2019;1037
2026;2061;1244
2023;2023;1018
2025;2031;104
2024;2037;927
2025;2024;965
2024;2035;973
2023;2098;1053
2025;2058;1019
2025;2048;1020
2024;2039;1013
2027;1986;1147
2024;2003;1076
2024;1998;97
2035;2013;928
2026;2015;957
2025;2023;961
2025;1972;1059
2026;1989;923
2025;2021;971
2022;2015;1151
2026;2057;1179
2024;2037;1096
2023;2026;77
2025;2033;927
2026;2031;975
2025;2035;983
2023;2091;1058
2025;2061;1017
2026;2037;981
2025;2034;995
2025;1977;1229
2026;2011;1009
2025;1995;86
2026;2015;908
2025;2026;967
2023;2037;970
2025;1996;1060
2025;1986;947
2026;2020;959
2025;2005;1017
2026;2070;1263
2023;2057;1028
2026;2021;65
2025;2031;915
2026;2031;973
2025;2028;970
2025;2068;1049
2025;2062;1003
2023;2037;982
2025;2027;994
2029;1983;1211
2027;2007;1051
2024;2002;102
2024;2020;903
2024;2015;965
2026;2013;964
2022;2000;1030
2026;1985;965
2027;2022;1013
2028;2003;1015
2025;2069;1222
2038;2039;1076
2027;2048;85
2014;2029;909
2023;2030;970
2023;2037;975
2024;2035;991
2023;2051;988
2025;2037;991
2026;2061;1002
2027;1959;1237
2021;1990;1103
2025;1998;129
2025;2023;893
2026;2017;960
2024;2023;974
2025;2007;998
2025;1979;923
2025;2021;973
2023;2007;980
2027;2054;1294
2025;2029;1143
2025;2048;128
2027;2037;889
2022;2021;966
2025;2032;972
2025;2038;957
2024;2055;1009
2023;2021;970
2024;2031;1019
2025;1973;1277
2026;1997;1054
2026;1988;166
2025;2020;874
2026;2031;959
2025;2004;965
2022;2013;965
2024;1987;975
2024;2030;955
2027;2008;992
2028;2069;1315
2027;2029;1079
2025;2048;176
2023;2029;881
2023;2019;963
2023;2036;971
2031;2066;977
2025;2059;991
2025;2001;948
2024;2048;1009
2024;1983;1260
2024;1995;1038
2026;1970;265
2026;2021;861
2026;2021;954
2027;2020;966
2024;2017;966
2023;1973;953
2035;2020;953
2024;2017;982
2024;2074;1304
2026;2037;1162
2024;2048;234
2025;2032;872
2025;2023;957
2025;2029;964
2025;2025;967
2024;2069;1011
2025;2015;910
2024;2028;1039
2027;1967;1231
2029;2004;1024
2024;1982;349
2013;2026;861
2027;2019;952
2025;2023;959
2025;2029;955
2018;1967;947
2024;2023;919
2025;2022;987
2023;2060;1293
2023;2021;1071
2024;2048;301
2025;2048;867
2022;2026;966
2026;2029;961
2023;2038;964
2025;2069;959
2022;2015;938
2025;2015;996
2024;1972;1307
2023;2011;1066
2025;1985;468
2025;2013;832
2024;2024;968
2026;2016;964
2024;2015;962
2024;1973;1007
2024;2026;939
2028;2029;1009
2026;2065;1349
2024;2034;1089
2023;2054;479
2023;2036;834
2023;2036;966
2023;2021;981
2024;2033;976
2023;2070;1008
2023;2033;941
2023;2007;982
2031;1963;1313
2023;2013;1065
2026;1987;612
2023;2010;797
2025;2017;953
2025;2015;963
2025;2021;970
2022;1979;997
2023;2011;914
2025;2027;971
2021;2067;1498
2024;2037;1213
2024;2048;676
2027;2032;716
2022;2015;959
2023;2030;971
2026;2025;974
2023;2067;977
2024;2023;970
2026;2002;940
2026;1981;1424
2027;2015;1172
2023;1984;862
2025;2024;790
2024;2025;957
2023;2021;970
2025;2019;970
2024;1966;1010
2023;2007;897
2023;2048;987
2026;2064;1411
2023;2039;1129
2026;2052;756
2025;2037;849
2025;2030;979
2024;2023;975
2026;2033;977
2025;2092;1032
2022;2025;949
2022;1998;964
2024;1975;1266
2025;2015;1047
2027;1995;877
2025;2005;828
2023;2025;970
2025;2035;981
2026;2015;975
2023;1964;1007
2026;2023;937
2027;2048;924
2024;2065;1400
2025;2054;1113
2021;2052;906
2024;2029;808
2024;2028;976
2025;2029;983
2026;2031;983
2027;2082;1011
2024;2037;975
2025;1993;940
2029;1972;1436
2026;2004;1087
2022;1990;976
2023;2015;779
2025;2025;965
2025;2038;973
2025;2027;978
2026;1941;1020
2025;2020;982
2023;2061;931
2024;2048;1421
2025;2053;1133
2024;2048;1057
2022;2019;780
2024;2037;968
2033;2031;978
2027;2027;987
2024;2087;1006
2027;2036;958
2026;1995;917
2026;1979;1409
2025;1989;1012
2026;1979;1086
2022;2013;773
2023;2030;965
2023;2029;955
2024;2020;970
2027;1947;955
2027;2011;932
2024;2060;934
2025;2087;1400
2031;2031;1141
2021;2049;1037
2025;2040;767
2024;2029;960
2024;2036;965
2025;2033;970
2021;2103;1019
2026;2037;982
2024;1997;909
2026;1979;1319
2025;1999;1128
2027;2013;1079
2026;2023;753
2024;2036;960
2025;2017;962
2023;2013;959
2025;1949;963
2023;2011;951
2028;2053;888
2023;2083;1399
2026;2037;1042
2026;2054;1041
2023;2036;784
2025;2030;972
2024;2030;983
2024;2035;978
2025;2107;1062
2024;2031;965
2026;1996;930
2025;1979;1384
2025;2012;1131
2024;2013;1026
2024;1982;721
2024;2029;955
2024;2033;964
2021;2025;970
2024;1941;985
2025;2013;983
2023;2048;857
2027;2059;1438
2024;2041;1148
2025;2052;998
2031;2038;729
2026;2035;962
2024;2022;969
2026;2029;968
2025;2123;1073
2023;2048;990
2023;1995;939
2027;1980;1320
2023;2001;1166
2027;2018;915
2025;2013;708
2025;2013;945
2024;2024;960
2026;2021;967
2024;1942;1000
2023;2001;936
2022;2029;895
2025;2087;1463
2022;2050;1195
2025;2048;1016
2033;2035;707
2025;2037;955
2025;2024;965
2023;2029;961
2026;2121;1070
2025;2052;1003
2023;2020;927
2027;1977;1330
2024;1997;1139
2026;2004;1055
2023;2012;653
2025;2027;943
2026;2024;966
2026;2017;960
2023;1939;1037
2023;2002;968
2023;2039;871
2026;2071;1515
2023;2049;1107
2025;2053;1002
2025;2035;653
2026;2031;958
2021;2023;971
2023;2030;980
2024;2125;1078
2025;2064;990
2026;2034;937
2025;1987;1507
2023;1993;1110
2025;2015;967
2025;2014;657
2028;2019;946
2027;2031;963
2025;2029;972
2025;1933;990
2027;2001;922
2027;2032;874
2023;2074;1472
2021;2051;1163
2023;2053;1024
2027;2039;628
2030;2030;947
2024;2030;964
2024;2031;962
2023;2129;1091
2023;2055;997
2026;2036;973
2026;1993;1343
2026;2001;1009
2025;2019;1065
2027;2016;591
2023;2023;939
2024;2025;958
2026;2027;962
2024;1935;979
2025;1991;946
2022;2022;905
2021;2080;1588
2027;2048;1097
2023;2048;992
2024;2038;637
2024;2038;956
2024;2029;964
2023;2034;962
2026;2146;1062
2025;2065;1004
2018;2025;994
2025;1996;1446
2025;2011;1159
2026;1991;1058
2025;2012;582
2025;2031;943
2025;2028;970
2024;2021;959
2025;1935;981
2027;1990;954
2024;2015;931
2023;2081;1485
2016;2053;1158
2029;2051;927
2023;2035;581
2023;2039;949
2026;2036;977
2021;2033;971
2023;2134;1079
2025;2074;1033
2027;2048;980
2019;2004;1509
2025;1986;1174
2026;2013;1106
2024;2019;486
2024;2037;936
2027;2025;957
2025;2021;961
2025;1941;1011
2025;1998;961
2027;2017;1004
2024;2075;1423
2024;2054;1192
2025;2048;1103
2024;2050;538
2023;2035;959
2024;2031;967
2026;2032;969
2031;2148;1112
2024;2072;1021
2025;2048;981
2023;1978;1469
2027;2007;1220
2026;2002;963
2027;2010;503
2026;2020;933
2026;2023;965
2026;2029;964
2025;1940;1003
2026;1990;989
2024;2015;956
2026;2083;1507
2026;2048;1155
2024;2053;984
2027;2029;542
2024;2048;957
2024;2030;972
2025;2048;974
2024;2146;1075
2024;2066;1036
2025;2048;979
2026;2007;1536
2028;2001;1180
2023;2019;1097
2025;2010;470
2025;2022;955
2025;2027;965
2026;2028;965
2027;1936;1053
2026;1991;969
2027;2021;961
2027;2080;1533
2025;2049;1125
2034;2052;1049
2024;2036;482
2025;2048;955
2020;2039;983
2027;2035;974
2025;2135;1116
2024;2071;1028
2030;2065;990
2027;2012;1487
2026;1997;1144
2024;2019;1053
2025;2018;425
2025;2023;951
2026;2022;975
2026;2032;976
2026;1938;1015
2027;1992;949
2025;2017;953
2024;2080;1468
2024;2048;1132
2023;2055;1092
2024;2048;447
2023;2048;957
2025;2035;982
2026;2037;986
2023;2142;1131
2024;2063;1013
2025;2060;1024
2025;2022;1405
2027;1999;1171
2026;2013;1014
2026;2013;351
2031;2018;940
2027;2036;975
2025;2035;974
2025;1949;1055
2025;1999;979
2024;2008;955
2027;2075;1495
2025;2057;1122
2022;2052;1087
2025;2033;408
2025;2051;945
2024;2039;977
2025;2037;979
2025;2132;1093
2025;2071;1034
2026;2065;1030
2025;2026;1409
2024;1994;1199
2026;2013;977
2024;2004;326
2026;2015;932
2027;2039;957
2025;2027;967
2026;1945;1078
2026;1995;971
2027;2009;966
2024;2067;1440
2023;2061;1121
2025;2048;1015
2025;2057;267
2026;2029;931
2027;2027;970
2027;2037;970
2026;2127;1081
2023;2074;1007
2026;2053;997
2025;2039;1339
2031;1995;1048
2029;2011;1045
2021;2013;277
2026;2025;922
2025;2022;959
2024;2026;966
2024;1951;1048
2026;1987;929
2026;2015;990
2025;2052;1256
2023;2062;1281
2025;2056;1001
2023;2021;245
2025;2031;938
2026;2039;966
2024;2035;969
2023;2125;1098
2026;2083;990
2025;2058;993
2025;2033;1143
2025;1997;1197
2024;2023;1083
2026;2012;202
2025;2020;919
2026;2026;962
2026;2031;960
2027;1958;1052
2025;1998;991
2026;2013;991
2025;2036;1146
2026;2061;1198
2026;2057;1108
2026;2034;146
2025;2048;914
2023;2023;969
2025;2048;970
2025;2126;1071
2027;2055;1024
2027;2048;987
2025;2051;1109
2025;2001;1085
2024;2018;1067
2027;2010;108
2026;2021;912
2025;2037;953
2025;2025;962
2025;1969;1053
2029;1996;936
2026;2027;998
2025;2034;1121
2023;2065;1287
2024;2048;1053
2023;2040;172
2025;2049;930
2026;2029;966
2029;2036;971
2024;2104;1035
2027;2069;965
2024;2048;967
2027;2048;1025
2029;2006;1209
2022;2015;1062
2026;1991;99
2025;2026;913
2027;2029;965
2026;2034;965
2030;1981;1042
2026;1987;1012
2027;2022;978
2025;2015;1072
2024;2070;1232
2025;2056;1075
2026;2050;99
2026;2038;925
2027;2037;969
2025;2048;980
2023;2101;1093
2026;2077;979
2025;2035;1018
2025;2049;1027
2027;1983;1246
2027;2009;1128
2025;2012;77
2027;2025;923
2025;2023;970
2027;2027;967
2027;1989;1049
2026;1996;980
2027;2080;957
2025;2025;1040
2026;2068;1268
2025;2048;1118
2027;2048;99
2025;2052;920
2023;2048;983
2024;2039;985
2023;2075;1042
2027;2058;1002
2027;2048;986
2025;2049;1014
2025;1988;1265
2022;2020;1063
2027;2008;103
2026;2023;913
2027;2025;971
2027;2031;979
2027;2009;1005
2027;1992;943
2026;2023;990
2026;2021;990
2024;2071;1289
2025;2048;1002
2025;2052;105
2025;2048;922
2023;2048;973
2026;2038;973
2025;2067;990
2024;2072;1015
2026;2037;980
2025;2048;985
2022;1984;1177
2028;2012;1091
2027;2005;143
2027;2026;903
2027;2023;970
2028;2026;965
2026;2025;1070
2026;1996;977
2026;2026;1001
2026;2011;1034
2024;2083;1101
2025;2056;1034
2027;2039;119
2026;2037;898
2027;2031;964
2025;2051;974
2026;2061;965
2025;2066;976
2026;2024;970
2027;2048;989
2024;1988;1278
2024;2027;1014
2027;1997;187
2027;2018;875
2028;2029;959
2027;2031;965
2026;2027;967
2026;1995;997
2026;2031;946
2023;2031;1015
2025;2083;1275
2027;2048;1119
2029;2055;188
2025;2041;887
2025;2048;973
2026;2048;974
2025;2048;963
2026;2071;1003
2027;2038;955
2026;2037;991
2027;1977;1265
2027;2017;1041
2025;2003;215
2027;2027;873
2026;2027;961
2025;2027;969
2027;2033;975
2027;1991;955
2023;2037;1001
2024;2022;995
2023;2081;1347
2025;2048;1073
2026;2066;234
2026;2048;882
2018;2035;966
2021;2031;980
2025;2036;976
2025;2053;1028
2028;2021;951
2029;2041;980
2027;1979;1306
2024;2018;1063
2030;1987;296
2027;2031;864
2026;2031;975
2027;2029;971
2022;2033;977
2027;1981;971
2026;2029;933
2031;2034;987
2025;2083;1324
2024;2048;1129
2025;2055;304
2027;2049;881
2027;2048;977
2026;2039;985
2023;2039;979
2025;2083;1000
2025;2031;939
2026;2048;1017
2026;1983;1259
2025;2021;1045
2027;1988;467
2025;2028;869
2027;2038;975
2026;2036;985
2026;2029;973
2026;1997;970
2025;2029;983
2026;2038;1055
2025;2083;1357
2025;2054;1090
2027;2058;371
2027;2048;879
2026;2039;978
2030;2048;982
2026;2041;991
2021;2081;1010
2025;2035;966
2025;2048;985
2026;1983;1337
2026;2009;1066
2027;1985;583
2025;2029;852
2025;2031;965
2026;2032;974
2027;2027;973
2026;1986;1021
2027;2036;967
2025;2048;998
2025;2081;1383
2025;2061;1081
2024;2053;618
2027;2048;861
2027;2048;971
2026;2036;972
2024;2048;971
2026;2081;998
2027;2029;949
2027;2026;978
2024;1975;1277
2025;2015;1107
2027;1999;687
2027;2023;831
2026;2022;956
2023;2032;956
2025;2034;964
2025;1972;939
2027;2025;914
2028;2055;1009
2024;2086;1267
2024;2051;1161
2026;2059;749
2025;2048;838
2026;2048;960
2026;2048;971
2034;2039;971
2025;2087;1028
2026;2026;962
2027;2015;982
2026;1986;1288
2028;2014;1067
2027;1999;727
2027;2025;820
2029;2029;965
2019;2034;961
2031;2027;965
2025;1973;928
2026;2028;979
2026;2058;943
2025;2077;1363
2025;2056;1084
2028;2061;892
2026;2048;843
2026;2037;970
2024;2048;966
2026;2039;979
2026;2090;1009
2026;2050;984
2026;2007;943
2029;1978;1287
2027;2007;1088
2025;2002;880
2027;2026;821
2027;2034;971
2026;2031;966
2027;2034;968
2026;1968;919
2026;2027;933
2025;2061;939
2023;2084;1367
2026;2055;1207
2025;2063;976
2026;2048;810
2025;2048;972
2027;2041;982
2022;2037;971
2012;2097;1015
2027;2048;952
2026;2009;911
2027;1981;1335
2027;2002;1123
2027;2012;1003
2027;2027;785
2028;2034;971
2025;2037;978
2028;2031;980
2029;1969;1024
2026;2029;947
2027;2065;906
2027;2076;1431
2023;2048;1109
2027;2067;1026
2024;2048;782
2025;2038;973
2024;2040;986
2025;2048;983
2027;2113;1027
2025;2048;986
2026;1999;928
2024;1983;1273
2029;2011;1092
2029;2012;961
2026;2024;784
2026;2028;962
2025;2022;981
2023;2048;979
2027;1967;947
2026;2016;932
2027;2073;921
2022;2079;1437
2026;2061;1095
2026;2057;1039
2031;2048;783
2025;2048;970
2026;2048;971
2026;2048;986
2026;2110;1057
2025;2049;965
2027;2000;910
2026;1974;1387
2027;2011;1133
2027;2021;987
2027;2027;740
2024;2059;953
2027;2035;965
2024;2031;968
2026;1957;971
2027;2023;932
2023;2061;875
2026;2071;1411
2026;2049;1092
2024;2063;1093
2025;2057;759
2025;2041;959
2027;2035;973
2026;2048;970
2027;2127;1024
2027;2052;961
2023;2001;921
2027;1978;1402
2027;2021;1101
2024;2018;1082
2025;2025;725
2026;2048;952
2026;2027;960
2027;2030;958
2027;1953;949
2024;2013;914
2025;2056;861
2027;2087;1400
2026;2052;1021
2026;2061;1046
2027;2048;752
2023;2048;963
2023;2039;975
2027;2039;970
2025;2128;1059
2026;2059;976
2027;2011;914
2025;1991;1431
2025;2013;1114
2026;2017;1009
2025;2026;714
2027;2030;947
2026;2037;963
2027;2031;967
2026;1952;954
2024;2018;903
2025;2048;854
2026;2069;1466
2025;2057;1131
2025;2060;1042
2025;2048;674
2026;2048;959
2023;2041;973
2027;2041;972
2025;2130;1055
2027;2071;984
2027;2015;932
2035;1976;1440
2026;2010;1014
2039;2024;1027
2027;2026;669
2027;2029;949
2027;2034;969
2026;2033;971
2027;1942;1041
2026;2011;951
2027;2048;873
2023;2080;1439
2026;2058;1135
2027;2048;997
2027;2048;678
2027;2040;960
2026;2033;977
2027;2040;959
2027;2138;1076
2027;2065;971
2026;2031;966
2028;1989;1357
2025;2016;1144
2026;2021;989
2028;2023;647
2025;2032;951
2025;2031;966
2027;2048;974
2026;1943;1033
2023;1999;951
2026;2037;909
2024;2090;1578
2027;2061;1077
2027;2052;1102
2026;2048;675
2025;2048;965
2025;2034;980
2022;2038;971
2026;2159;1124
2027;2074;1015
2027;2057;993
2026;2011;1480
2028;2021;1199
2027;2048;1029
2028;2061;637
2027;2050;967
2026;2048;983
2028;2055;971
2027;1953;1069
2026;2017;997
2028;2031;919
2026;2093;1488
2029;2075;1039
2025;2080;1024
2027;2059;624
2028;2061;979
2027;2056;995
2027;2053;986
2026;2163;1123
2028;2084;1007
2027;2067;963
2027;2015;1547
2027;2029;1143
2030;2041;1002
2029;2051;612
2029;2063;967
2030;2059;988
2030;2057;991
2031;1963;1034
2029;2048;967
2030;2048;950
2026;2112;1448
2029;2086;1231
2031;2092;1085
2030;2082;626
2031;2075;983
2030;2075;1000
2031;2071;1003
2031;2168;1109
2031;2101;1008
2033;2074;1010
2035;2034;1482
2033;2034;1129
2034;2048;952
2034;2049;599
2031;2055;962
2035;2055;994
2033;2057;995
2034;1959;1025
2034;2036;969
2034;2048;943
2031;2110;1541
2031;2085;1227
2025;2082;1057
2034;2067;555
2032;2088;987
2034;2071;997
2034;2078;998
2031;2176;1080
2032;2122;1021
2036;2094;988
2027;2032;1474
2035;2037;1074
2035;2059;1054
2037;2061;504
2037;2061;978
2037;2065;987
2037;2067;989
2037;1983;1070
2036;2034;967
2037;2050;1018
2039;2106;1506
2036;2083;1175
2034;2087;1085
2036;2083;522
2036;2091;983
2037;2076;1006
