2048;2087;1962
2034;2052;1963
2036;2037;2004
2035;2048;1992
2035;2039;2013
2033;2048;1989
2037;2034;2019
2035;2048;2048
2034;2038;2031
2031;2038;1995
2032;2048;1997
2031;2034;2032
2033;2048;1998
2031;2031;2007
2035;2036;1991
2031;2031;2021
2034;2038;2048
2033;2028;2019
2031;2039;2005
2033;2039;2039
2031;2036;2021
2031;2038;2069
2032;2029;2031
2031;2041;2021
2031;2037;2035
2033;2048;1987
2031;2037;2019
2031;2048;2025
2031;2034;2031
2031;2036;1979
2029;2040;1991
2031;2036;2016
2030;2048;2071
2026;2035;2028
2031;2036;2018
2032;2029;2012
2032;2034;2005
2036;2031;1981
2031;2048;1997
2031;2041;2015
2031;2039;2022
2031;2036;2005
2031;2029;1998
2030;2036;2010
2031;2048;1995
2030;2048;1991
2031;2038;2041
2031;2039;2099
2033;2039;2048
2030;2035;2027
2031;2039;2022
2031;2035;2003
2031;2048;2031
2033;2033;2029
2034;2027;2017
2031;2030;2026
2032;2036;1986
2033;2031;2067
2031;2038;1993
2030;2035;2021
2031;2035;2040
2031;2038;2027
2031;2029;2012
2031;2029;2025
2031;2048;2007
2033;2048;2009
2030;2037;2019
2029;2048;1976
2031;2034;2018
2030;2036;1995
2031;2037;2048
2030;2039;2013
2031;2048;2014
2032;2037;2053
2030;2028;2048
2031;2025;2020
2031;2035;2065
2031;2034;2005
2027;2038;1986
2031;2041;2001
2031;2036;1989
2030;2037;2048
2033;2029;2000
2048;2040;2002
2031;2048;1967
2031;2048;1967
2031;2040;2008
2031;2039;2029
2031;2039;2013
2030;2035;2035
2031;2035;1990
2031;2035;1999
2031;2048;1989
2030;2037;2015
2031;2031;2023
2031;2031;2077
2031;2031;2010
2031;2036;1987
2031;2035;2027
2030;2039;1991
2032;2039;1987
2031;2036;2000
2034;2034;2029
2031;2038;1995
2031;2048;2015
2033;2037;2022
2031;2039;2048
2031;2041;2029
2031;2038;2039
2031;2048;2021
2031;2038;2019
2031;2039;2013
2031;2048;2015
2034;2037;2037
2030;2030;2019
2033;2029;1977
2031;2034;1993
2031;2037;2007
2031;2031;2002
2031;2048;2023
2033;2039;2048
2031;2042;2048
2031;2025;1995
2029;2037;2003
2031;2048;1957
2031;2048;2010
2032;2039;2048
2031;2038;1999
2031;2037;2015
2031;2037;2007
2030;2037;2029
2031;2037;2048
2030;2048;2014
2033;2037;2031
2031;2033;2013
2030;2030;2022
2030;2037;2056
2031;2029;2024
2033;2038;2017
2031;2035;1999
2033;2037;1999
2033;2039;2016
2029;2026;2030
2031;2038;2015
2031;2048;2003
2034;2048;1988
2033;2038;1986
2034;2039;1987
2033;2039;2034
2032;2039;2027
2031;2048;2019
2034;2039;2003
2034;2041;1967
2031;2039;2056
2031;2035;2053
2031;2078;2048
2033;2048;2066
2031;2167;1961
2031;2022;2093
2033;2032;2065
2031;2048;2007
2034;2048;2063
2035;2031;2031
2035;2048;2036
2037;2048;2015
2035;2050;2035
2037;2048;2077
2037;2048;2025
2038;2048;2050
2037;2048;2052
2036;2048;2048
2037;2048;2048
2035;2057;2063
2036;2048;1997
2037;2048;2103
2039;2034;2078
2038;2048;2013
2041;2048;2078
2039;2048;2073
2039;2048;2048
2039;2051;2101
2039;2048;2077
2039;2027;2087
2038;2041;2054
2036;2067;2005
2036;2051;2027
2038;2048;2074
2038;2048;2059
2037;2048;2012
2039;2048;2079
2038;2038;2056
2037;2048;2049
2037;2050;2013
2039;2050;2032
2039;2048;2016
2038;2037;2075
2037;2048;2031
2036;2048;2020
2040;2048;2051
2037;2039;2087
2038;2048;1996
2037;2048;2005
2039;2031;2095
2038;2039;2037
2037;2041;2037
2037;2053;2002
2039;2037;2059
2040;2048;2031
2039;2048;2061
2037;2048;2011
2037;2048;2077
2038;2048;2048
2038;2048;1997
2038;2048;2039
2038;2048;2067
2038;2030;2048
2038;2038;1999
2039;2039;2003
2035;2040;2031
2036;2048;2035
2038;2048;2078
2038;2041;2062
2038;2033;2038
2038;2038;2093
2038;2039;2063
2039;2051;2048
2038;2048;2058
2037;2074;2028
2037;2048;2054
2039;2049;2068
2037;2048;2083
2038;2048;2073
2037;2048;2058
2035;2039;2106
2036;2049;2083
2035;2048;2036
2038;2048;1982
2036;2048;2038
2036;2048;2050
2039;2041;2048
2039;2048;2076
2034;2048;2085
2039;2039;2090
2038;2039;2101
2037;2039;2094
2037;2050;2072
2038;2048;2022
2037;2048;2050
2036;2048;2103
2035;2050;2117
2037;2035;2024
2038;2048;2040
2037;2040;2037
2037;2048;2070
2037;2048;2059
2037;2049;2095
2038;2048;2028
2038;2048;2103
2037;2048;2033
2037;2038;2088
2037;2048;2070
2038;2048;2101
2039;2040;2041
2037;2048;2097
2035;2048;2123
2037;2049;2085
2037;2048;2001
2037;2048;2027
2035;2048;2058
2037;2053;2048
2037;2048;2085
2038;2049;2081
2037;2048;2037
2037;2049;2130
2035;2048;2059
2036;2040;2082
2037;2048;1987
2037;2048;2112
2037;2048;2048
2038;2048;2069
2037;2048;2038
2037;2049;2026
2038;2048;2080
2041;2041;2057
2037;2048;2101
2037;2048;2074
2037;2049;2023
2037;2048;2089
2039;2048;2082
2039;2048;2039
2037;2048;2049
2037;2048;2058
2036;2039;2056
2037;2048;2079
2038;2048;2024
2036;2048;2051
2036;2048;2083
2037;2048;2091
2038;2036;2029
2036;2048;2039
2038;2048;2050
2039;2048;2039
2038;2048;2105
2038;2048;2050
2037;2048;2063
2038;2037;2093
2037;2048;2092
2036;2048;2029
2036;2048;2049
2036;2048;2053
2037;2048;2049
2036;2039;2115
2037;2048;2048
2036;2050;2067
2037;2039;2079
2036;2052;2023
2038;2037;2063
2037;2039;2037
2038;2048;2015
2039;2048;2093
2034;2048;2038
2038;2048;2069
2038;2048;2035
2035;2048;2025
2038;2048;2115
2038;2039;2066
2036;2050;2125
2036;2040;2095
2035;2048;2018
2038;2032;2034
2035;2050;2069
2036;2048;2061
2037;2048;2077
2033;2048;2085
2035;2048;2088
2036;2050;2048
2037;2037;2067
2036;2048;2080
2035;2048;2031
2036;2039;2063
2037;2048;2053
2037;2048;2031
2036;2048;2033
2037;2037;2021
2037;2048;2052
2036;2037;2018
2035;2050;2023
2036;2041;2099
2038;2049;2060
2035;2042;2071
2035;2048;2052
2036;2048;2032
2038;2041;2011
2037;2049;2071
2036;2048;2070
2036;2048;2010
2034;2036;2024
2037;2048;2072
2036;2040;2055
2037;2048;2070
2037;2048;2038
2025;2041;2091
2039;2053;2021
2037;2039;2029
2035;2051;2048
2037;2048;2048
2038;2048;2053
2035;2048;2079
2037;2048;2048
2035;2048;2023
2037;2048;2059
2035;2048;2017
2033;2048;2068
2039;2048;2051
2037;2039;2019
2037;2048;2026
2037;2037;2123
2038;2048;2003
2037;2048;2012
2037;2048;2057
2037;2048;2069
2035;2041;2040
2038;2048;2057
2037;2039;2011
2033;2048;2033
2036;2048;2090
2036;2048;1998
2036;2048;2027
2035;2050;2015
2037;2048;2050
2037;2048;2030
2037;2048;2022
2035;2048;2063
2037;2049;2060
2037;2048;2055
2038;2048;2099
2034;2039;2074
2036;2048;2015
2028;2034;2060
2035;2048;2029
2037;2040;2012
2036;2048;2077
2037;2040;2048
2037;2048;2006
2036;2048;2048
2035;2048;2031
2037;2052;2082
2038;2048;2099
2038;2048;2071
2037;2041;2066
2037;2048;2084
2037;2048;2035
2037;2048;2026
2035;2048;2079
2036;2039;2038
2035;2048;2034
2036;2034;2091
2038;2048;2048
2039;2037;2068
2037;2040;2051
2039;2048;2015
2033;2048;2075
2036;2038;2048
2039;2037;2054
2035;2048;2029
2036;2048;2004
2038;2048;2001
2036;2048;2048
2035;2048;2079
2031;2039;2089
2042;2048;2048
2037;2048;2055
2036;2048;2030
2037;2053;2026
2037;2038;2026
2038;2034;2023
2036;2036;2081
2039;2048;1997
2036;2037;2079
2036;2048;2039
2037;2048;2048
2037;2048;2019
2038;2041;2053
2037;2036;2048
2035;2049;2023
2038;2048;2019
2037;2048;2039
2037;2048;2075
2036;2048;2005
2035;2048;2026
2037;2048;2021
2037;2048;2022
2037;2048;2051
2041;2051;2053
2036;2048;2075
2036;2037;2030
2039;2034;2015
2037;2041;2035
2037;2038;2105
2037;2048;2029
2036;2048;2023
2036;2033;2026
2038;2048;2026
2037;2033;2026
2037;2048;2023
2035;2051;2019
2039;2048;2011
2037;2048;2024
2037;2048;2016
2037;2048;2048
2036;2039;2053
2037;2039;2011
2036;2048;2006
2037;2055;2036
2037;2048;2058
2037;2037;2022
2038;2033;2036
2038;2048;2031
2037;2041;2062
2048;2048;2019
2036;2048;2027
2037;2041;2001
2036;2048;2048
2036;2038;2074
2036;2040;2020
2035;2048;2015
2036;2048;1981
2035;2048;2025
2037;2048;2015
2036;2048;2019
2037;2048;2035
2036;2037;2033
2036;2048;2030
2037;2052;2021
2036;2048;2035
2037;2036;2048
2037;2037;2025
2037;2048;1995
2037;2048;2019
2037;2048;2007
2031;2048;2010
2038;2048;2002
2038;2048;2035
2034;2031;2014
2035;2048;2025
2036;2050;2021
2037;2049;2078
2036;2048;2023
2036;2039;1999
2036;2048;2009
2034;2048;1999
2035;2039;2025
2037;2039;2023
2037;2057;2017
2037;2048;1999
2037;2037;2048
2036;2038;2029
2035;2040;2037
2035;2040;2063
2037;2022;2048
2036;2048;2009
2033;2049;2032
2037;2048;2012
2038;2031;2035
2035;2048;2021
2035;2048;2007
2037;2048;2071
2037;2048;2029
2037;2048;1995
2037;2048;2048
2037;2039;2003
2035;2048;2030
2034;2048;2038
2036;2053;1995
2035;2039;2034
2036;2048;2041
2037;2037;2015
2034;2041;2034
2038;2039;2039
2036;2048;2048
2036;2039;2034
2034;2048;2007
2037;2039;2033
2035;2028;2031
2036;2040;2000
2035;2048;2029
2035;2048;2005
2036;2041;2012
2034;2048;2051
2036;2048;2021
2037;2048;2009
2038;2048;2058
2035;2048;2036
2036;2055;1997
2035;2048;1991
2037;2048;2031
2037;2038;2037
2035;2039;2030
2037;2039;2021
2037;2048;2031
2036;2048;2048
2035;2048;2042
2037;2048;2041
2037;2031;2057
2036;2048;2048
2035;2048;2015
2036;2050;1973
2036;2040;2012
2036;2048;2048
2034;2048;2008
2036;2042;2066
2036;2037;2060
2035;2048;2092
2035;2050;2018
2035;2048;2092
2036;2048;2020
2036;2037;2051
2036;2048;2082
2035;2048;2024
2036;2048;2021
2028;2048;2080
2035;2040;2048
2038;2048;2065
2036;2036;2072
2035;2040;2088
2037;2048;2023
2037;2051;2015
2037;2048;2073
2035;2048;2069
2029;2048;2080
2035;2048;2050
2036;2048;2015
2037;2048;2080
2037;2049;2059
2037;2048;2054
2037;2048;2048
2036;2037;2138
2037;2048;2141
2039;2048;2048
2037;2048;2055
2036;2048;2076
2036;2048;2030
2036;2056;2058
2035;2035;2074
2035;2039;2095
2036;2039;2048
2035;2049;2007
2037;2048;2039
2037;2048;2098
2037;2048;2049
2037;2048;2048
2037;2048;2077
2035;2048;2036
2036;2048;2035
2037;2048;2049
2037;2048;2084
2035;2041;2029
2036;2048;2065
2036;2048;2019
2036;2041;2058
2034;2041;1999
2036;2048;2024
2036;2048;2010
2037;2039;2055
2036;2039;2048
2037;2037;2037
2035;2050;1995
2037;2048;1970
2037;2048;2003
2037;2048;2011
2036;2048;2039
2036;2053;2031
2036;2039;2015
2035;2049;2048
2036;2048;2009
2037;2048;2021
2036;2048;2003
2037;2048;2025
2029;2048;1991
2035;2048;2039
2036;2039;2035
2036;2041;2027
2035;2048;2079
2036;2048;2070
2035;2048;2024
2036;2049;2055
2035;2049;2020
2037;2048;2070
2035;2048;2015
2036;2048;2056
2034;2040;2030
2036;2042;2063
2037;2041;2075
2037;2048;2103
2038;2048;2057
2034;2048;2048
2035;2041;2048
2036;2048;2010
2036;2048;2057
2037;2048;2059
2035;2039;2039
2037;2048;2033
2036;2048;2037
2036;2048;2052
2031;2048;2082
2035;2048;2087
2035;2048;1996
2035;2048;2074
2035;2048;2025
2036;2039;2053
2036;2048;2066
2035;2048;2065
2036;2048;2051
2035;2048;2018
2037;2048;2031
2036;2048;2069
2036;2049;2034
2037;2039;2033
2037;2048;2076
2037;2035;2001
2036;2048;2033
2036;2039;2048
2038;2048;2020
2037;2048;2059
2018;2029;2137
2037;2048;2019
2035;2048;2064
2034;2049;2086
2036;2041;2131
2035;2048;2079
2035;2041;2084
2035;2048;2015
2036;2039;2078
2034;2048;2071
2037;2048;2037
2036;2048;2035
2036;2048;2051
2034;2039;2021
2035;2041;2079
2035;2039;2025
2035;2048;2048
2035;2037;2040
2034;2048;2066
2036;2048;2068
2034;2039;2112
2035;2048;2053
2036;2037;2026
2031;2048;1999
2034;2041;2048
2037;2048;2070
2037;2038;2067
2037;2048;2036
2035;2048;2026
2038;2048;2040
2035;2048;2075
2035;2028;2061
2034;2048;2072
2035;2033;2173
2037;2048;2033
2035;2048;2034
2037;2040;2049
2036;2041;2058
2035;2036;2048
2035;2039;2038
2035;2048;2058
2036;2048;2037
2034;2038;2075
2034;2048;2048
2034;2041;2000
2032;2048;2048
2030;2048;2030
2034;2048;2051
2035;2050;2062
2035;2048;2031
2035;2048;2062
2035;2048;2027
2035;2048;2035
2034;2037;1984
2036;2048;2087
2036;2037;2025
2037;2048;2081
2038;2038;2080
2036;2048;2048
2035;2048;2022
2035;2038;2029
2031;2048;2013
2035;2048;2054
2035;2048;2018
2035;2050;1996
2034;2051;2039
2034;2048;2029
2030;2048;2039
2034;2048;2036
2035;2048;2059
2035;2041;2071
2037;2038;2015
2034;2048;2039
2035;2039;2020
2035;2039;2017
2035;2035;2029
2035;2048;2023
2035;2049;2039
2035;2048;2025
2034;2048;2031
2036;2041;2037
2035;2066;2024
2034;2036;2059
2035;2048;2015
2033;2039;2019
2035;2048;2017
2035;2048;2023
2035;2048;2048
2038;2048;2039
2033;2048;2017
2035;2048;2024
2033;2048;2048
2035;2048;2031
2035;2038;2048
2034;2048;2009
2036;2038;2041
2037;2048;2025
2035;2048;2028
2034;2040;2009
2034;2048;2018
2035;2037;1993
2036;2048;2013
2035;2048;2023
2036;2048;2009
2034;2041;1971
2033;2048;2015
2034;2039;2015
2035;2048;2026
2037;2048;2007
2035;2048;2005
2035;2048;2001
2035;2039;2011
2035;2048;2056
2037;2034;2073
2034;2048;2011
2035;2036;2049
2034;2048;2034
2036;2048;2009
2035;2048;2027
2037;2048;2033
2038;2036;2031
2036;2048;1999
2035;2048;2021
2035;2048;1953
2037;2048;2022
2035;2048;2005
2037;2048;2048
2034;2048;2050
2035;2048;2036
2032;2040;2039
2036;2049;2011
2035;2039;2003
2036;2038;1997
2035;2039;2073
2035;2048;1977
2035;2038;2061
2035;2039;1997
2034;2048;2007
2035;2039;2021
2034;2040;2015
2030;2037;1999
2036;2051;2056
2037;2048;2019
2035;2050;1988
2035;2036;2031
2034;2048;1973
2031;2039;2035
2035;2039;2012
2035;2048;2027
2035;2048;2048
2034;2049;2022
2034;2048;2034
2036;2039;2048
2036;2039;1990
2034;2037;1989
2034;2041;2048
2035;2048;1997
2035;2048;2025
2035;2048;2052
2034;2039;2053
2035;2035;2026
2034;2048;2055
2035;2048;2034
2035;2048;1997
2035;2040;2025
2035;2048;2087
2037;2048;2051
2037;2048;2013
2034;2048;2018
2034;2048;2011
2035;2050;2015
2036;2041;2075
2037;2038;2103
2033;2038;2014
2036;2048;2035
2034;2039;2071
2036;2048;2038
2033;2048;2068
2035;2040;2035
2035;2048;2024
2034;2036;2024
2035;2048;2004
2034;2049;1987
2034;2041;2087
2036;2070;2053
2036;2048;1990
2034;2048;2057
2035;2039;2049
2034;2048;2025
2037;2048;2079
2034;2052;2048
2035;2048;2050
2035;2037;2036
2034;2038;2017
2035;2035;2048
2035;2037;2036
2035;2048;2061
2035;2048;2037
2037;2048;2059
2035;2040;2030
2034;2033;2021
2035;2048;2056
2035;2048;2003
2034;2048;2066
2033;2048;2064
2035;2048;2065
2048;2048;2099
2034;2048;2048
2036;2048;2067
2035;2048;2086
2037;2054;2101
2033;2048;2034
2037;2039;2074
2032;2037;2064
2036;2048;2060
2036;2048;2058
2035;2048;2036
2036;2048;2079
2035;2048;2035
2035;2034;2033
2035;2037;2093
2034;2048;2048
2035;2048;2012
2034;2048;2100
2033;2041;2019
2036;2048;2093
2038;2048;2019
2034;2048;2015
2034;2048;2029
2037;2048;2099
2037;2050;1967
2034;2050;2118
2035;2040;2061
2036;2035;2082
2037;2048;2068
2036;2041;2056
2036;2048;2055
2034;2048;2048
2048;2048;2053
2037;2048;2063
2037;2035;2029
2036;2048;2048
2034;2048;2033
2037;2048;2048
2034;2048;2039
2035;2039;2144
2037;2048;2061
2037;2041;2053
2036;2040;2057
2034;2048;2031
2036;2053;2011
2035;2048;2015
2031;2048;2079
2036;2035;2048
2035;2049;2049
2035;2048;2048
2036;2041;2100
2037;2048;2015
2035;2048;2073
2034;2048;2054
2036;2031;2100
2026;2039;2063
2035;2048;2039
2034;2048;2075
2036;2041;2035
2035;2048;2011
2033;2048;2048
2036;2048;2078
2036;2048;2062
2034;2048;2048
2035;2051;2025
2037;2048;2071
2033;2048;2072
2036;2039;2041
2034;2048;2079
2037;2048;2030
2035;2041;2054
2036;2048;2022
2035;2048;2023
2035;2048;2071
2035;2037;2130
2035;2048;2052
2036;2048;2048
2034;2049;2056
2034;2048;1991
2035;2048;1983
2035;2048;2013
2034;2052;2000
2035;2048;2069
2034;2048;2033
2034;2048;2034
2035;2048;2053
2035;2048;2051
2035;2036;2098
2037;2048;1999
2035;2048;2029
2034;2048;2040
2036;2038;2048
2033;2048;2023
2036;2040;2014
2037;2034;2048
2035;2048;2040
2037;2038;2054
2034;2048;2016
2033;2041;1991
2038;2048;2079
2039;2048;2057
2036;2038;2059
2036;2040;2098
2048;2040;2053
2036;2048;2054
2037;2048;2073
2037;2048;2048
2038;2041;1990
2037;2053;2037
2036;2048;1983
2036;2048;2031
2034;2063;2048
2036;2048;2048
2035;2039;2040
2039;2040;2048
2037;2039;2077
2038;2048;2033
2038;2048;2003
2036;2048;2054
2037;2048;2015
2035;2048;2048
2036;2048;2048
2036;2048;2016
2031;2037;2031
2035;2048;2030
2037;2048;2068
2034;2048;2058
2037;2048;2154
2034;2048;1985
2035;2048;2023
2037;2038;2037
2036;2036;2048
2035;2041;2018
2035;2039;2052
2035;2039;2050
2037;2048;2037
2036;2048;2051
2035;2051;2101
2031;2048;2081
2037;2095;2019
2036;2037;2075
2038;2048;2091
2037;2048;2063
2033;2048;2030
2037;2048;2021
2034;2048;2019
2035;2048;2080
2035;2048;2106
2034;2048;2084
2035;2040;1999
2037;2048;2040
2034;2048;2051
2035;2048;2040
2036;2048;2036
2038;2048;2031
2034;2048;2058
2037;2048;2057
2035;2048;2018
2036;2048;2013
2037;2048;2106
2048;2048;2073
2034;2048;2035
2035;2039;2069
2036;2048;2052
2037;2048;2090
2034;2048;2075
2036;2048;2048
2036;2048;2081
2037;2034;1987
2037;2048;2048
2037;2041;2033
2036;2036;2039
2035;2041;2036
2034;2048;2048
2036;2048;2035
2036;2030;2058
2036;2022;2029
2036;2048;2031
2035;2048;2132
2034;2037;2035
2036;2048;2061
2035;2048;2022
2035;2048;2035
2036;2039;2023
2036;2041;2058
2037;2048;2039
2035;2048;2134
2036;2048;2038
2036;2035;2048
2033;2037;1999
2036;2048;2065
2048;2048;2041
2035;2039;2091
2037;2048;2048
2038;2041;2074
2035;2048;2019
2034;2048;2059
2036;2048;2051
2037;2048;2031
2034;2048;2114
2035;2048;2048
2035;2048;2112
2035;2048;2056
2036;2048;2067
2035;2048;2036
2031;2048;2061
2036;2041;2055
2035;2041;1993
2038;2038;2048
2035;2048;2129
2034;2038;2052
2038;2048;2101
2035;2048;2089
2036;2040;2083
2039;2048;2061
2034;2048;2062
2035;2048;2055
2037;2041;2050
2033;2049;2083
2037;2039;2039
2037;2048;2051
2031;2048;2067
2035;2048;2041
2037;2048;2048
2034;2048;2101
2034;2048;2075
2035;2048;2114
2035;2048;2031
2037;2041;2065
2037;2048;2007
2037;2036;2064
2036;2048;2048
2037;2048;2034
2037;2039;2079
2036;2048;2049
2037;2039;2068
2037;2048;2082
2035;2048;2084
2037;2050;2142
2037;2051;2010
2035;2048;2050
2034;2048;2103
2036;2048;2022
2036;2048;2031
2036;2048;2040
2035;2048;2011
2036;2030;2048
2035;2048;2051
2037;2039;2059
2037;2039;1989
2035;2039;2024
2036;2048;2040
2036;2048;2054
2039;2048;2051
2037;2054;2038
2036;2048;2048
2033;2048;2051
2034;2036;2049
2037;2050;2007
2035;2048;2103
2036;2048;2025
2034;2048;2064
2036;2048;2063
2036;2031;2053
2036;2048;2063
2035;2048;2059
2037;2041;2074
2035;2048;2034
2035;2037;2049
2035;2048;2108
2035;2035;2055
2048;2048;2048
2036;2048;2066
2036;2039;2048
2036;2039;2031
2035;2048;2018
2037;2049;2103
2037;2048;2061
2037;2050;2040
2037;2037;2023
2036;2049;2033
2036;2037;2048
2048;2048;2068
2036;2048;2038
2035;2048;2056
2036;2048;2067
2037;2039;2084
2036;2048;2049
2036;2040;2120
2034;2048;2024
2038;2039;2055
2036;2048;2086
2048;2048;2029
2036;2048;2048
2035;2048;2041
2035;2037;2031
2036;2048;2086
2036;2048;2028
2038;2048;2048
2036;2048;2048
2037;2048;2030
2036;2048;2100
2036;2048;2110
2039;2048;2039
2035;2055;2067
2013;2048;2082
2036;2038;2068
2036;2037;2048
2034;2035;2033
2036;2048;2030
2037;2041;2033
2037;2048;2022
2036;2048;2060
2039;2048;2077
2037;2048;2048
2035;2039;2073
2037;2048;2056
2036;2049;2048
2035;2048;1987
2031;2041;2062
2034;2040;1994
2037;2048;2031
2036;2048;2031
2036;2048;2049
2037;2048;2077
2039;2048;2025
2036;2034;2055
2035;2039;2083
2036;2037;2111
2037;2048;2033
2034;2048;2020
2038;2048;2066
2035;2048;2048
2036;2048;2048
2037;2048;2048
2037;2037;2111
2034;2048;2105
2036;2048;2028
2037;2039;1994
2035;2048;2057
2037;2039;2021
2035;2048;2036
2034;2039;2079
2034;2048;2057
2034;2048;2017
2037;2053;2023
2038;2048;2010
2039;2039;2064
2035;2037;2137
2036;2048;1999
2039;2039;2026
2036;2048;2083
2039;2048;2077
2034;2048;2031
2035;2048;2097
2035;2035;2105
2038;2049;2017
2037;2048;2023
2037;2048;2019
2037;2048;2073
2035;2048;2048
2036;2048;2052
2038;2048;2031
2035;2048;2110
2037;2048;2050
2037;2051;2048
2036;2048;2085
2035;2031;2081
2037;2035;2058
2037;2038;1979
2036;2048;2048
2035;2041;2031
2036;2036;2039
2036;2048;2014
2036;2048;2012
2037;2033;2099
2035;2048;2031
2036;2048;2048
2037;2050;1851
2038;2048;1993
2037;2049;2036
2037;2048;2048
2037;2048;2025
2036;2048;2048
2035;2048;2021
2035;2051;1967
2037;2048;2063
2036;2048;2031
2036;2041;2027
2036;2048;2036
2038;2040;2059
2037;2048;2024
2035;2048;2039
2037;2049;2035
2028;2042;1994
2037;2029;2019
2035;2048;2029
2035;2048;2002
2036;2048;1996
2036;2048;2058
2037;2048;2065
2035;2057;2025
2038;2048;2034
2036;2048;2048
2036;2041;2048
2036;2052;1999
2037;2048;2016
2037;2048;2025
2036;2037;2025
2037;2048;2027
2035;2048;2007
2037;2039;2048
2037;2048;2035
2036;2048;2077
2034;2048;2048
2036;2033;2024
2034;2041;1989
2036;2048;2039
2035;2048;2012
2036;2048;2063
2035;2048;2026
2037;2048;1792
2036;2048;2001
2036;2048;2027
2036;2048;2009
2048;2050;2029
2039;2048;2056
2036;2041;2051
2037;2041;2073
2036;2048;2013
2035;2039;2097
2034;2048;2010
2037;2048;2036
2036;2039;2060
2036;2048;2011
2036;2032;2008
2038;2041;2030
2036;2048;2015
2033;2048;2024
2038;2048;2015
2048;2048;2048
2037;2048;2039
2034;2048;2057
2036;2039;2060
2036;2048;2025
2036;2049;2034
2037;2048;2010
2033;2048;2027
2035;2037;2085
2037;2048;2048
2036;2048;2049
2036;2041;2048
2037;2048;2089
2036;2048;2009
2036;2041;2025
2036;2036;2059
2036;2048;2028
2034;2048;2022
2035;2041;2048
2036;2048;2019
2035;2048;2059
2037;2048;2073
2036;2048;2035
2037;2048;2050
2036;2048;2048
2035;2048;1999
2037;2048;2019
2034;2048;2027
2034;2048;2079
2048;2048;2018
2036;2053;2031
2036;2057;2061
2035;2041;2097
2036;2041;2053
2036;2048;2031
2036;2037;2075
2037;2039;2048
2036;2040;2033
2038;2048;2138
2037;2048;2067
2035;2048;2067
2036;2048;2063
2036;2048;2024
2037;2048;2019
2036;2048;2112
2036;2048;2078
2037;2048;2075
2037;2048;2097
2035;2048;2037
2037;2048;2011
2038;2048;2055
2037;2048;2031
2037;2048;2093
2037;2041;2080
2035;2041;2103
2036;2039;2150
2037;2037;2129
2030;2039;2095
2035;2049;2105
2031;2048;2010
2037;2048;2035
2038;2048;2069
2038;2039;2027
2036;2048;2027
2037;2048;2091
2037;2048;2095
2036;2048;2085
2036;2048;2082
2035;2048;2019
2037;2040;2011
2031;2048;1974
2037;2048;2076
2022;2038;2025
2036;2048;2021
2037;2041;2027
2038;2041;2048
2037;2048;2065
2035;2048;2031
2038;2048;2106
2036;2048;2073
2035;2048;2093
2035;2041;2037
2037;2048;2078
2038;2048;2029
2036;2048;2027
2033;2048;2008
2039;2048;2073
2036;2048;2024
2036;2048;2093
2034;2038;2004
2036;2048;2137
2037;2048;2032
2037;2048;2030
2037;2038;2030
2036;2048;2036
2036;2048;2048
2037;2039;2027
2039;2048;2020
2027;2048;2017
2039;2048;2048
2035;2048;2007
2036;2048;2031
2036;2048;2004
2036;2048;2031
2033;2048;2027
2036;2048;2029
2037;2048;2050
2037;2048;2019
2034;2048;2063
2038;2041;2021
2037;2048;1956
2037;2048;2015
2037;2041;2048
2037;2039;2031
2036;2048;2048
2037;2048;2029
2037;2048;2034
2037;2041;2063
2039;2048;2029
2039;2048;2021
2037;2048;2094
2037;2048;2027
2037;2048;1988
2036;2048;2037
2035;2048;2011
2037;2048;2018
2040;2048;2048
2037;2048;2038
2037;2048;2053
2035;2032;2113
2037;2048;1978
2035;2048;2001
2037;2048;2014
2034;2040;2011
2036;2048;2015
2036;2048;2024
2037;2048;2022
2035;2048;2019
2034;2039;2037
2035;2048;2063
2035;2048;2007
2035;2041;2015
2038;2058;2038
2036;2042;2025
2038;2048;1996
2036;2048;2016
2036;2048;2016
2037;2048;2059
2039;2048;2009
2037;2040;2023
2037;2048;2101
2037;2039;2015
2037;2048;2022
2037;2048;2013
2037;2035;2031
2036;2039;2015
2037;2041;2017
2048;2040;1983
2039;2048;2050
2037;2048;2048
2037;2048;2013
2036;2048;2039
2036;2048;2029
2035;2048;2031
2035;2048;2018
2036;2048;2020
2037;2048;2034
2036;2048;2030
2036;2048;1990
2037;2041;2062
2036;2048;2027
2038;2038;2024
2037;2048;2034
2036;2041;1988
2035;2048;2016
2037;2048;2021
2037;2039;2005
2036;2048;2021
2037;2041;2057
2037;2048;2031
2036;2048;2056
2037;2048;2021
2036;2037;2022
2035;2048;2027
2036;2048;2031
2036;2048;2037
2038;2048;2031
2036;2040;2057
2036;2069;2073
2048;2048;2029
2037;2048;1977
2037;2039;2022
2037;2048;2027
2038;2048;2025
2036;2048;2019
2039;2048;2024
2037;2048;2009
2035;2048;2024
2035;2048;2038
2029;2048;2010
2035;2048;2101
2037;2048;2023
2035;2048;2069
2038;2040;2052
2037;2048;2053
2036;2048;2037
2037;2048;2022
2037;2038;2063
2038;2048;2048
2037;2038;2063
2038;2048;2080
2037;2038;2016
2036;2048;2026
2039;2048;2048
2035;2040;2082
2037;2048;2070
2048;2041;2048
2036;2048;2030
2037;2048;2039
2038;2049;2009
2037;2048;2059
2035;2048;2037
2037;2048;2048
2035;2048;2029
2037;2048;2033
2033;2048;2069
2035;2048;2053
2036;2041;2049
2037;2048;2041
2039;2037;2112
2036;2048;2074
2037;2039;2078
2037;2048;1997
2038;2048;2081
2039;2048;2031
2037;2048;2058
2036;2048;2059
2035;2048;2075
2037;2048;2074
2038;2048;2039
2039;2048;2029
2037;2048;2101
2037;2048;2049
2037;2048;2035
2036;2048;2033
2037;2041;2050
2038;2048;2049
2036;2039;2053
2048;2048;2034
2035;2040;2057
2037;2048;2084
2027;2048;2112
2037;2048;2048
2037;2048;2048
2037;2048;2058
2037;2053;2002
2039;2039;2055
2035;2048;2025
2037;2048;2063
2037;2048;2073
2038;2048;2072
2038;2041;2006
2037;2048;2085
2037;2048;2055
2039;2048;2078
2037;2048;2035
2036;2050;2060
2038;2048;2122
2037;2040;2048
2038;2048;2012
2035;2048;1992
2038;2021;1991
2039;2048;2053
2037;2048;2025
2038;2048;2013
2039;2048;2051
2038;2039;2060
2036;2048;2031
2036;2051;2057
2037;2048;2122
2036;2048;1972
2037;2048;2019
2038;2048;2061
2038;2048;2029
2036;2048;2079
2037;2048;2055
2038;2052;2034
2037;2048;2048
2039;2035;2048
2038;2036;2101
2039;2048;2053
2031;2048;2027
2042;2048;2039
2038;2048;2019
2037;2048;2039
2038;2039;2048
2037;2036;2015
2038;2048;2031
2036;2051;2051
2037;2048;2000
2029;2048;2024
2036;2048;2021
2039;2048;2000
2036;2048;2053
2035;2048;2048
2039;2048;2019
2038;2049;2023
