2022;2039;2063
2023;1967;2010
2023;2032;2048
2023;2071;2103
2023;2069;2225
2023;2037;2048
2021;2048;2036
2022;2048;1990
2021;2048;2062
2022;2048;2060
2022;2048;2062
2021;2109;2026
2021;2048;2048
2020;1999;2015
2020;1986;2385
2019;2019;2114
2019;2029;2002
2023;2048;1950
2024;2048;2039
2022;2035;2048
2021;2041;2057
2020;1965;1993
2020;2021;2022
2023;2062;2094
2023;2069;2253
2022;2058;2116
2020;2051;2093
2022;2048;1983
2022;2048;2064
2019;2041;2075
2022;2048;2057
2021;2124;2096
2020;2052;2058
2022;2002;2031
2023;1986;2310
2023;2029;2003
2021;2029;2104
2021;2048;1957
2023;2048;2048
2023;2039;2054
2018;2040;2071
2025;1951;1958
2023;2025;2018
2025;2066;2068
2023;2070;2322
2021;2063;2048
2023;2055;2061
2022;2048;1970
2020;2048;2063
2019;2048;2071
2022;2049;2063
2021;2127;2038
2023;2053;2082
2022;2017;2035
2026;1992;2449
2025;2033;2039
2021;2034;1960
2024;2048;1929
2021;2040;2035
2023;2051;2048
2023;2040;2054
2021;1947;1992
2024;2025;2056
2021;2057;2077
2026;2088;2376
2021;2059;1995
2019;2055;1993
2022;2049;1970
2029;2048;2049
2019;2048;2050
2022;2048;2052
2021;2134;2048
2022;2057;2100
2022;2028;2050
2032;1991;2318
2021;2026;2127
2023;2048;1999
2014;2040;1935
2024;2040;2050
2023;2039;2028
2022;2049;2064
2023;1947;1979
2017;2021;2011
2020;2048;2051
2021;2085;2373
2020;2049;2144
2027;2055;2101
2022;2048;1927
2020;2048;2069
2022;2048;2074
2021;2048;2072
2022;2139;2092
2021;2059;2058
2021;2033;2026
2023;1991;2384
2022;2031;2144
2021;2032;2048
2022;2041;1926
2021;2039;2051
2022;2048;2055
2022;2048;2073
2023;1939;2035
2026;2015;2016
2021;2035;2115
2022;2093;2316
2022;2057;2065
2021;2058;2077
2021;2048;1911
2023;2049;2064
2021;2048;2058
2020;2048;2061
2020;2154;2127
2023;2059;2048
2022;2038;2054
2023;2001;2386
2019;2034;2073
2024;2029;2087
2025;2039;1907
2023;2039;2034
2023;2048;2050
2022;2048;2049
2023;1943;1989
2022;2024;2058
2020;2037;2114
2049;2092;2443
2022;2060;2103
2019;2061;2189
2023;2048;1875
2024;2051;2051
2023;2041;2061
2021;2048;2056
2019;2157;2069
2021;2067;2061
2023;2058;2089
2025;1998;2338
2023;2023;2014
2020;2034;2035
2020;2039;1917
2025;2039;2057
2022;2039;2057
2022;2039;2048
2023;1942;1947
2021;2015;2005
2025;2030;2005
2023;2093;2518
2021;2062;2068
2022;2050;1979
2022;2039;1923
2020;2048;2066
2023;2048;2067
2021;2048;2061
2019;2157;2093
2020;2069;2071
2022;2059;2077
2022;2003;2304
2022;2027;2059
2021;2029;2056
2022;2038;1899
2023;2037;2055
2022;2038;2048
2024;2048;2048
2023;1939;1973
2023;2013;2027
2022;2023;1978
2021;2091;2387
2020;2058;2092
2022;2054;2069
2022;2049;1869
2023;2052;2048
2023;2048;2048
2020;2048;2056
2021;2158;2090
2022;2069;2088
2022;2057;2100
2026;2007;2315
2023;2025;2117
2022;2032;2084
2022;2038;1887
2021;2038;2028
2023;2041;2048
2024;2040;2048
2023;1939;1983
2023;2023;2017
2023;2019;2048
2023;2098;2479
2021;2055;2039
2021;2055;2021
2021;2048;1810
2021;2049;2022
2024;2034;2039
2023;2048;2048
2021;2155;2077
2022;2072;2086
2019;2068;2055
2030;2004;2358
2021;2027;2106
2023;2037;2030
2022;2048;1821
2023;2041;2022
2024;2039;2026
2025;2037;2033
2024;1941;1974
2022;2020;2029
2024;2023;2009
2022;2089;2395
2023;2055;2066
2015;2055;2009
2022;2048;1875
2023;2061;2033
2023;2048;2041
2023;2048;2036
2019;2159;2039
2020;2068;2026
2021;2072;2018
2021;2026;2360
2024;2026;2114
2023;2036;1936
2023;2041;1854
2024;2037;2027
2022;2048;2048
2021;2020;2033
2024;1948;2005
2022;2021;1991
2022;2012;2007
2020;2088;2334
2024;2053;2146
2019;2054;1991
2023;2048;1859
2022;2049;2035
2023;2048;2048
2023;2048;2053
2019;2158;2022
2022;2074;2107
2026;2063;2110
2023;2023;2078
2020;2025;2139
2020;2037;2115
2021;2038;1749
2023;2038;2019
2024;2050;2039
2022;2037;2036
2024;1946;1951
2021;2025;2025
2024;2025;2027
2019;2087;2448
2022;2061;2089
2023;2053;2063
2021;2048;1820
2023;2053;2024
2022;2049;2039
2024;2048;2052
2021;2171;2079
2021;2070;2111
2018;2069;2103
2022;2039;2318
2022;2023;2086
2024;2031;2137
2022;2048;1721
2023;2035;2023
2022;2039;2030
2022;2039;2029
2024;1956;1959
2023;2023;1996
2022;2027;1979
2023;2057;2283
2023;2064;2199
2022;2048;1927
2022;2048;1783
2018;2050;2039
2023;2048;2050
2022;2048;2048
2021;2163;2056
2019;2060;2039
2023;2068;2085
2023;2039;2229
2022;2019;2242
2021;2049;2016
2026;2035;1746
2023;2034;2033
2024;2293;2052
2021;2039;2048
2022;1947;1986
2023;2018;2004
2023;2024;1985
2022;2069;2181
2019;2067;2126
2021;2051;2093
2021;2037;1794
2021;2048;2036
2022;2048;2048
2023;2048;2048
2020;2161;2095
2021;2066;2027
2026;2063;2052
2021;2048;2241
2024;2016;2094
2023;2034;1893
2024;2036;1707
2022;2036;2020
2021;2035;2034
2023;2039;2027
2026;1950;1995
2022;2018;2029
2033;2033;2033
2022;2048;2081
2023;2067;2119
2021;2048;2075
2024;2040;1780
2021;2031;2033
2022;2048;2040
2023;2048;2048
2022;2161;1999
2021;2067;2075
2022;2069;2053
2023;2048;2110
2023;2017;2177
2021;2034;2023
2020;2037;1718
2022;2041;2025
2023;2050;2039
2017;2015;2048
2023;1955;1997
2027;2023;2006
2025;2036;2001
2022;2037;2064
2020;2075;2185
2022;2049;2098
2023;2041;1679
2022;2049;2010
2023;2048;2048
2021;2048;2048
2021;2153;2049
2023;2056;2089
2024;2051;2082
2021;2053;2105
2022;2010;2107
2027;2026;2083
2021;2032;1727
2022;2037;2015
2022;2039;2037
2021;2038;2031
2025;1976;2003
2025;2029;2048
2024;2048;1997
2022;2027;2006
2019;2078;2211
2023;2052;2094
2025;2041;1699
2021;2048;2019
2022;2048;2031
2023;2048;2029
2019;2150;2091
2022;2062;2081
2022;2048;2086
2022;2057;2106
2030;2009;2153
2025;2048;2096
2026;2024;1655
2021;2048;2025
2021;2036;2040
2022;2037;2034
2023;1972;1988
2023;2023;2020
2023;2038;2010
2024;2019;2057
2023;2076;2157
2022;2057;2075
2024;2048;1667
2023;2037;2021
2023;2048;2050
2023;2048;2039
2023;2140;2011
2025;2059;2081
2021;2051;2034
2023;2059;2048
2023;2004;2177
2021;2039;2053
2023;2027;1643
2023;2048;2021
2023;2040;2048
2023;2039;2036
2027;1985;2050
2027;2027;2011
2023;2038;2048
2023;2027;2014
2021;2080;2235
2019;2054;2007
2022;2048;1664
2020;2048;2005
2021;2048;2048
2020;2049;2048
2021;2118;2007
2020;2051;2079
2021;2040;2066
2022;2062;2098
2023;2003;2172
2019;2039;2061
2029;2019;1653
2022;2037;2027
2023;2039;2048
2022;2048;2048
2025;1992;2021
2025;2020;2057
2024;2048;2048
2022;2026;2003
2021;2084;2161
2023;2048;2062
2023;2048;1639
2021;2022;2026
2021;2048;2039
2023;2048;2056
2023;2107;2009
2017;2061;2105
2020;2037;2100
2023;2059;2039
2020;2000;2180
2026;2034;2072
2023;2015;1623
2021;2039;2034
2024;2041;2049
2023;2036;2055
2025;2017;2067
2023;2021;2071
2020;2048;2048
2022;2027;2106
2020;2087;2113
2020;2051;2048
2023;2050;1647
2021;2048;2030
2022;2048;2059
2024;2048;2050
2020;2089;1975
2022;2057;2020
2023;2029;2049
2020;2051;2067
2023;2001;2149
2027;2036;2107
2019;2013;1529
2021;2041;2021
2023;2048;2051
2020;2039;2054
2019;2025;2099
2024;2022;2061
2023;2050;2048
2022;2030;2064
2024;2083;2197
2024;2053;2074
2022;2053;1674
2020;2048;2048
2021;2048;2072
2022;2051;2054
2021;2066;2001
2023;2055;2039
2020;2028;2031
2021;2057;2048
2022;2002;2270
2021;2039;2008
2025;2007;1579
2025;2048;2027
2022;2048;2056
2031;2036;2058
2023;2031;2053
2023;2015;2085
2024;2051;2114
2023;2033;2071
2024;2088;2216
2022;2055;2029
2019;2048;1625
2022;2048;2034
2019;2048;2057
2023;2053;2054
2022;2059;2006
2023;2058;2059
2021;2024;2004
2025;2058;2077
2023;1997;2176
2022;2048;2057
2020;2003;1654
2023;2048;2011
2021;2048;2036
2024;2038;2055
2021;2048;2091
2023;2015;2055
2023;2052;2109
2021;2029;1999
2029;2081;2216
2025;2048;2039
2021;2050;1546
2020;2048;2008
2025;2048;2048
2022;2035;2048
2024;2059;1999
2023;2058;2060
2025;2022;2011
2048;2054;2067
2021;1994;2275
2019;2034;2132
2031;1998;1467
2024;2048;1982
2023;2032;2027
2023;2039;2048
2026;2036;2034
2022;2013;2003
2021;2049;2035
2025;2037;1991
2022;2085;2274
2020;2051;1999
2024;2057;1545
2021;2048;2003
2023;2048;2039
2023;2051;2031
2021;2048;2049
2023;2058;2086
2023;2024;2063
2023;2039;2048
2026;1998;2197
2023;2036;1960
2025;2004;1707
2019;2048;1998
2026;2048;2039
2022;2036;2029
2021;2035;2035
2024;2013;2026
2024;2051;2092
2023;2050;2017
2022;2074;2187
2023;2050;2103
2022;2059;1651
2022;2048;2014
2022;2048;2051
2023;2048;2054
2024;2048;2039
2024;2065;2021
2022;2031;2066
2021;2039;2086
2023;1993;2170
2023;2035;2103
2022;2009;1831
2035;2048;2005
2023;2048;2048
2021;2036;2051
2022;2036;2048
2021;2007;2015
2023;2051;2051
2021;2054;2062
2020;2075;2171
2023;2049;2020
2021;2063;1790
2023;2048;1983
2023;2048;2041
2022;2048;2031
2021;2049;2048
2021;2065;2085
2021;2026;2073
2022;2038;2048
2023;1983;2195
2023;2035;2057
2022;2010;1806
2021;2048;1983
2024;2048;2050
2023;2039;2048
2022;2037;2031
2024;2000;2052
2023;2051;2110
2023;2073;2059
2022;2066;2202
2023;2057;2082
2021;2063;1950
2021;2039;1994
2021;2048;2050
2022;2048;2050
2022;2048;2052
2023;2075;2025
2022;2033;2085
2019;2016;2038
2022;1989;2150
2022;2034;2081
2029;2018;1952
2025;2048;1983
2023;2048;2048
2023;2037;2048
2025;2034;2049
2024;2007;2028
2027;2052;2088
2022;2069;2122
2021;2077;2301
2023;2060;2079
2020;2069;2007
2022;2048;1999
2023;2036;2070
2025;2048;2053
2019;2054;2050
2017;2077;2048
2023;2039;2101
2024;2021;2079
2022;1990;2210
2023;2031;2050
2021;2022;2207
2024;2041;2010
2023;2048;2052
2023;2038;2057
2023;2034;2074
2025;2007;2049
2024;2048;2054
2024;2070;2065
2021;2080;2246
2023;2053;2061
2011;2063;2000
2023;2050;2022
2022;2034;2077
2022;2048;2060
2021;2051;2058
2025;2086;2059
2023;2036;2048
2025;2013;2055
2022;1993;2282
2024;2022;2129
2022;2027;1993
2023;2039;1979
2021;2048;2048
2022;2048;2048
2020;2036;2055
2024;1993;2013
2021;2048;2068
2023;2080;2066
2022;2077;2217
2023;2052;2048
2023;2065;2087
2023;2048;2010
2018;2048;2055
2023;2049;2064
2023;2048;2048
2021;2098;2086
2019;2048;2059
2020;2011;2062
2022;1990;2277
2022;2033;2039
2026;2021;2048
2022;2048;1975
2021;2048;2027
2022;2048;2048
2023;2039;2051
2023;1994;2031
2022;2050;2097
2021;2083;2006
2023;2071;2219
2022;2054;2103
2021;2064;2058
2020;2048;1971
2023;2041;2034
2023;2041;2048
2024;2052;2048
2023;2100;2050
2022;2021;2090
2023;1993;2025
2023;1987;2302
2027;2031;2018
2027;2033;2138
2011;2037;1946
2023;2048;2028
2023;2039;2037
2021;2037;2036
2022;1985;2014
2026;2039;2077
2023;2083;2097
2024;2075;2229
2022;2053;2091
2024;2048;2114
2023;2048;1987
2023;2048;2037
2023;2048;2039
2024;2052;2048
2022;2103;2058
2022;2050;2048
2021;2007;2041
2025;1987;2346
2021;2031;2085
2021;2035;2048
2025;2036;1963
2025;2048;2033
2022;2048;2023
2023;2035;2035
2025;1979;1994
2026;2048;2069
2022;2075;2049
2024;2065;2238
2026;2054;2069
2021;2058;2173
2021;2050;1967
2021;2048;2055
2023;2048;2048
2027;2049;2039
2021;2095;2080
2021;2051;2065
2019;2012;2048
2026;1985;2267
2025;2019;2059
2021;2029;2148
2023;2048;1968
2024;2039;2031
2025;2039;2048
2023;2048;2049
2027;1976;2001
2025;2034;2072
2023;2075;2103
2023;2066;2402
2021;2061;2113
2025;2050;1933
2021;2048;1961
2021;2048;2049
2023;2039;2048
2022;2049;2048
2023;2147;2031
2022;2055;2028
2023;2011;2061
2023;1983;2345
2025;2021;2097
2024;2034;2052
2023;2038;1969
2023;2048;2025
2024;2039;2034
2023;2035;2033
2023;1965;2005
2022;2037;2069
2021;2068;2071
2022;2077;2397
2023;2065;2057
2024;2055;2057
2021;2048;1927
2021;2048;2038
2020;2037;2048
2021;2048;2034
2020;2138;2104
2023;2060;2055
2026;2021;2078
2024;1991;2377
2022;2029;2109
2022;2031;2062
2023;2039;1952
2030;2040;2026
2023;2048;2048
2023;2048;2034
2023;1961;2039
2026;2031;2019
2021;2071;2027
2021;2079;2425
2023;2058;2075
2024;2054;1907
2023;2048;1931
2030;2041;2051
2023;2048;2051
2023;2048;2041
2020;2138;2052
2022;2061;2033
2020;2027;2049
2025;1993;2349
2021;2031;2068
2023;2021;2081
2023;2039;1937
2024;2048;2048
2021;2039;2048
2023;2048;2048
2024;1959;1966
2023;2025;2030
2022;2054;2094
2025;2073;2338
2023;2052;2130
2023;2055;2027
2023;2048;1933
2027;2048;2048
2023;2040;2048
2023;2048;2051
2018;2141;2085
2024;2060;2088
2025;2031;2079
2025;2015;2323
2023;2027;2138
2022;2038;2090
2025;2038;1925
2024;2039;2031
2025;2040;2048
2024;2038;2035
2025;1949;1946
2017;2021;2029
2022;2048;2084
2023;2078;2447
2023;2053;2034
2022;2057;2166
2022;2048;1910
2022;2048;2048
2029;2048;2049
2024;2051;2048
2021;2142;2019
2022;2062;2029
2023;2041;2088
2015;2015;2403
2021;2029;2089
2023;2029;2144
2024;2048;1899
2019;2048;2038
2025;2048;2049
2023;2041;2048
2023;1953;2009
2024;2023;1997
2021;2039;2065
2021;2083;2351
2023;2055;2063
2023;2052;2079
2025;2048;1941
2021;2050;2066
2021;2048;2068
2020;2048;2053
2022;2144;2048
2021;2071;2097
2022;2057;2039
2021;1998;2403
2023;2020;2195
2023;2038;2017
2024;2037;1888
2023;2040;2050
2024;2048;2082
2023;2039;2056
2025;1947;1957
2024;2016;1996
2019;2035;2033
2025;2084;2447
2025;2059;2050
2025;2053;2144
2022;2048;1897
2025;2048;2075
2023;2048;2081
2022;2048;2073
2023;2149;2106
2023;2061;2048
2021;2053;2055
2021;2000;2369
2023;2033;2106
2019;2033;2167
2023;2048;1875
2024;2038;2076
2025;2039;2053
2023;2048;2061
2025;1944;1958
2023;2015;1998
2024;2023;2092
2023;2092;2393
2026;2058;2148
2024;2059;2061
2023;2038;1894
2021;2048;2051
2021;2048;2061
2024;2048;2067
2020;2141;2098
2025;2071;2121
2022;2055;2063
2022;2004;2535
2027;2021;2179
2021;2034;2206
2026;2039;1805
2022;2039;2025
2022;2038;2037
2025;2039;2038
2022;1947;1957
2025;2017;2029
2024;2022;2027
2026;2088;2339
2025;2056;2121
2023;2062;1971
2025;2048;1898
2022;2053;2048
2023;2048;2041
2025;2048;2039
2020;2143;2033
2022;2066;2053
2023;2055;2061
2023;2006;2345
2026;2031;2193
2022;2025;2081
2037;2048;1857
2023;2036;2039
2021;2033;2048
2025;2038;2041
2023;1940;1946
2023;2018;1939
2023;2018;1975
2021;2089;2420
2023;2057;2085
2021;2052;2028
2024;2048;1862
2022;2048;2048
2025;2048;2055
2022;2048;2048
2023;2151;2078
2020;2063;2063
2023;2064;2085
2023;2020;2471
2022;2027;2074
2024;2037;2072
2022;2050;1839
2023;2038;2048
2025;2048;2055
2023;2048;2048
2023;1939;1939
2023;2026;2007
2023;2023;1989
2021;2092;2473
2021;2055;2155
2020;2062;2120
2011;2039;1850
2026;2050;2048
2025;2048;2060
2023;2048;2062
2017;2149;2063
2021;2067;2163
2015;2064;2159
2023;2029;2365
2026;2029;2110
2023;2034;2171
2021;2039;1859
2021;2033;2048
2023;2048;2048
2021;2038;2051
2013;1933;1980
2022;2015;2005
2023;2034;1979
2021;2079;2434
2022;2057;2074
2021;2056;2183
2027;2048;1777
2023;2048;2059
2023;2048;2075
2024;2048;2065
2022;2141;2101
2023;2068;2035
2025;2064;2103
2026;2023;2315
2027;2025;2132
2024;2035;2057
2023;2038;1754
2021;2037;2039
2025;2039;2057
2023;2048;2067
2023;1936;1983
2023;2012;1991
2024;2013;1963
2022;2082;2425
2025;2055;2096
2023;2048;2067
2023;2038;1821
2023;2050;2053
2023;2048;2060
2022;2039;2068
2022;2145;2064
2022;2061;2098
2023;2059;2113
2026;2049;2262
2024;2022;2063
2024;2034;2051
2024;2031;1777
2023;2036;2048
2025;2037;2053
2025;2048;2054
2023;1941;1979
2025;2019;1953
2026;2025;1983
2022;2075;2319
2024;2058;2129
2022;2048;2029
2022;2040;1779
2023;2048;2023
2028;2050;2050
2024;2041;2049
2023;2141;2048
2019;2061;2103
2023;2063;2061
2024;2050;2217
2022;2025;2134
2023;2048;2063
2020;2040;1771
2023;2031;2021
2026;2037;2028
2023;2039;2026
2025;1951;1982
2023;2021;2005
2023;2023;2039
2023;2069;2312
2029;2061;2116
2021;2051;2010
2023;2037;1758
2023;2053;2019
2015;2048;2041
2023;2048;2035
2023;2130;2023
2022;2061;2048
2022;2052;2015
2021;2048;2178
2023;2016;2203
2022;2048;2081
2023;2033;1579
2023;2035;2015
2023;2048;2035
2023;2038;2038
2026;1946;1958
2025;2017;1940
2025;2025;1993
2022;2055;2187
2029;2068;2181
2026;2049;1957
2022;2048;1680
2023;2050;2023
2020;2051;2048
2023;2048;2048
2021;2133;2073
2020;2057;2037
2024;2049;2048
2020;2052;2172
2025;2018;2177
2024;2037;2048
2023;2034;1696
2024;2040;2036
2023;2037;2048
2026;2039;2052
2023;1967;1975
2023;2030;2013
2024;2029;2005
2022;2036;2097
2025;2064;2031
2025;2052;2090
2023;2048;1693
2022;2050;2015
2021;2048;2048
2024;2050;2058
2024;2126;2115
2022;2048;2058
2022;2051;2083
2023;2059;2167
2022;2023;2135
2023;2041;2019
2024;2033;1675
2022;2037;2023
2022;2039;2038
2023;2039;2048
2026;1973;1981
2025;2028;2007
2022;2031;2066
2024;2034;2004
2023;2063;2132
2026;2052;2109
2021;2048;1556
2021;2048;2025
2019;2048;2048
2023;2048;2039
2019;2123;2093
2019;2053;2020
2022;2048;2099
2024;2060;2171
2023;2018;2177
2026;2030;1956
2025;2029;1670
2049;2037;2034
2014;2039;2054
2024;2038;2049
2029;1983;2009
2023;2025;2106
2023;2037;2062
2030;2029;2007
2022;2070;2309
2024;2048;2048
2024;2048;1557
2022;2050;2026
2023;2039;2058
2024;2048;2056
2019;2111;1983
2020;2060;2102
2023;2048;2029
2023;2069;2139
2026;2015;2179
2025;2037;2151
2023;2029;1578
2024;2038;2048
2023;2041;2067
2023;2038;2069
2027;1988;2034
2025;2035;2015
2023;2048;2054
2023;2023;2039
2023;2062;2142
2021;2058;2099
2021;2039;1484
2023;2051;2027
2022;2048;2067
2022;2051;2063
2022;2099;2021
2021;2052;2039
2025;2049;2015
2024;2066;2048
2021;2011;2198
2026;2026;2084
2023;2023;1667
2024;2048;2039
2026;2048;2048
2025;2039;2054
2026;2008;2009
2023;2030;2103
2023;2048;2019
2021;2029;2008
2020;2065;2143
2023;2056;2052
2024;2048;1608
2025;2039;2020
2021;2048;2053
2023;2048;2058
2020;2090;2039
2022;2055;2083
2021;2027;2003
2017;2067;2127
2029;2003;2199
2018;2033;2020
2024;2016;1523
2023;2039;2013
2022;2048;2059
2024;2031;2052
2023;2021;2088
2021;2029;2067
2025;2055;2099
2025;2023;2018
2021;2065;2238
2023;2048;2059
2022;2036;1609
2022;2037;2034
2022;2048;2063
2023;2048;2057
2021;2094;2011
2022;2051;2017
2023;2048;2035
2021;2063;2099
2023;2011;2181
2021;2035;2111
2023;2017;1636
2025;2040;2052
2023;2048;2066
2023;2036;2071
2023;2026;2057
2024;2029;2021
2024;2048;2085
2023;2034;1981
2025;2072;2171
2023;2048;2117
2024;2048;1637
2022;2048;2065
2023;2048;2065
2023;2048;2063
2021;2064;1991
2021;2058;2048
2022;2048;2053
2023;2065;2084
2023;2004;2282
2025;2033;2164
2026;2013;1462
2023;2048;2018
2022;2050;2063
2026;2031;2067
2026;2048;2084
2024;2027;2053
2023;2055;2071
2025;2033;1981
2023;2069;2148
2025;2052;2132
2024;2052;1625
2025;2048;2023
2023;2048;2058
2021;2041;2053
2025;2049;2007
2022;2066;2113
2024;2057;2086
2022;2058;2090
2025;2007;2262
2021;2040;2124
2025;2011;1535
2023;2039;2012
2021;2048;2054
2024;2039;2056
2025;2048;2052
2026;2030;2034
2025;2048;2061
2024;2034;2010
2023;2072;2194
2022;2053;2129
2023;2052;1668
2023;2048;2033
2023;2048;2061
2023;2048;2048
2026;2056;2060
2023;2053;2048
2021;2048;2048
2023;2055;2114
2024;2011;2339
2024;2035;2059
2023;2010;1566
2025;2048;2010
2025;2038;2050
2024;2038;2063
2024;2048;2053
2025;2025;2099
2023;2048;2039
2023;2035;2000
2022;2063;2299
2005;2048;2144
2021;2054;1629
2025;2048;2021
2025;2048;2075
2019;2051;2064
2024;2050;2064
2021;2060;2061
2022;2040;2050
2026;2040;2095
2024;2013;2076
2025;2030;1947
2023;2010;1713
2021;2039;2002
2023;2039;2063
2025;2040;2071
2023;2041;2053
2026;2023;2015
2026;2048;2024
2025;2049;2055
2026;2064;2334
2026;2052;2238
2026;2055;1718
2026;2048;1999
2022;2048;2058
2025;2048;2064
2022;2048;2073
2025;2062;2080
2023;2048;2053
2023;2037;2078
2022;2013;2271
2023;2048;2084
2022;2013;1902
2021;2039;2009
2024;2048;2048
2022;2037;2049
2023;2039;2050
2024;2003;2048
2025;2040;2081
2022;2054;2070
2022;2064;2247
2025;2048;2087
2023;2060;1996
2022;2049;2033
2013;2048;2057
2023;2049;2063
2021;2048;2049
2021;2078;2098
2025;2031;2035
2021;2040;2106
2024;2001;2224
2023;2035;2037
2025;2027;1994
2021;2039;2010
2022;2041;2059
2023;2048;2062
2021;2040;2067
2023;2013;2054
2023;2050;2114
2023;2051;2071
2023;2067;2251
2024;2057;2113
2023;2059;1996
2025;2048;1995
2022;2035;2067
2024;2049;2069
2023;2048;2050
2022;2073;2076
2028;2048;2059
2024;2022;2041
2024;2011;2332
2025;2033;2133
2023;2027;2086
2023;2037;2002
2025;1792;2053
2025;2048;2065
2025;2034;2055
2023;2004;2056
2030;2050;2086
2024;2062;2134
2020;2069;2264
2027;2049;1986
2028;2048;1986
2024;2055;2009
2022;2040;2055
2023;2048;2055
2025;2050;2054
2023;2075;2062
2024;2048;2117
2022;2020;2090
2026;2005;2196
2025;2031;1998
2024;2026;2000
2024;2039;2003
2023;2048;2068
2024;2048;2055
2024;2048;2062
2027;2009;2014
2025;2048;2089
2023;2061;2109
2021;2065;2287
2025;2052;1991
2022;2057;1961
2023;2048;1992
2024;2048;2057
2025;2048;2075
2022;2050;2058
2022;2071;2103
2023;2052;2107
2024;2019;2048
2027;2003;2261
2026;2039;2157
2023;2031;2053
2023;2048;1979
2023;2037;2035
2023;2048;2038
2026;2038;2048
2026;2005;2015
2026;2037;2067
2025;2073;2081
2022;2056;2377
2025;2054;2071
2019;2053;2183
2024;2039;1957
2024;2048;2050
2022;2048;2048
2023;2048;2048
2023;2084;2114
2024;2049;2066
2026;2021;2007
2023;2008;2289
2024;2038;2006
2026;2037;2123
2025;2036;1986
2025;2049;2035
2022;2036;2048
2023;2036;2048
2026;2002;2010
2022;2031;2010
2025;2064;2109
2027;2057;2345
2024;2059;2166
2024;2053;1983
2021;2048;1980
2026;2048;2071
2024;2048;2064
2014;2053;2048
2022;2084;2024
2022;2052;2079
2025;2018;2048
2023;2013;2331
2024;2037;2105
2027;2036;2091
2025;2048;1962
2024;2048;2048
2024;2035;2052
2026;2048;2055
2026;1999;2068
2024;2030;2065
2024;2060;2112
2027;2067;2327
2020;2049;2103
2026;2048;2075
2025;2048;1979
2023;2048;2076
2026;2048;2063
2024;2049;2058
2025;2093;2020
2023;2050;2031
2026;2021;2009
2027;2011;2360
2027;2040;2157
2027;2035;2077
2026;2034;1927
2025;2048;2031
2027;2048;2054
2026;2048;2069
2027;1990;2013
2027;2034;2033
2025;2053;2125
2025;2062;2367
2026;2051;2089
2026;2052;2124
2025;2048;1957
2029;2048;2055
2026;2049;2058
2033;2048;2048
2021;2097;2051
2023;2062;2063
2022;2025;2011
2026;2010;2396
2023;2037;2184
2026;2031;2039
2027;2039;1943
2025;2037;2034
2018;2048;2051
2026;2048;2049
2026;1987;2011
2027;2027;2055
2031;2050;2101
2023;2064;2344
2023;2063;2102
2027;2048;2069
2026;2052;1954
2025;2048;2064
2025;2048;2058
2023;2050;2066
2024;2102;2094
2024;2060;2103
2025;2030;2081
2024;2008;2393
2024;2034;2130
2030;2037;2066
2025;2048;1930
2025;2048;2052
2025;2048;2059
2026;2039;2059
2027;1985;1963
2025;2023;2004
2025;2048;2125
2025;2068;2520
2024;2052;2159
2025;2051;2149
2023;2050;1953
2026;2048;2072
2024;2049;2078
2023;2048;2086
2024;2100;2038
2027;2063;2114
2025;2040;2078
2026;2009;2398
2027;2039;2062
2028;2031;2122
2026;2039;1932
2024;2048;2054
2026;2048;2053
2025;2039;2063
2026;1983;1946
2025;2023;2026
2027;2037;2057
2022;2066;2355
2026;2063;2157
2018;2050;2079
2028;2048;1949
2030;2048;2053
2025;2048;2061
2025;2048;2059
2024;2104;2133
2024;2063;2074
2025;2048;2082
2027;2003;2344
2022;2048;2036
2026;2040;2232
2024;2038;1922
2024;2048;2037
2026;2048;2049
2027;2040;2049
2026;1977;1948
2026;2024;2031
2026;2035;2097
2025;2071;2407
2024;2048;2048
2029;2049;2029
2025;2049;1919
2024;2048;2070
2028;2049;2070
2026;2048;2048
2025;2105;2077
2024;2061;2091
2023;2050;2048
2027;2015;2465
2026;2034;2084
2026;2036;2015
2025;2048;1913
2025;2048;2053
2027;2037;2052
2025;2048;2059
2026;1977;1998
2026;2020;2061
2027;2031;2067
2034;2066;2390
2023;2055;2091
2023;2053;2102
1998;2048;1938
2023;2048;2068
2027;2048;2059
2026;2048;2057
2023;2104;2056
2024;2063;2097
2025;2053;2048
2026;2017;2389
2026;2035;2151
2023;2035;2077
2030;2039;1911
2026;2038;2048
2025;2048;2058
2029;2039;2055
2034;1975;1971
2023;2020;2011
2026;2033;2048
2025;2074;2511
2027;2048;2128
2031;2048;2019
2026;2048;1868
2025;2048;2057
2025;2054;2058
2025;2048;2055
2025;2108;2101
2023;2066;2092
2026;2063;2091
2025;2025;2375
2030;2033;2135
2027;2028;2013
2024;2039;1855
2019;2039;2023
2027;2040;2035
2026;2048;2036
2029;1980;1948
2027;2017;1974
2026;2029;1996
2023;2075;2397
2024;2050;2176
2027;2060;2179
2025;2048;1835
2024;2048;2050
2022;2049;2050
2027;2048;2048
2022;2107;2095
2023;2061;2114
2027;2057;2110
2035;2015;2449
2024;2033;2055
2023;2048;2039
2025;2036;1848
2026;2033;2027
2027;2048;2031
2026;2039;2027
2027;1979;1951
2026;2024;1999
2029;2018;2006
2027;2070;2385
2026;2055;2103
2025;2051;2079
2026;2048;1809
2025;2051;2048
2025;2048;2050
2026;2048;2048
2024;2107;2107
2025;2069;2080
2021;2059;2064
2026;2033;2353
2028;2037;2137
2025;2036;2075
2025;2048;1866
2025;2037;2026
2025;2048;2038
2024;2048;2048
2028;1979;2018
2027;2023;2026
2026;2027;2017
2026;2066;2496
2025;2056;2113
2028;2055;2019
2026;2048;1816
2024;2031;2031
2024;2048;2051
2026;2039;2048
2026;2107;2051
2029;2063;2075
2023;2065;2061
2021;2037;2430
2027;2039;2129
2025;2039;2068
2024;2037;1763
2025;2037;2021
2018;2040;2034
2026;2048;2054
2026;1977;1999
2028;2018;2009
2026;2029;2021
2026;2073;2410
2026;2053;2121
2027;2050;2078
2025;2048;1771
2024;2048;2031
2026;2049;2057
2026;2048;2050
2025;2108;2063
2024;2063;2110
2023;2060;2127
2038;2039;2464
2027;2036;2132
2023;2038;2095
2023;2038;1823
2024;2036;2029
2025;2039;2049
2029;2032;2053
2027;1977;2003
2027;2021;1991
2023;2027;2048
2025;2061;2415
2025;2056;2089
2025;2049;1971
2025;2038;1787
2026;2048;2048
2025;2048;2071
2026;2040;2060
2025;2110;2060
2022;2062;2089
2028;2065;2035
2026;2035;2339
2024;2034;2165
2022;2039;2132
2029;2037;1771
2026;2039;2048
2026;2048;2064
2026;2048;2058
2028;1981;1977
2025;2025;2011
2027;2028;2001
2025;2064;2391
2027;2060;2098
2027;2048;2165
2023;2048;1799
2027;2048;2058
2025;2050;2065
2027;2048;2065
2025;2114;2054
2020;2069;2093
2025;2062;2103
2027;2048;2272
2026;2029;2035
2024;2037;2104
2026;2039;1800
2023;2053;2057
2027;2039;2068
2025;2038;2050
2027;1986;1963
2029;2036;1989
2027;2027;2092
2026;2050;2289
2029;2053;2112
2028;2048;2100
2030;2048;1743
2031;2069;2048
2027;2051;2074
2027;2048;2070
2027;2111;2066
2025;2065;2110
2025;2059;2101
2029;2055;2287
2030;2030;2071
2031;2031;2122
2029;2031;1670
2031;2038;2048
2027;2048;2021
2030;2037;2057
2029;1985;1971
2030;2027;1993
2031;2028;2082
2026;2051;2116
2030;2058;2123
2028;2048;2061
2029;2048;1747
2027;2048;2031
2030;2048;2049
2029;2048;2062
2026;2113;2111
2029;2062;2039
2027;2055;2080
2025;2050;2341
2030;2026;2140
2026;2039;2039
2027;2048;1730
2030;2039;2023
2031;2037;2048
2029;2039;2033
2031;1997;1972
2031;2022;2039
2029;2026;1987
2027;2038;2076
2030;2064;2102
2029;2050;2022
2030;2048;1727
2029;2048;2026
2029;2048;2048
2029;2048;2035
2031;2111;2034
2030;2058;1993
2027;2055;2091
2031;2055;2126
2031;2031;2198
2030;2039;2112
2029;2029;1711
2030;2037;2048
2031;2036;2037
2031;2048;2031
2033;1990;2037
2033;2028;2061
2034;2035;2093
2034;2039;2036
2034;2060;2073
2031;2048;2063
2031;2039;1748
2031;2051;2029
2034;2049;2063
2029;2048;2055
2029;2103;2126
2031;2059;2062
2031;2056;2081
2029;2054;2090
2033;2025;2062
2031;2037;1980
2031;2029;1696
2033;2048;2015
2031;2048;2039
2033;2048;2050
2032;2003;1991
2038;2028;2015
2033;2037;2072
2031;2031;2053
2037;2057;2050
2033;2050;2115
2031;2053;1605
2031;2048;2023
2033;2048;2041
2030;2048;2048
2030;2102;2049
2027;2061;2079
2031;2054;2111
2032;2055;2123
2031;2024;2144
2031;2048;2023
2031;2029;1669
2030;2041;2037
2030;2039;2055
2039;2048;2048
2034;2009;2067
2035;2027;2048
2031;2039;1989
2034;2033;2000
2032;2058;2078
2034;2048;1997
2031;2048;1742
2031;2048;2033
2036;2048;2064
2030;2048;2048
2031;2087;1982
2033;2059;2081
2031;2048;2039
2035;2053;2067
2033;2023;2117
2034;2048;2119
2035;2035;1874
2033;2048;2036
2034;2039;2048
2033;2041;2049
2035;2019;2068
2033;2026;2071
2035;2029;2095
2033;2031;1997
2031;2063;2005
2031;2051;2062
2031;2051;1955
2031;2048;2048
2031;2048;2051
2031;2051;2053
2031;2074;1975
2031;2067;2115
2034;2049;2048
2032;2055;2038
2034;2017;2117
2036;2037;2015
2048;2033;2020
2033;2048;2035
2033;2048;2048
2033;2037;2055
2035;2026;2133
2031;2021;2052
2033;2069;1967
2034;2048;2056
2034;2053;2067
2036;2048;2105
2036;2037;2049
2033;2048;2053
2033;2048;2048
2033;2049;2048
2033;2051;2051
2035;2052;2050
2032;2048;2048
2031;2049;2058
2034;2037;2064
2034;2040;2077
2031;2027;2031
2033;2048;2051
2033;2037;2066
2034;2035;2058
2034;2048;2055
2033;2035;2048
2035;2048;2038
2034;2035;2051
2035;2051;2048
2034;2048;2048
2031;2048;2020
2035;2049;2048
2035;2048;2048
2034;2049;2039
2036;2048;2061
2033;2051;2063
2035;2048;2058
2035;2048;2051
2035;2033;2082
2031;2039;2037
2031;2031;2000
2033;2041;2041
2036;2041;2050
2034;2038;2048
2031;2039;2048
2036;2038;2048
2035;2037;2048
2035;2048;2079
2034;2052;2026
2033;2048;2058
2034;2048;1987
2034;2048;2039
2033;2048;2038
2034;2048;2037
2035;2048;2048
2035;2049;2073
2034;2048;2089
2036;2048;2057
2037;2034;2120
2035;2048;2079
2035;2031;1995
2035;2039;2034
2035;2048;2034
2035;2039;2038
2037;2048;2048
2038;2035;2048
2036;2039;2031
2036;2048;2048
2035;2055;2025
2035;2048;2080
2035;2048;1979
2036;2038;2048
2035;2048;2049
2035;2048;2037
2035;2048;2035
2034;2054;2048
2035;2048;2063
2034;2048;2053
2035;2029;2027
2038;2048;2055
2038;2031;2002
2036;2048;2039
2036;2048;2051
2035;2048;2052
2036;2048;2039
