1958;2031;2117
1959;2029;2061
1951;2035;2049
1958;2032;2048
1957;2037;2049
1956;2039;2048
1958;2048;2039
1957;2010;2081
1958;2017;2039
1956;2033;2025
1957;2060;2071
1958;2053;2085
1957;2048;2051
1955;2049;2048
1957;2054;2053
1955;2048;2071
1956;2048;2063
1955;2079;2037
1955;2052;2063
1957;2055;2092
1957;2037;2125
1952;2021;2041
1955;2035;2083
1956;2033;2051
1958;2037;2053
1956;2041;2052
1957;2037;2048
1958;2010;2094
1957;2024;2026
1980;2028;2024
1957;2057;2067
1957;2051;2073
1958;2050;2051
1955;2049;2048
1957;2048;2053
1954;2038;2059
1958;2048;2053
1956;2077;2007
1956;2068;2037
1956;2062;2048
1956;2037;2099
1955;2029;2092
1958;2034;2048
1956;2032;2023
1957;2034;2038
1956;2037;2295
1957;2035;2048
1959;2017;2085
1957;2024;2067
1957;2028;2068
1963;2056;2069
1956;2058;2062
1957;2048;2066
1959;2051;2054
1956;2048;2064
1961;2048;2071
1956;2048;2062
1956;2066;2021
1955;2095;2052
1953;2061;2051
1957;2048;2125
1954;2021;2053
1957;2036;2048
1955;2029;2048
1956;2037;2059
1955;2037;2061
1957;2048;2062
1958;2028;2094
1957;2017;2106
1957;2031;2098
1957;2052;2075
1956;2055;2039
1956;2048;2048
1957;2051;2056
1957;2048;2057
1956;2048;2059
1957;2048;2049
1957;2056;2035
1956;2065;2035
1957;2059;2039
1957;2048;2081
1956;2021;2034
1953;2039;2048
1955;2031;2031
1957;2032;2054
1956;2038;2056
1956;2039;2048
1956;2040;2092
1954;2022;2048
1949;2031;2048
1958;2048;2048
1958;2057;2049
1957;2049;2038
1956;2048;2014
1946;2048;2029
1950;2048;2038
1957;2048;2039
1955;2049;2048
1956;2067;2048
1957;2053;2039
1958;2048;2057
1957;2029;2083
1955;2079;2054
1955;2029;2034
1957;2039;2055
1957;2039;2052
1955;2039;2051
1957;2040;2065
1958;2018;2066
1955;2035;2048
1957;2036;2078
1957;2061;2037
1957;2049;2048
1956;2048;2038
1957;2055;2064
1957;2048;2052
1957;2048;2070
1964;2048;2066
1956;2067;2085
1957;2054;2068
1957;2054;2084
1957;2022;2076
1957;2038;2048
1957;2035;2031
1958;2036;2056
1957;2039;2058
1955;2039;2048
1957;2039;2048
1959;2015;2048
1958;2033;2038
1956;2035;2049
1956;2058;2026
1955;2048;2030
1957;2048;2023
1957;2048;2048
1957;2048;2048
1954;2048;2048
1957;2048;2048
1955;2062;2075
1951;2049;2080
1957;2051;2052
1956;2015;2041
1955;2035;2077
1956;2027;2029
1956;2039;2058
1957;2038;2053
1957;2053;2048
1958;2027;2048
1957;2019;2069
1955;2035;2036
1958;2029;2048
1956;2061;2122
1955;2052;2048
1957;2051;2034
1957;2050;2070
1956;2048;2071
1954;2051;2068
1957;2048;2066
1955;2064;2087
1957;2050;2086
1957;2053;2087
1959;2020;2126
1958;2037;2054
1957;2025;2005
1957;2038;2048
1956;2041;2057
1957;2039;2048
1956;2048;2048
1959;2019;2036
1959;2037;2063
1955;2029;2048
1958;2063;2054
1978;2048;2034
1955;2049;2011
1957;2048;2051
1956;2048;2054
1955;2048;2055
1956;2048;2054
1955;2065;2064
1957;2048;2059
1955;2052;2037
1957;2019;2066
1955;2038;2052
1956;2023;2005
1955;2040;2048
1955;2037;2051
1955;2035;2048
1957;2040;2053
1957;2016;2067
1956;2033;2048
1958;2021;2061
1956;2065;2032
1955;2048;2048
1957;2051;2022
1954;2049;2062
1971;2041;2069
1957;2050;2066
1947;2048;2073
1956;2070;2077
1957;2048;2077
1955;2056;2053
1957;2015;2072
1955;2040;2068
1957;2023;2022
1959;2040;2065
1959;2038;2058
1955;2037;2058
1956;2048;2059
1956;2015;2048
1957;2048;2048
1958;2029;2055
1954;2064;2080
1957;2050;2048
1955;2051;2000
1960;2048;2049
1958;2048;2048
1959;2048;2036
1955;2048;2051
1955;2066;2055
1956;2048;2069
1960;2050;2048
1954;2013;2073
1957;2035;2049
1957;2020;2006
1958;2048;2048
1957;2048;2055
1949;2039;2064
1956;2040;2050
1958;2014;2079
1956;2037;2032
1958;2031;2093
1957;2066;2007
1956;2051;2018
1955;2053;2000
1956;2050;2057
1960;2048;2054
1957;2048;2054
1957;2048;2064
1953;2067;2049
1957;2035;2071
1953;2048;2061
1956;2013;2094
1956;2039;2109
1957;2018;2036
1959;2039;2067
1959;2048;2065
1956;2038;2062
1957;2039;2057
1956;2016;2072
1955;2035;2026
1957;2048;2048
1958;2060;2019
1957;2051;2023
1956;2048;2006
1958;2048;2054
1957;2048;2056
1956;2048;2059
1957;2048;2063
1957;2066;2062
1955;2041;2070
1956;2048;2048
1959;2013;2071
1957;2031;2091
1958;2019;2020
1958;2039;2048
1957;2039;2040
1953;2036;2048
1957;2040;2040
1958;2012;2063
1957;2039;2065
1956;2041;2049
1955;2057;2030
1958;2051;2040
1955;2053;1989
1957;2058;2050
1956;2048;2051
1955;2031;2048
1957;2048;2048
1955;2070;2034
1955;2048;2065
1956;2048;2029
1956;2015;2124
1957;2048;2048
1958;2032;2037
1957;2048;2058
1957;2048;2051
1955;2037;2052
1957;2038;2052
1957;2007;2059
1957;2048;2048
1957;2048;2048
1959;2068;2026
1959;2054;2057
1957;2056;2035
1953;2050;2065
1958;2048;2065
1956;2048;2061
1956;2048;2061
1955;2069;2048
1957;2048;2069
1956;2037;2061
1957;2015;2073
1959;1999;2077
1958;2024;2037
1957;2048;2051
1958;2048;2062
1958;2048;2075
1957;2038;2063
1958;2005;2059
1956;2037;2048
1957;2048;2053
1957;2059;2048
1955;2051;2089
1956;2058;2016
1956;2048;2059
1957;2050;2066
1956;2048;2054
1957;2048;2059
1958;2078;2038
1957;2048;2093
1957;2031;2050
1958;2021;2105
1957;2029;2098
1953;2026;2061
1957;2038;2050
1957;2048;2054
1958;2039;2057
1956;2036;2061
1957;2009;2058
1959;2034;2026
1957;2050;2035
1957;2056;2034
1957;2052;2103
1955;2055;2052
1957;2050;2058
1956;2048;2067
1959;2048;2060
1958;2048;2050
1955;2083;2063
1955;2051;2054
1956;2040;2083
1955;2027;2112
1958;2031;2093
1957;2031;2090
1956;2037;2069
1963;2048;2055
1956;2039;2053
1955;2040;2059
1959;2007;2053
1957;2032;2049
1957;2055;2029
1957;2059;2058
1956;2053;2081
1955;2057;2079
1956;2053;2073
1958;2048;2085
1958;2048;2075
1958;2049;2068
1955;2081;2057
1956;2052;2085
1960;2031;2065
1957;2021;2099
1957;2030;2067
1955;2036;2054
1957;2040;2058
1959;2048;2063
1958;2048;2068
1957;2039;2069
1957;1998;2071
1957;2032;2059
1956;2053;2033
1957;2064;2048
1955;2048;2049
1957;2057;2029
1956;2050;2062
1958;2048;2067
1958;2048;2069
1959;2050;2071
1953;2084;2051
1955;2053;2072
1956;2031;2095
1957;2019;2073
1956;2031;2106
1957;2057;2129
1957;2032;2049
1966;2040;2051
1957;2048;2055
1958;2039;2065
1958;1995;2070
1958;2032;2088
1958;2052;2063
1957;2060;2099
1957;2050;2101
1956;2052;2050
1957;2052;2058
1957;2039;2069
1958;2048;2064
1956;2050;2062
1956;2088;2026
1955;2057;2061
1964;2031;2107
1960;2020;2101
1957;2030;2057
1958;2036;2051
1956;2037;2069
1957;2048;2067
1957;2041;2065
1957;2040;2061
1957;2003;2111
1957;2027;2051
1958;2050;2011
1957;2057;2114
1957;2053;2058
1956;2051;2063
1957;2053;2065
1957;2048;2085
1957;2048;2073
1956;2048;2077
1954;2088;2035
1956;2058;2083
1956;2036;2104
1957;2019;2081
1957;2027;2048
1957;2038;2050
1956;2035;2053
1957;2048;2059
1957;2042;2069
1958;2039;2059
1956;1999;2078
1957;2029;2050
1956;2051;2027
1957;2057;2023
1955;2053;2063
1957;2055;2109
1957;2049;2055
1957;2048;2063
1957;2048;2065
1957;2048;2065
1957;2093;2027
1956;2061;2071
1957;2032;2109
1956;2022;2127
1957;2034;2070
1957;2034;2038
1957;2035;2054
1967;2042;2053
1957;2048;2055
1957;2038;2055
1957;2000;2106
1957;2027;2041
1955;2048;2033
1955;2085;2084
1959;2053;2090
1957;2055;2012
1956;2052;2070
1947;2048;2076
1957;2048;2071
1957;2048;2070
1955;2082;2036
1957;2056;2058
1955;2048;2091
1957;2023;2127
1959;2031;2063
1959;2038;2074
1957;2037;2062
1957;2048;2069
1958;2048;2076
1959;2039;2049
1958;1997;2082
1957;2022;2040
1956;2048;2025
1955;2063;2064
1957;2054;2057
1958;2048;2031
1956;2049;2056
1959;2048;2068
1956;2039;2076
1957;2048;2075
1955;2098;2059
1957;2062;2057
1957;2048;2092
1959;2024;2115
1950;2028;2061
1958;2038;2055
1957;2035;2049
1957;2048;2055
1957;2048;2061
1957;2039;2063
1958;1999;2119
1959;2025;2072
1955;2040;2041
1956;2060;2075
1957;2055;2099
1956;2053;2116
1956;2049;2058
1959;2048;2062
1958;2051;2060
1957;2040;2064
1955;2094;2027
1955;2065;2048
1957;2049;2059
1959;2026;2092
1957;2031;2090
1956;2037;2073
1955;2035;2051
1957;2039;2070
1955;2039;2058
1957;2040;2052
1957;1997;2093
1959;2015;2048
1958;2035;2029
1958;2063;2069
1956;2048;2037
1957;2049;2029
1955;2052;2057
1957;2050;2081
1957;2048;2080
1956;2048;2064
1952;2090;2007
1958;2063;2051
1958;2056;2085
1955;2034;2121
1956;2033;2066
1956;2039;2091
1957;2035;2054
1957;2034;2067
1957;1793;2063
1958;2040;2065
1959;2009;2119
1959;2022;2050
1958;2034;2031
1957;2061;2071
1956;2051;2048
1956;2051;2048
1955;2048;2041
1956;2049;2069
1955;2048;2075
1957;2048;2061
1955;2087;2021
1955;2066;2084
1957;2058;2057
1957;2029;2107
1956;2031;2083
1957;2038;2114
1957;2031;2048
1957;2034;2055
1957;2039;2053
1957;2048;2059
1958;2015;2118
1959;2025;2078
1957;2035;2081
1957;2062;2061
1957;2052;2015
1957;2063;2048
1955;2048;2048
1956;2048;2067
1957;2048;2061
1959;2048;2060
1956;2078;2030
1955;2065;2055
1955;2054;2059
1958;2031;2119
1959;2033;2035
1956;2037;2085
1956;2037;2048
1957;2035;2064
1956;2041;2053
1957;2048;2062
1955;2013;2101
1958;2022;2040
1958;2027;2039
1957;2040;2029
1957;2049;2048
1958;2054;2101
1947;2048;2053
1958;2048;2050
1957;2049;2062
1956;2048;2065
1959;2074;2007
1948;2074;2085
1957;2058;2063
1958;2030;2122
1957;2027;2097
1958;2030;2029
1959;2033;2033
1957;2039;2061
1959;2041;2050
1940;2048;2056
1957;2026;2114
1959;2021;2080
1958;2030;2069
1956;2056;2048
1957;2053;2079
1959;2051;2052
1956;2048;2041
1959;2048;2056
1959;2048;2060
1956;2048;2053
1955;2067;2018
1956;2063;2039
1956;2057;2062
1956;2048;2111
1957;2027;2066
1959;2037;2015
1957;2031;2029
1956;2038;2058
1957;2038;2055
1960;2038;2055
1958;2031;2089
1957;2020;2036
1960;2028;2039
1958;2053;2034
1958;2059;2080
1963;2048;2051
1956;2048;2048
1956;2049;2065
1956;2050;2061
1958;2048;2048
1958;2053;2029
1955;2060;2036
1955;2063;2048
1963;2048;2079
1959;2031;2048
1958;2031;2029
1956;2029;2020
1958;2036;2048
1957;2039;2050
1957;2048;2048
1957;2034;2074
1957;2015;2057
1957;2030;2036
1955;2039;2031
1956;2057;2039
1958;2049;2041
1955;2048;2029
1957;2049;2048
1959;2048;2048
1958;2048;2049
1957;2050;2020
1962;2064;2048
1959;2054;2084
1959;2049;2059
1961;2026;2080
1957;2037;2048
1957;2031;2028
1959;2036;2058
1959;2038;2048
1958;2039;2048
1959;2039;2061
1956;2019;2037
1957;2030;2031
1956;2037;2048
1957;2061;2070
1957;2048;2077
1957;2048;2034
1961;2048;2054
1957;2048;2064
1957;2049;2050
1958;2048;2038
1955;2066;2052
1957;2055;2061
1957;2060;2064
1958;2023;2079
1953;2034;2023
1957;2030;2048
1958;2035;2061
1959;2040;2054
1957;2039;2059
1959;2048;2053
1958;2020;2059
1959;2027;2050
1958;2036;2030
1958;2056;2029
1956;2050;2056
1959;2048;2018
1957;2048;2048
1958;2048;2057
1956;2048;2053
1957;2048;2056
1961;2067;2066
1955;2052;2074
1958;2051;2087
1955;2027;2070
1957;2037;2056
1957;2028;2015
1957;2048;2048
1958;2037;2048
1958;2036;2037
1955;2025;2052
1957;2015;2051
1958;2023;2077
1957;2031;2048
1955;2057;2030
1957;2048;2031
1956;2040;2031
1957;2049;2055
1957;2048;2050
1958;2048;2054
1956;2039;2058
1956;2065;2057
1955;2061;2048
1959;2053;2074
1957;2022;2079
1958;2036;2082
1957;2031;2024
1957;2038;2063
1957;2048;2062
1958;2048;2056
1956;2038;2050
1959;2017;2048
1957;2034;2057
1958;2019;2048
1956;2059;2048
1954;2050;2048
1969;2054;2036
1955;2049;2062
1957;2048;2075
1957;2048;2061
1957;2048;2061
1957;2060;2048
1957;2051;2083
1957;2053;2048
1967;2023;2066
1955;2036;2086
1957;2026;2031
1957;2036;2061
1957;2034;2065
1957;2037;2057
1957;2048;2066
1958;2021;2099
1959;2036;2048
1959;2033;2050
1955;2061;2032
1955;2051;2051
1959;2052;2020
1958;2048;2048
1957;2048;2051
1957;2048;2067
1956;2048;2061
1960;2066;2036
1955;2048;2093
1955;2053;2074
1958;2024;2048
1956;2036;2105
1958;2026;2029
1958;2037;2057
1956;2038;2050
1959;2036;2055
1958;2040;2053
1956;2018;2048
1962;2036;2071
1955;2031;2048
1957;2059;2079
1958;2048;2030
1959;2051;2024
1957;2048;2054
1954;2050;2061
1958;2048;2060
1957;2048;2056
1961;2067;2027
1957;2048;2089
1957;2050;2072
1957;2021;2063
1957;2037;2106
1957;2024;2037
1958;2031;2069
1957;2038;2063
1957;2041;2070
1957;2048;2061
1958;2018;2051
1958;2035;2031
1957;2034;2053
1969;2063;2069
1961;2051;2082
1957;2049;2022
1959;2048;2069
1957;2048;2074
1959;2048;2067
1957;2048;2072
1962;2066;2055
1956;2048;2085
1958;2051;2048
1956;2015;2079
1959;2021;2048
1956;2024;2033
1957;2037;2063
1959;2048;2067
1955;2032;2069
1958;2048;2065
1959;2019;2093
1957;2039;2057
1955;2036;2089
1956;2065;2113
1957;2050;2059
1959;2050;2012
1957;2038;2068
1956;2048;2067
1957;2048;2071
1958;2048;2068
1955;2065;2083
1952;2055;2095
1958;2050;2078
1957;2015;2067
1959;2048;2079
1958;2018;2011
1956;2048;2054
1957;2048;2060
1957;2037;2050
1957;2048;2057
1958;2023;2060
1957;2039;2068
1959;2037;2065
1957;2068;2035
1957;2052;2112
1957;2052;2015
1956;2048;2060
1957;2050;2063
1957;2048;2056
1956;2048;2065
1957;2068;2066
1956;2048;2058
1957;2048;2048
1959;2015;2129
1956;2039;2058
1958;2024;2041
1957;2034;2063
1959;2048;2066
1958;2038;2070
1959;2048;2059
1955;2012;2090
1955;2036;2039
1957;2039;2054
1957;2055;2055
1958;2051;2038
1954;2048;2013
1962;2053;2077
1957;2048;2085
1957;2048;2069
1955;2048;2072
1957;2070;2055
1955;2053;2069
1955;2048;2069
1957;2019;2126
1956;2034;2107
1958;2018;2031
1959;2048;2028
1957;2033;2064
1958;2040;2072
1957;2035;2067
1959;2007;2104
1957;2039;2048
1956;2048;2058
1956;2058;2035
1956;2048;2048
1962;2056;2002
1956;2050;2057
1958;2041;2065
1958;2048;2058
1958;2050;2068
1971;2069;2048
1954;2048;2077
1957;2048;2071
1961;2017;2069
1956;2031;2076
1954;2024;2026
1957;2048;2062
1960;2048;2059
1958;2048;2059
1956;2038;2055
1958;2010;2101
1958;2038;2021
1957;2050;2091
1956;2063;2053
1959;2051;2029
1958;2052;1995
1955;2051;2066
1959;2048;2069
1967;2048;2062
1957;2048;2061
1953;2073;2060
1956;2048;2057
1959;2040;2073
1956;2018;2121
1957;2037;2076
1957;2023;2040
1958;2048;2061
1958;2041;2060
1957;2048;2060
1957;2038;2069
1959;2007;2064
1957;2035;2054
1959;2048;2074
1958;2059;2049
1960;2056;2031
1957;2055;2018
1957;2048;2062
1957;2048;2072
1957;2048;2073
1956;2048;2079
1956;2078;2089
1957;2049;2084
1959;2038;2064
1959;2013;2144
1956;2035;2085
1958;2026;2063
1957;2048;2053
1958;2051;2048
1961;2048;2059
1959;2039;2061
1957;2006;2084
1959;2035;2048
1961;2051;2038
1957;2056;2100
1956;2069;2031
1959;2055;2039
1957;2049;2069
1957;2048;2056
1957;2048;2063
1957;2048;2062
1957;2077;2060
1957;2048;2087
1955;2033;2070
1963;2024;2122
1959;2033;2083
1958;2029;2063
1957;2029;2063
1959;2048;2069
1957;2048;2071
1957;2039;2065
1958;2009;2057
1959;2037;2037
1958;2051;2024
1957;2057;2063
1959;2054;2067
1957;2049;2015
1955;2049;2066
1959;2048;2067
1959;2048;2075
1957;2048;2071
1957;2078;2038
1958;2055;2091
1961;2040;2065
1955;2024;2125
1957;2031;2080
1958;2033;2069
1959;2038;2052
1958;2048;2056
1958;2048;2072
1956;2039;2064
1958;2007;2086
1956;2054;2048
1958;2053;2057
1958;2055;2111
1957;2048;2027
1956;2054;2068
1958;2051;2052
1959;2039;2069
1958;2048;2074
1960;2050;2060
1959;2082;2067
1957;2051;2118
1959;2035;2101
1957;2026;2134
1958;2036;2122
1956;2036;2107
1958;2038;2066
1959;2048;2061
1959;2048;2067
1958;2037;2055
1960;2011;2067
1959;2031;2029
1957;2053;2034
1961;2055;2067
1959;2048;2034
1958;2052;2075
1958;2048;2069
1956;2048;2078
1957;2048;2071
1959;2048;2068
1958;2085;2052
1958;2056;2057
1959;2038;2082
1958;2029;2106
1958;2025;2057
1959;2035;2038
1957;2038;2033
1956;2048;2048
1960;2048;2049
1959;2039;2065
1958;2007;2105
1958;2031;2031
1960;2049;2013
1958;2058;2085
1957;2050;2048
1957;2053;2048
1958;2049;2048
1959;2053;2059
1957;2037;2048
1957;2048;2058
1959;2085;1998
1956;2061;2049
1958;2031;2071
1959;2029;2077
1961;2033;2295
1957;2048;2095
1959;2037;2048
1961;2051;2057
1957;2037;2048
1958;2048;2069
1958;2011;2093
1958;2029;2021
1960;2048;2004
1959;2056;2115
1957;2052;2071
1959;2053;2038
1957;2048;2069
1957;2048;2074
1958;2048;2064
1963;2049;2055
1957;2087;2048
1958;2058;2050
1958;2048;2102
1957;2025;2092
1958;2030;2054
1958;2038;2083
1959;2038;2065
1959;2039;2065
1958;2048;2067
1958;2052;2054
1960;2000;2098
1958;2030;2081
1959;2020;1992
1958;2061;2053
1961;2051;2057
1966;2053;2066
1959;2050;2036
1958;2048;2053
1960;2048;2057
1957;2048;2062
1957;2082;2003
1958;2061;2073
1959;2048;2075
1959;2029;2085
1959;2029;2069
1960;2048;2048
1960;2027;2035
1958;2028;1792
1958;2048;2048
1959;2048;2035
1958;2011;2122
1958;2028;2020
1961;2038;2012
1959;2054;2071
1958;2032;2075
1958;2048;2018
1957;2048;2048
1957;2048;2062
1958;2049;2059
1959;2039;2048
1957;2085;1979
1957;2064;2070
1957;2049;2069
1957;2030;2129
1957;2036;2050
1957;2035;2060
1959;2037;2031
1959;2041;2051
1957;2039;2052
1958;2048;2051
1961;2009;2085
1959;2022;2033
1957;2031;2007
1958;2059;2027
1959;2054;2068
1960;2048;2048
1958;2048;2027
1957;2049;2065
1973;2048;2053
1960;2048;2048
1957;2082;1997
1958;2063;2039
1959;2053;2075
1957;2025;2115
1958;2031;2060
1959;2048;2029
1958;2027;2028
1959;2039;2035
1959;2048;2048
1958;2048;2038
1959;2014;2078
1965;2024;2030
1959;2035;2056
1961;2054;2111
1959;2053;2031
1957;2048;2051
1959;2050;2041
1957;2048;2052
1959;2048;2051
1956;2051;2048
1957;2077;1981
1958;2066;2048
1958;2050;2063
1958;2035;2143
1957;2038;2066
1958;2039;2052
1958;2039;2041
1961;2051;2051
1958;2036;2056
1960;2040;2048
1959;2014;2129
1959;2023;2071
1957;2031;2011
1959;2053;2059
1958;2052;2080
1957;2048;2015
1959;2048;2031
1958;2054;2058
1961;2048;2059
1958;2048;2054
1957;2077;1997
1957;2059;2065
1957;2054;2102
1956;2040;2115
1959;2033;2070
1960;2039;2061
1956;2033;2033
1959;2036;2041
1961;2039;2039
1959;2048;2033
1958;2018;2091
1960;2020;2066
1959;2035;2048
1959;2053;2072
1959;2048;2048
1959;2049;2034
1959;2053;2021
1958;2053;2049
1959;2039;2048
1959;2048;2034
1955;2075;1985
1956;2063;2033
1956;2057;2050
1972;2032;2141
1958;2033;2077
1958;2048;2087
1959;2037;2040
1958;2034;2053
1958;2048;2057
1957;2039;2034
1959;2029;2077
1960;2025;2038
1958;2029;2054
1957;2056;2057
1958;2024;2049
1965;2039;2048
1958;2059;2022
1957;2048;2050
1959;2048;2057
1958;2048;2058
1957;2066;2031
1959;2059;2076
1958;2055;2061
1959;2040;2109
1959;2031;2093
1960;2040;2010
1959;2036;2041
1957;2037;2048
1957;2036;2048
1959;2039;2041
1941;2026;2088
1958;2019;2097
1960;2034;2057
1955;2050;2056
1957;2049;2123
1961;2048;2052
1956;2048;2055
1953;2048;2070
1958;2048;2069
1959;2048;2056
1957;2056;2010
1957;2063;2067
1957;2057;2049
1958;2048;2100
1957;2029;2049
1958;2036;2058
1956;2036;2052
1959;2039;2068
1960;2038;2062
1960;2050;2079
1959;2032;2134
1959;2023;2055
1957;2037;2090
1961;2048;2057
1959;2051;2064
1957;2038;2064
1955;2052;2048
1958;2051;2060
1957;2048;2064
1960;2048;2065
1957;2052;2054
1957;2065;2100
1957;2053;2090
1963;2050;2098
1960;2031;2166
1958;2029;2093
1958;2033;2029
1958;2033;2052
1960;2048;2059
1952;2048;2071
1958;2040;2071
1958;2017;2095
1961;2037;2076
1959;2037;2085
1957;2049;2055
1957;2055;2135
1960;2048;2062
1957;2050;2069
1960;2051;2069
1958;2048;2075
1959;2056;2056
1958;2067;2081
1956;2055;2048
1957;2048;2063
1957;2028;2055
1959;2034;2019
1959;2038;2037
1957;2038;2074
1959;2048;2068
1957;2037;2069
1960;2048;2085
1959;2027;2082
1959;2033;2066
1958;2035;2052
1960;2057;2036
1958;2053;2048
1960;2048;2031
1957;2051;2069
1959;2030;2065
1959;2048;2069
1959;2048;2085
1957;2061;2082
1959;2056;2068
1958;2053;2099
1957;2024;2052
1958;2036;2048
1957;2028;2034
1956;2040;2063
1958;2039;2069
1959;2050;2061
1958;2038;2057
1959;2023;2078
1959;2038;2053
1958;2035;2085
1959;2056;2016
1959;2054;2089
1954;2053;2049
1959;2048;2065
1960;2048;2059
1963;2048;2070
1959;2050;2040
1958;2069;2078
1957;2061;2078
1957;2050;2082
1957;2027;2093
1957;2040;2085
1960;2032;2037
1958;2017;2066
1958;2039;2073
1959;2038;2053
1957;2048;2065
1958;2015;2052
1955;2039;2099
1959;2034;2039
1956;2062;2066
1961;2048;2093
1960;2048;2036
1958;2050;2067
1958;2051;2071
1959;2048;2080
1959;2049;2067
1958;2069;2093
1958;2039;2081
1958;2053;2077
1960;2029;2079
1959;2048;2056
1958;2033;2035
1958;2031;2075
1958;2048;2065
1958;2032;2067
1958;2048;2062
1961;2024;2105
1959;2039;2048
1960;2027;2084
1961;2059;2048
1958;2048;2070
1958;2050;2002
1958;2050;2055
1959;2051;2051
1957;2048;2059
1957;2048;2076
1957;2058;2052
1957;2048;2099
1959;2055;2049
1958;2027;2103
1958;2036;2022
1959;2035;2020
1960;2048;2053
1959;2039;2052
1959;2037;2051
1959;2037;2052
1959;2024;2049
1959;2027;2048
1961;2035;2052
1958;2059;2036
1960;2048;2099
1960;2051;2016
1959;2048;2051
1960;2048;2059
1958;2048;2055
1959;2048;2057
1958;2063;2071
1965;2050;2048
1960;2058;2039
1960;2030;2061
1959;2039;2143
1959;2028;2003
1957;2048;2070
1960;2048;2054
1961;2040;2052
1961;2041;2066
1961;2025;2065
1958;2039;2048
1959;2036;2057
1961;2057;2080
1963;2048;2037
1959;2026;2029
1958;2048;2056
1959;2048;2077
1961;2050;2064
1959;2048;2066
1959;2065;2062
1962;2048;2097
1961;2056;2048
1960;2027;2079
1962;2029;2039
1961;2034;1998
1961;2048;2050
1959;2034;2064
1959;2055;2078
1960;2039;2076
1961;2028;2104
1959;2041;2048
1959;2039;2055
1961;2061;2020
1961;2048;2063
1959;2052;2006
1960;2048;2060
1960;2048;2056
1961;2048;2056
1960;2048;2067
1959;2079;2080
1960;2051;2102
1961;2053;2053
1961;2027;2060
1960;2048;2102
1962;2007;2027
1959;2048;2065
1959;2035;2061
1961;2051;2071
1959;2048;2059
1960;2026;2100
1961;2048;2037
1963;2033;2094
1961;2059;2013
1961;2048;2039
1959;2055;2029
1963;2049;2069
1963;2050;2069
1962;2049;2073
1957;2057;2071
1961;2062;2065
1965;2058;2089
1967;2052;2030
1977;2056;2087
1999;2154;1954
2050;2212;1764
2077;2269;1593
2165;2526;2917
2119;1882;2427
2327;2219;2534
2102;2114;1882
2697;2542;2501
2117;2048;2057
2127;2087;2284
2491;2172;2424
2127;2055;1731
1904;651;3183
1985;2037;1589
1994;2066;1880
2010;2087;1911
2061;2248;1821
2137;2259;2031
2053;2124;1845
2211;2661;2623
1966;1685;1886
2073;2529;1359
1978;2039;2113
2157;2325;2613
2112;2249;2488
1799;1397;2793
2101;2409;1654
2254;2065;2481
2065;2427;2621
2033;2077;1920
1933;1558;2169
1962;2088;1679
2005;2016;2191
1916;1074;3466
1933;1955;1843
1946;2071;1849
1994;2198;2112
2429;2166;2479
1949;1651;1904
1893;1473;3246
1960;2048;1943
1919;1954;1858
1931;2048;1928
1932;2032;1985
1931;2033;2005
1932;2023;2010
1933;2013;2014
1933;2031;2002
1941;2038;2014
1935;2050;2020
1933;2050;2034
1935;2048;1990
1940;2049;2015
2038;2375;900
4095;4083;10
4095;4087;3892
4095;4089;3869
4095;4090;3419
4093;4084;3109
4091;2826;2961
4095;2580;2862
4091;2534;2751
4092;2512;2660
4091;2503;2614
4091;2481;2557
4090;2465;2535
4091;2430;2519
4092;2436;2466
4090;2430;2481
4091;2436;2437
4090;2418;2461
4089;2411;2398
4089;2400;2420
4091;2394;2413
4090;2391;2406
4091;2375;2385
4088;2405;2361
4091;2376;2414
4089;2364;2389
4091;2347;2406
4087;2345;2388
4094;2343;2387
4090;2349;2361
4093;2349;2359
4091;2342;2361
4089;2345;2354
4090;2316;2381
4091;2331;2342
4091;2349;2349
4091;2349;2358
4089;2340;2347
4091;2347;2347
4089;2336;2327
4090;2337;2334
4088;2326;2334
4090;2336;2340
4093;2354;2333
4091;2339;2353
4090;2319;2353
4090;2312;2395
4087;2318;2328
4090;2313;2304
4089;2314;2307
4091;2324;2306
4087;2319;2314
893;11;4078
1105;7;887
1075;5;135
1167;7;638
1203;8;1164
1219;1529;1391
1227;1769;1537
1260;1793;1761
1251;1687;1822
1269;1867;1649
1280;1874;1714
1295;1915;1753
1315;1915;1805
1327;1917;1866
1343;1921;1911
1353;1937;1897
1368;1949;1904
1379;1945;1915
1393;1969;1925
1405;1971;1949
1415;1983;1955
1423;1961;1959
1436;1983;1919
1445;2005;1932
1455;2010;1986
1463;2009;1976
1476;2017;1994
1483;2017;1993
1492;2023;1996
1499;2015;2006
1515;2019;2010
1517;2048;1977
1525;2031;2025
1533;2013;2029
1541;1984;2069
1551;2006;2016
1559;2018;1992
1566;2010;2001
1572;2023;1990
1581;2024;1994
1588;2034;2022
1595;1993;2048
1601;2011;2013
1610;2038;2005
1618;2030;2118
1632;2052;1965
1643;2048;1983
1654;2048;2082
1731;2284;1502
1745;2013;2610
1751;2173;2298
1711;1831;2074
1859;2301;2259
1833;2193;1489
1819;2027;2177
1642;1778;2198
1853;2580;1626
2061;2091;1133
1822;2026;2411
1839;1662;1361
1869;2073;1941
2316;2211;2341
1794;1871;2322
1755;1814;1427
1785;1689;2187
1873;2149;2205
2008;2180;2353
1715;1840;1658
1754;2180;1807
1725;1986;1877
1724;1956;2076
1730;2025;2061
1731;2018;2061
1742;2024;2098
1745;1982;2085
1745;2002;1963
1750;2023;2035
1754;2015;2003
1756;2013;2013
1761;2022;2015
1765;2019;2026
1771;1990;2051
1772;2010;2031
1775;2022;1977
1777;2027;2075
1777;2025;2023
1776;2024;2091
1781;2021;2024
1783;2021;2027
1786;2021;2028
1787;2021;2023
1785;2058;2009
1793;2037;2035
1795;2023;2087
1799;2012;2059
1797;2014;2009
1803;2020;2025
1807;2017;2031
1808;2022;2039
1811;2020;2015
1813;2015;2051
1810;1989;2049
1818;2021;1971
1815;2020;1990
1817;2028;2057
1823;2048;2002
1826;2011;2103
1829;2036;2048
1867;2147;1643
1911;1986;2401
1993;2421;1792
1932;2203;2710
1977;2108;2394
2135;2192;2673
1993;2121;2731
1933;1635;1607
1885;1987;1409
1977;2039;2387
2088;2326;1714
2436;2599;2126
1997;1999;2075
1949;1680;1361
1873;1933;1955
1842;1907;1891
1842;1981;2020
1844;1995;1955
1849;2018;1967
1853;2027;1989
1850;2010;1990
1851;2013;2009
1851;2009;2027
1852;2048;1963
1852;2026;2038
1852;2029;2039
1853;2010;2102
1855;2012;2012
1856;2015;2051
1859;2013;2015
1862;2015;2013
1860;2018;2018
1861;2020;2015
1867;1997;2074
1865;2007;2029
1865;2015;2000
1866;2028;2093
1865;2027;1992
1866;2031;1977
1866;2027;2029
1867;2026;2048
1854;2021;2029
1869;2024;2030
1870;2054;1963
1869;2048;2021
1873;2027;2049
1871;1991;2104
1873;2017;2031
1874;2015;2062
1875;2011;2026
1878;2021;2038
1877;2022;2037
1879;2020;2027
1881;1999;2076
1883;2004;2048
1883;2018;2005
1882;2034;2074
1887;2027;2017
1886;2037;2037
1889;2041;2009
1898;2048;1999
1911;2083;1902
1978;2116;2824
1957;2059;1735
1895;1990;1967
1903;2048;2297
1894;2006;2014
1890;2051;2081
1887;1985;2034
1891;2025;2006
1897;2040;1978
1911;2041;2048
1902;1995;2020
1910;2004;2103
1910;2001;2059
1901;1999;2029
1903;2030;2015
1909;2025;2018
1903;2030;2018
1905;2029;2005
1904;2028;2023
1906;2027;2021
1903;2025;2019
1907;2048;1998
1903;2035;2041
1902;2029;2039
1906;2026;2088
1901;2011;2068
1902;2027;1999
1899;2013;2005
1905;2034;1990
1919;2018;1958
1935;2158;1912
1912;1948;2177
1917;2007;1979
1916;2001;1975
1935;2126;1901
1906;1939;2103
1914;2056;1973
1905;2013;1985
1901;1996;2073
1899;2025;2010
1900;2024;2013
1901;2039;1982
1899;2040;2028
1883;2035;2050
1901;2019;2062
1903;2017;2031
1903;2016;2035
1902;2016;2019
1903;2021;2031
1903;2018;2027
1903;2022;2029
1906;2025;2098
1906;2006;1986
1906;2011;2050
1907;2029;2065
1909;2037;2063
1914;2022;2053
1919;2030;2019
1911;2029;2038
1911;2029;2048
1912;2026;2034
1913;2048;1978
1912;2048;2048
1913;2034;2048
1915;2022;2062
1917;2014;2010
1917;2022;2048
1919;2023;2021
1920;2025;2036
1928;2035;2013
1933;2031;2029
1937;2027;2080
1943;2029;1992
1949;2039;2023
1955;2055;2005
1965;2067;2067
1973;2061;2018
1983;2077;1997
2005;2098;2003
2024;2099;2036
2015;1986;2278
1962;1915;2062
1950;2010;1986
1939;2005;2024
1935;2012;2080
1933;2006;2068
1929;2005;2039
1927;2007;2004
1928;2016;2012
1926;2020;2020
1927;2019;2013
1928;2014;2048
1929;2003;2015
1927;2014;2015
1927;2027;2018
1929;2018;2012
1930;2027;2019
1927;2027;2019
1929;2030;2031
1927;2027;2029
1928;2024;2026
1930;2034;1995
1928;2048;2027
1929;2031;2008
1933;2031;2087
1931;2017;2020
1931;2021;2038
1931;2019;2002
1931;2023;2030
1934;2025;2025
1934;2027;2025
1935;2023;2055
1935;2005;2018
1938;2014;2034
1935;2025;2007
1942;2051;2008
1955;2087;1950
1962;1974;2394
1950;1993;1995
1971;2073;1996
1963;1971;2195
2017;1930;1595
2019;1866;2415
2050;1739;2475
2206;1993;2391
1933;1441;1619
1994;2257;1770
2097;1966;1425
2113;2311;1998
1938;1039;2584
2010;2131;1157
2031;2048;2804
2247;2062;2583
1852;2024;2031
2095;2721;2244
2478;2918;2647
2165;2459;2712
2048;2090;904
2102;2030;2693
2097;2003;2103
2064;1958;1171
2097;2115;1893
2022;2184;3187
2131;2184;2541
1847;954;3187
1941;2025;1614
1951;2034;1875
1957;2016;1912
1959;2014;1988
1959;2017;1997
1961;2018;1997
1962;2018;2003
1960;1994;2001
1961;2018;1988
1961;2009;2078
1955;2001;2027
1960;2039;1997
1974;2031;2034
1963;2048;2164
2013;2231;1685
1993;1743;2497
1981;1981;1764
2007;2202;1571
1950;1956;1971
1945;2022;1986
1947;2011;2033
1946;2019;2022
1957;1962;2357
1962;1924;2226
1959;2018;2002
1945;1985;2027
1949;2021;1997
1953;2018;1979
1959;2037;2019
1962;2050;2050
1953;1997;2076
1951;2016;2048
1950;2029;1983
1948;2031;2012
1951;2027;2011
1951;2025;2021
1957;2025;2020
1950;2040;2032
1951;2033;2050
1951;2036;2050
1953;2010;1996
1954;2020;2008
1955;2019;1984
1957;2028;2037
1961;2026;1992
2157;2731;2645
1981;1880;3183
2751;2243;1733
1988;868;2903
4095;4037;34
4095;4087;1298
4095;4086;3607
4095;4084;3431
4095;4083;3087
4094;2673;2901
4094;2548;2777
4092;2510;2691
4091;2508;2598
4091;2476;2553
4095;2466;2551
4091;2416;2527
4093;2441;2470
4091;2405;2416
4092;2403;2442
4091;2391;2414
4089;2385;2415
4090;2378;2399
4090;2353;2393
4091;2364;2369
4091;2357;2354
4091;2370;2299
4093;2356;2297
4089;2354;2306
4089;2349;2344
4090;2342;2345
4090;2343;2355
4089;2335;2347
4089;2349;2357
1370;30;4055
1636;6;3656
1693;4;522
1725;8;706
1741;742;1026
1740;1738;1381
1750;1813;1529
1753;1843;1627
1755;1858;1685
1758;1859;1738
1760;1879;1795
1759;1895;1853
1764;1922;1853
1762;1925;1900
1768;1938;1844
1767;1946;1900
1770;1947;1926
1771;1963;1937
1775;1966;1938
1775;1986;1935
1775;1976;1963
1780;1985;1971
1786;1968;1985
1791;1994;1963
1796;1973;1956
1798;1990;1967
1825;2070;1711
1810;1937;2004
1812;2013;1995
1807;1960;1973
1802;1991;1960
1804;1997;1983
1805;2010;1990
1809;2015;1946
1815;2048;1956
1837;2056;1828
1828;1935;2109
1825;2013;1991
1833;2033;1969
1906;2198;1494
1792;2013;1734
1858;1629;2012
1883;1939;2067
2307;2769;2383
2027;2171;2075
1698;1388;3321
1874;2143;1388
1906;1732;3395
2035;2071;1471
2360;2382;1355
2027;2279;1550
1986;2127;1811
1966;2001;1922
1845;1659;2201
1862;2028;1799
1865;2026;1951
1869;2018;1975
1869;2013;1988
1871;2021;2001
1898;2113;1833
1911;2031;1601
1926;1760;2583
1909;1929;2217
1839;1633;2221
1845;1978;1805
1863;2056;1795
1877;2099;1927
1857;1997;1984
1859;1993;2063
1881;2133;2037
1869;1943;1978
1861;2005;2151
1866;2051;2075
1855;1995;2051
1855;2001;2082
1875;2053;2003
1912;2139;1836
2050;2485;1805
1940;1891;2736
1895;1955;2327
1889;1981;1713
1861;1948;1979
1859;1986;2011
1858;1993;1965
1859;2001;1927
1861;2004;2063
1863;2006;2041
1874;2048;1983
1878;2050;2011
1950;2157;1697
1921;1983;1679
1919;1897;2243
1945;2243;1587
1927;1962;2048
1914;1984;2023
1903;2001;1973
1913;2053;1906
1916;2072;1815
1995;2157;1952
1953;1958;2189
2064;2278;2004
2034;1995;2053
1917;1842;1968
1894;1973;1975
1906;2038;1843
1898;1990;2048
1890;1993;1993
1887;2026;1970
1901;2027;2041
1902;1999;2048
1909;2031;1989
1909;2007;2052
1906;2025;2122
1907;2020;2075
1905;2027;1977
1907;2024;2031
1906;2021;2037
1906;2010;2054
1895;2000;2061
1886;2023;2013
1888;2026;2054
1888;2013;2017
1889;1995;1819
1890;2009;2011
1887;1999;2029
1887;2013;2026
1885;2011;2025
1887;2017;2024
1885;2011;2020
1888;1993;2018
1890;2015;2015
1890;2017;2014
1890;2029;2013
1892;2026;2019
1885;2026;1970
1893;2023;2033
1891;2021;2034
1890;2022;2039
1893;2017;2033
1893;2048;2011
1893;2025;2027
1896;2015;2049
1894;2000;2091
1895;2013;2029
1901;2016;2006
1903;2020;2015
1903;2035;2024
1903;2019;2021
1909;2023;2005
1921;1983;2231
1905;1963;2048
1911;2028;2023
1910;2023;2027
1914;2022;2030
1916;2059;1973
1911;2018;2009
1917;2035;2091
1924;2023;2059
1919;2020;2027
1924;2064;1998
1919;2019;2066
1921;2014;2079
1926;2004;2027
1919;2004;2094
1917;2014;2021
1925;2023;2023
1924;2024;2031
1927;2015;2037
1926;2019;2022
1927;1969;2066
1925;2013;2020
1925;2031;2018
1927;2030;2012
1927;2025;2013
1928;2029;2027
1928;2027;2041
1927;2022;2035
1927;2021;2033
1927;2027;2036
1922;2048;1997
1919;2025;2063
1922;2015;2037
1919;1999;2084
1924;2011;2003
1921;2013;2083
1919;2015;2026
1921;2023;2029
1924;2015;2035
1923;2025;2031
1926;1997;2052
1923;2015;2023
1926;2035;1999
1925;2027;2056
1927;2029;2059
1929;2037;2017
1933;2031;2018
1924;2015;2048
1930;2020;2053
1925;2013;2036
1926;2048;2032
1926;2034;2048
1929;2022;2048
1926;2007;2067
1926;2015;2095
1929;2015;2060
1928;2018;2028
1929;2021;2012
1931;2021;2021
1930;2021;2032
1930;1995;2048
1931;2010;2031
