2039;2041;1146
2039;2037;1148
2039;2039;1152
2039;2048;1151
2037;2041;1154
2039;2048;1155
2039;2048;1152
2039;2048;1151
2038;2042;1152
2037;2050;1153
2039;2042;1155
2038;2048;1154
2037;2048;1154
2039;2048;1154
2038;2048;1156
2041;2048;1157
2040;2048;1156
2038;2040;1149
2039;2048;1153
2038;2036;1149
2039;2040;1155
2038;2048;1154
2037;2048;1159
2037;2039;1158
2039;2041;1157
2039;2037;1160
2038;2048;1158
2039;2048;1155
2040;2048;1157
2037;2050;1155
2039;2048;1156
2037;2048;1159
2037;2048;1159
2037;2048;1158
2038;2048;1162
2040;2048;1159
2038;2048;1161
2039;2048;1159
2036;2041;1158
2038;2035;1154
2038;2039;1152
2039;2048;1154
2038;2048;1155
2037;2048;1157
2037;2048;1156
2039;2048;1153
2038;2048;1155
2036;2048;1152
2040;2041;1155
2039;2048;1150
2038;2048;1154
2039;2048;1155
2039;2048;1147
2038;2039;1152
2035;2048;1156
2037;2048;1153
2039;2048;1154
2039;2048;1149
2039;2048;1149
2035;2036;1143
2038;2041;1144
2040;2038;1145
2040;2048;1149
2038;2048;1150
2040;2037;1149
2039;2048;1153
2038;2048;1160
2037;2048;1150
2037;2048;1149
2038;2049;1152
2037;2048;1150
2039;2040;1156
2039;2048;1153
2037;2048;1146
2038;2048;1154
2039;2048;1154
2038;2039;1155
2039;2048;1152
2038;2048;1155
2038;2033;1149
2039;2039;1150
2037;2048;1152
2038;2039;1153
2038;2039;1153
2039;2048;1154
2039;2034;1154
2038;2048;1158
2039;2048;1156
2039;2031;1157
2039;2048;1160
2037;2048;1157
2039;2048;1157
2038;2048;1157
2039;2048;1156
2037;2048;1157
2039;2048;1156
2039;2039;1160
2038;2048;1162
2039;2048;1155
2039;2037;1157
2038;2048;1155
2037;2039;1151
2039;2048;1155
2038;2048;1155
2038;2048;1158
2038;2039;1159
2035;2062;1162
2037;2048;1161
2037;2048;1159
2039;2048;1157
2039;2048;1162
2039;2049;1157
2038;2048;1155
2037;2041;1158
2039;2048;1154
2037;2041;1155
2039;2048;1158
2038;2048;1158
2038;2048;1157
2038;2037;1154
2038;2037;1152
2039;2037;1147
2039;2048;1154
2037;2037;1152
2036;2040;1152
2038;2048;1152
2039;2048;1153
2038;2048;1158
2038;2048;1156
2037;2049;1155
2039;2038;1153
2038;2040;1155
2039;2048;1151
2038;2041;1153
2038;2041;1152
2039;2048;1149
2038;2041;1150
2037;2041;1151
2038;2048;1151
2039;2034;1153
2039;2039;1152
2038;2040;1148
2040;2041;1124
2038;2038;1148
2039;2048;1152
2039;2048;1151
2041;2048;1148
2037;2048;1151
2037;2039;1154
2038;2048;1156
2038;2048;1157
2039;2048;1160
2040;2041;1158
2039;2048;1155
2038;2048;1152
2037;2048;1157
2037;2042;1154
2038;2040;1158
2037;2048;1154
2039;2034;1153
2039;2040;1153
2039;2039;1152
2038;2040;1153
2038;2048;1158
2039;2048;1155
2038;2048;1155
2036;2048;1154
2040;2048;1153
2039;2040;1161
2040;2048;1156
2038;2048;1165
2037;2049;1160
2038;2048;1163
2038;2040;1159
2039;2048;1158
2037;2048;1157
2038;2048;1157
2038;2041;1157
2039;2048;1154
2039;2037;1159
2037;2048;1153
2048;2038;1149
2035;2041;1154
2037;2041;1153
2039;2048;1156
2037;2048;1156
2037;2048;1152
2039;2048;1157
2038;2039;1154
2030;2048;1153
2038;2048;1155
2039;2048;1156
2037;2048;1154
2039;2048;1151
2039;2039;1150
2039;2039;1148
2037;2035;1150
2038;1792;1148
2037;2038;1150
2038;2036;1152
2039;2039;1149
2038;2038;1150
2038;2029;1153
2037;2039;1154
2038;2041;1150
2038;2048;1149
2040;2041;1150
2038;2039;1156
2037;2048;1156
2037;2048;1152
2039;2048;1157
2038;2048;1161
2038;2041;1159
2039;2048;1157
2040;2048;1152
2038;2041;1153
2038;2048;1152
2037;2048;1153
2038;2048;1154
2040;2039;1159
2037;2036;1150
2037;2037;1153
2038;2041;1157
2039;2048;1156
2039;2048;1155
2039;2048;1157
2037;2039;1154
2037;2048;1158
2039;2040;1157
2039;2050;1160
2036;2049;1162
2039;2054;1158
2037;2032;1160
2039;2048;1160
2037;2048;1160
2038;2048;1160
2039;2048;1156
2041;2048;1156
2036;2048;1154
2039;2039;1157
2039;2048;1154
2038;2048;1160
2048;2048;1155
2041;2048;1157
2038;2048;1155
2038;2040;1155
2039;2048;1153
2039;2048;1156
2038;2048;1154
2037;2048;1153
2039;2048;1154
2036;2048;1157
2038;2041;1157
2040;2040;1157
2038;2048;1155
2039;2048;1152
2037;2048;1152
2041;2048;1157
2037;2048;1161
2040;2035;1153
2039;2039;1152
2037;2033;1146
2039;2048;1153
2037;2048;1151
2037;2048;1152
2039;2048;1154
2038;2048;1150
2038;2048;1153
2037;2048;1155
2039;2048;1140
2039;2048;1152
2038;2049;1152
2039;2041;1150
2038;2039;1153
2037;2039;1147
2038;2048;1153
2037;2038;1150
2031;2039;1154
2038;2048;1152
2039;2049;1149
2037;2039;1146
2038;2038;1146
2038;2039;1147
2037;2039;1150
2039;2048;1153
2037;2048;1152
2038;2048;1155
2040;2048;1155
2038;2048;1154
2037;2048;1153
2040;2048;1154
2037;2048;1149
2039;2048;1151
2037;2048;1155
2038;2048;1151
2039;2048;1156
2039;2048;1158
2038;2048;1157
2038;2041;1152
2039;2038;1159
2037;2048;1152
2049;2039;1153
2039;2041;1150
2037;2048;1155
2037;2039;1156
2036;2048;1158
2039;2048;1157
2039;2048;1158
2040;2048;1159
2036;2048;1159
2039;2048;1159
2038;2048;1162
2037;2048;1162
2037;2048;1156
2039;2039;1156
2039;2048;1163
2039;2048;1160
2038;2048;1159
2039;2037;1154
2038;2038;1157
2039;2038;1156
2039;2038;1154
2037;2048;1154
2039;2048;1151
2038;2048;1155
2039;2048;1172
2048;2048;1157
2037;2038;1160
2038;2048;1161
2038;2048;1157
2039;2048;1161
2048;2048;1163
2037;2048;1160
2039;2039;1159
2037;2048;1158
2037;2048;1154
2037;2048;1151
2039;2035;1157
2039;2037;1157
2039;2032;1157
2037;2036;1154
2039;2038;1153
2039;2039;1152
2039;2048;1157
2048;2049;1153
2038;2048;1154
2038;2048;1153
2039;2048;1153
2037;2048;1152
2039;2048;1154
2037;2048;1154
2037;2041;1155
2039;2048;1157
2038;2039;1155
2039;2048;1152
2038;2040;1151
2038;2048;1152
2037;2041;1152
2038;2037;1141
2039;2038;1149
2038;2038;1148
2039;2038;1149
2037;2039;1152
2040;2048;1151
2048;2048;1151
2038;2037;1153
2038;2048;1148
2038;2048;1151
2037;2039;1154
2038;2050;1147
2040;2050;1152
2037;2048;1150
2038;2037;1151
2038;2048;1155
2039;2048;1150
2040;2048;1153
2038;2048;1154
2038;2041;1150
2037;2048;1151
2041;2038;1144
2037;2038;1147
2038;2036;1148
2038;2038;1147
2037;2048;1156
2040;2048;1150
2048;2031;1151
2039;2039;1153
2037;2041;1153
2039;2048;1154
2039;2048;1150
2037;2048;1152
2037;2048;1150
2039;2048;1149
2048;2036;1149
2039;2048;1149
2037;2048;1150
2039;2040;1152
2038;2037;1152
2037;2035;1153
2039;2038;1151
2039;2035;1150
2039;2036;1153
2038;2048;1149
2039;2048;1150
2038;2048;1149
2038;2038;1151
2037;2048;1157
2038;2048;1155
2038;2048;1161
2038;2039;1156
2038;2048;1156
2039;2048;1154
2039;2051;1155
2039;2036;1154
2039;2048;1154
2037;2038;1152
2037;2035;1159
2028;2048;1156
2041;2048;1156
2039;2037;1161
2039;2038;1156
2039;2039;1159
2039;2048;1156
2037;2048;1157
2039;2048;1159
2039;2048;1158
2037;2048;1153
2038;2048;1157
2037;2048;1157
2037;2048;1163
2039;2048;1162
2038;2048;1161
2037;2048;1160
2038;2041;1161
2036;2041;1157
2037;2048;1156
2038;2048;1158
2039;2048;1158
2039;2048;1160
2038;2038;1156
2038;2048;1159
2039;2048;1158
2039;2048;1160
2039;2035;1159
2039;2048;1156
2039;2048;1156
2038;2048;1156
2039;2048;1160
2037;2039;1159
2039;2048;1153
2039;2048;1157
2037;2048;1159
2036;2048;1156
2037;2039;1159
2039;2038;1155
2039;2041;1157
2038;2048;1154
2039;2048;1154
2037;2040;1153
2039;2038;1152
2037;2048;1147
2037;2039;1151
2039;2040;1151
2038;2039;1153
2038;2048;1155
2038;2048;1157
2037;2041;1155
2038;2034;1152
2037;2058;1155
2038;2048;1149
2037;2048;1157
2037;2031;1149
2038;2041;1158
2037;2048;1156
2039;2048;1156
2037;2039;1151
2038;2048;1156
2038;2048;1151
2037;2038;1155
2038;2039;1152
2038;2038;1143
2037;2035;1149
2037;2048;1145
2037;2038;1149
2039;2048;1151
2037;2048;1152
2038;2048;1151
2039;2048;1154
2039;2048;1149
2039;2048;1153
2038;2048;1149
2038;2048;1148
2037;2049;1152
2037;2048;1154
2038;2048;1150
2038;2036;1156
2037;2048;1170
2038;2048;1154
2039;2048;1157
2038;2041;1150
2039;2036;1152
2038;2048;1151
2039;2034;1155
2039;2048;1149
2039;2048;1152
2038;2039;1152
2037;2039;1156
2037;2048;1157
2037;2048;1157
2037;2048;1158
2036;2048;1159
2037;2048;1157
2036;2048;1159
2039;2048;1157
2038;2048;1162
2037;2048;1155
2037;2039;1163
2039;2048;1159
2038;2051;1164
2037;2029;1150
2038;2037;1153
2038;2039;1156
2039;2041;1156
2036;2048;1153
2035;2048;1159
2040;2048;1161
2036;2048;1163
2038;2048;1162
2037;2040;1161
2037;2048;1163
2038;2048;1160
2036;2040;1158
2038;2048;1156
2039;2050;1161
2036;2048;1159
2038;2041;1159
2037;2048;1158
2037;2041;1159
2037;2048;1163
2031;2039;1161
2038;2039;1155
2037;2037;1155
2037;2048;1150
2037;2048;1152
2040;2038;1151
2039;2048;1149
2037;2048;1157
2037;2048;1154
2038;2048;1156
2050;2048;1154
2038;2048;1158
2038;2048;1154
2037;2048;1157
2037;2048;1153
2038;2041;1153
2037;2048;1156
2039;2048;1151
2038;2039;1146
2038;2041;1157
2038;2041;1151
2038;2040;1150
2037;2048;1153
2037;2048;1148
2039;2048;1145
2038;2048;1148
2038;2048;1148
2038;2048;1147
2039;2048;1153
2039;2048;1153
2036;2048;1158
2038;2054;1155
2038;2048;1154
2038;2048;1157
2039;2048;1163
2037;2048;1156
2037;2040;1157
2036;2048;1153
2039;2048;1153
2037;2048;1157
2037;2048;1159
2039;2039;1163
2039;2039;1160
2038;2048;1162
2037;2048;1158
2034;2048;1157
2038;2048;1155
2038;2048;1159
2037;2048;1160
2033;2048;1163
2039;2048;1160
2038;2048;1165
2037;2048;1167
2038;2048;1165
2038;2051;1166
2037;2048;1158
2037;2048;1162
2039;2048;1160
2039;2048;1159
2039;2051;1157
2039;2048;1161
2036;2039;1155
2036;2048;1159
2038;2048;1159
2037;2039;1159
2037;2048;1156
2038;2048;1153
2039;2048;1151
2038;2048;1157
2037;2048;1158
2036;2050;1158
2039;2048;1158
2038;2048;1157
2038;2048;1159
2039;2048;1157
2039;2048;1160
2039;2048;1154
2036;2048;1152
2038;2048;1149
2037;2048;1153
2038;2048;1151
2037;2048;1149
2039;2048;1142
2038;2048;1155
2036;2048;1152
2039;2048;1154
2038;2048;1153
2037;2048;1152
2037;2048;1151
2039;2048;1149
2038;2048;1153
2038;2048;1159
2037;2050;1159
2037;2048;1156
2036;2048;1150
2037;2048;1158
2037;2048;1157
2035;2048;1157
2038;2048;1159
2037;2048;1154
2038;2048;1156
2039;2048;1154
2036;2040;1167
2039;2048;1161
2041;2048;1159
2037;2048;1161
2038;2048;1160
2038;2048;1160
2036;2048;1159
2037;2048;1156
2039;2049;1158
2035;2069;1167
2039;2048;1167
2039;2048;1163
2037;2048;1165
2037;2048;1167
2036;2048;1167
2038;2049;1165
2036;2048;1162
2036;2048;1160
2037;2048;1158
2037;2048;1158
2038;2048;1165
2037;2048;1161
2035;2048;1159
2038;2048;1163
2037;2048;1162
2038;2048;1165
2039;2048;1160
2037;2048;1163
2037;2048;1156
2037;2048;1159
2039;2048;1159
2039;2049;1159
2037;2048;1160
2038;2039;1157
2037;2048;1166
2037;2050;1162
2038;2048;1162
2037;2050;1158
2037;2048;1152
2035;2048;1149
2048;2048;1151
2039;2048;1152
2038;2048;1156
2036;2048;1153
2037;2048;1157
2037;2048;1157
2037;2049;1157
2037;2048;1157
2037;2048;1155
2038;2049;1152
2038;2048;1149
2038;2048;1155
2038;2048;1152
2037;2048;1154
2038;2048;1158
2038;2048;1156
2037;2048;1162
2037;2048;1157
2039;2048;1159
2038;2049;1154
2031;2048;1149
2039;2048;1159
2038;2036;1152
2035;2048;1154
2036;2048;1162
2037;2048;1156
2039;2048;1159
2039;2048;1157
2038;2056;1155
2039;2048;1162
2037;2052;1157
2039;2048;1158
2038;2048;1159
2036;2051;1157
2038;2048;1158
2039;2048;1148
2037;2048;1155
2039;2048;1158
2039;2048;1161
2039;2048;1166
2035;2048;1160
2039;2048;1163
2037;2048;1165
2038;2049;1157
2037;2048;1156
2051;2048;1162
2048;2048;1161
2039;2048;1165
2038;2048;1169
2038;2048;1169
2036;2048;1172
2038;2048;1174
2037;2048;1177
2038;2048;1180
2037;2048;1178
2038;2050;1182
2039;2049;1170
2036;2049;1172
2039;2049;1180
2037;2048;1190
2038;2048;1192
2037;2048;1201
2037;2048;1215
2037;2039;1226
2039;2048;1263
2038;2035;1293
2038;2041;1283
2037;2048;1289
2036;2040;1288
2037;2048;1291
2035;2048;1302
2038;2048;1302
2037;2040;1302
2037;2048;1314
2037;2041;1312
2037;2048;1308
2035;2048;1306
2036;2048;1309
2039;2048;1307
2035;2041;1315
2035;2048;1318
2034;2040;1321
2036;2048;1325
2037;2039;1326
2037;2048;1325
2048;2041;1324
2034;2048;1339
2035;2048;1333
2035;2041;1333
2035;2048;1333
2036;2048;1337
2036;2048;1343
2037;2048;1349
2034;2048;1347
2036;2048;1351
2034;2048;1355
2037;2048;1357
2034;2048;1351
2037;2048;1358
2035;2041;1357
2036;2048;1360
2035;2041;1359
2036;2048;1366
2035;2048;1364
2037;2048;1373
2036;2048;1372
2036;2048;1380
2035;2048;1377
2035;2048;1380
2037;2048;1375
2037;2048;1382
2034;2048;1389
2035;2048;1379
2038;2048;1385
2034;2048;1390
2036;2039;1397
2035;2048;1398
2036;2048;1396
2036;2048;1406
2036;2048;1403
2035;2048;1403
2036;2048;1405
2037;2048;1410
2036;2048;1402
2037;2048;1409
2035;2048;1414
2034;2048;1418
2037;2048;1418
2034;2048;1426
2035;2048;1422
2036;2048;1429
2035;2048;1427
2035;2048;1427
2036;2040;1427
2037;2048;1432
2036;2037;1429
2035;2050;1434
2036;2048;1438
2034;2048;1442
2037;2048;1447
2039;2039;1450
2036;2048;1447
2036;2048;1451
2037;2048;1449
2037;2048;1457
2035;2048;1453
2037;2048;1463
2037;2048;1454
2036;2048;1463
2036;2048;1463
2038;2048;1471
2036;2048;1476
2035;2048;1471
2037;2048;1464
2036;2039;1479
2035;2048;1477
2038;2048;1483
2035;2048;1492
2038;2048;1491
2035;2048;1490
2035;2048;1495
2035;2040;1500
2035;2048;1499
2036;2048;1500
2036;2048;1501
2035;2048;1495
2035;2048;1499
2035;2048;1503
2037;2048;1507
2035;2048;1514
2036;2048;1521
2037;2049;1515
2037;2048;1522
2038;2048;1519
2036;2048;1522
2034;2048;1513
2035;2048;1511
2036;2048;1523
2036;2050;1531
2037;2048;1526
2037;2048;1529
2036;2034;1530
2036;2051;1528
2037;2048;1529
2035;2048;1535
2036;2048;1535
2033;2048;1531
2035;2048;1527
2036;2048;1532
2035;2048;1530
2035;2048;1543
2036;2048;1540
2036;2048;1539
2037;2048;1535
2035;2048;1541
2035;2051;1536
2037;2048;1541
2037;2048;1541
2035;2049;1541
2037;2048;1543
2034;2048;1547
2037;2048;1550
2037;2048;1563
2036;2050;1555
2035;2048;1554
2036;2040;1554
2035;2049;1556
2034;2048;1551
2036;2050;1560
2036;2049;1552
2036;2048;1563
2036;2048;1561
2037;2052;1566
2036;2048;1579
2036;2049;1575
2036;2048;1567
2036;2048;1573
2034;2048;1571
2036;2048;1578
2037;2048;1578
2034;2048;1581
2035;2048;1578
2037;2048;1583
2036;2004;1592
2035;2053;1592
2036;2048;1590
2037;2048;1590
2037;2048;1587
2035;2050;1586
2036;2049;1589
2036;2048;1594
2035;2048;1595
2037;2051;1594
2035;2061;1594
2034;2048;1601
2037;2048;1606
2037;2050;1604
2036;2049;1606
2037;2048;1605
2035;2049;1606
2034;2048;1616
2038;2048;1605
2037;2048;1610
2034;2050;1615
2037;2048;1615
2035;2048;1618
2037;2049;1619
2036;2049;1622
2037;2048;1621
2035;2048;1618
2035;2048;1622
2037;2048;1620
2036;2048;1620
2036;2048;1621
2037;2048;1625
2035;2049;1630
2037;2048;1632
2036;2048;1629
2037;2048;1632
2035;2048;1637
2037;2048;1630
2036;2048;1626
2037;2039;1626
2037;2000;1630
2036;2018;1632
2035;2032;1633
2038;2002;1638
2037;1971;1636
2034;1998;1638
2034;2039;1632
2037;2039;1643
2035;2035;1635
2035;2031;1638
2035;2000;1635
2035;2030;1637
2037;2031;1640
2036;2035;1642
2036;2033;1641
2035;2031;1645
2036;2021;1648
2035;2025;1645
2036;1995;1637
2036;2030;1646
2035;1979;1647
2036;2048;1644
2037;2040;1646
2035;2048;1647
2036;2048;1650
2037;2027;1653
2035;2049;1659
2034;2048;1656
2037;2048;1661
2037;2033;1659
2037;2034;1663
2037;2048;1667
2037;2040;1663
2034;2029;1663
2036;2034;1674
2035;2053;1666
2037;2012;1663
2036;2030;1667
2038;2033;1667
2035;2039;1673
2027;2036;1671
2036;2027;1671
2034;2036;1673
2036;2039;1677
2035;2041;1679
2035;2033;1678
2036;2039;1674
2035;2041;1672
2037;2039;1673
2035;2031;1672
2034;2041;1675
2035;2048;1681
2048;2034;1684
2035;2030;1683
2036;2037;1686
2035;2048;1690
2035;2018;1698
2039;2038;1690
2036;2027;1683
2034;2031;1689
2034;2037;1687
2036;2033;1687
2035;2039;1695
2036;2056;1691
2033;2034;1696
2037;2029;1692
2034;2051;1693
2037;2048;1702
2036;2048;1703
2035;2035;1702
2036;2035;1701
2036;2035;1701
2035;2035;1704
2034;2031;1697
2035;2031;1699
2035;2048;1699
2036;2031;1709
2036;2029;1707
2035;2031;1711
2035;2048;1710
2036;2033;1709
2035;2031;1711
2036;2048;1714
2036;2048;1711
2036;2039;1709
2036;2035;1709
2036;2051;1708
2037;2048;1711
2034;2039;1702
2036;2048;1717
2029;2031;1711
2036;2037;1714
2035;2035;1723
2035;2031;1719
2036;2037;1722
2035;2035;1716
2037;2020;1722
2036;2029;1724
2036;2024;1712
2037;2037;1718
2036;2059;1721
2037;2020;1716
2035;2037;1714
2036;2041;1722
2035;2036;1723
2031;2035;1724
2035;2048;1730
2035;2049;1729
2037;2048;1735
2037;2029;1734
2034;2034;1731
2035;2037;1730
2036;2048;1724
2036;2038;1733
2035;2029;1726
2036;2038;1729
2037;2026;1739
2035;2030;1739
2035;2023;1735
2037;2037;1733
2036;2048;1733
2035;2035;1736
2035;2038;1734
2035;2041;1731
2035;2034;1731
2037;2039;1733
2035;2037;1735
2034;2057;1742
2037;2051;1729
2035;2036;1741
2036;2029;1739
2035;2028;1731
2036;2037;1731
2037;2037;1731
2036;2036;1732
2034;2035;1732
2036;2025;1738
2036;2023;1731
2036;2029;1735
2037;2035;1734
2037;2049;1735
2037;2048;1737
2036;2039;1732
2036;2037;1733
2037;2036;1727
2037;2036;1738
2035;2039;1740
2035;2051;1735
2035;2037;1739
2035;2039;1742
2036;2030;1740
2037;2038;1744
2037;2036;1742
2037;2033;1748
2037;2031;1740
2033;2034;1738
2037;2027;1747
2037;2023;1755
2036;2037;1756
2034;2034;1759
2036;2041;1756
2035;2027;1757
2035;2039;1751
2036;2048;1756
2035;2048;1761
2035;2039;1754
2036;2048;1761
2035;2048;1763
2036;2042;1761
2036;2034;1763
2037;2036;1760
2035;2041;1756
2036;2017;1754
2037;2037;1758
2036;2034;1755
2036;2034;1762
2035;2026;1759
2036;2032;1765
2036;2029;1764
2035;2029;1759
2037;2038;1764
2035;2037;1754
2035;2038;1750
2037;2048;1757
2038;2048;1753
2036;2035;1751
2037;2048;1757
2036;2040;1757
2037;2036;1762
2037;2039;1759
2038;2048;1758
2036;2035;1757
2036;2026;1755
2035;2036;1756
2037;2031;1749
2037;2026;1751
2048;2038;1768
2035;2015;1761
2035;2023;1761
2038;2033;1766
2034;2048;1761
2036;2035;1763
2039;2051;1763
2037;2039;1757
2037;2037;1765
2036;2039;1773
2034;2039;1769
2036;2048;1779
2036;2048;1779
2036;2041;1775
2036;2025;1775
2037;2038;1775
2035;2037;1770
2036;2039;1771
2037;2034;1775
2036;2029;1777
2037;2031;1777
2032;2036;1783
2035;2030;1788
2034;2035;1787
2037;2048;1784
2036;2037;1783
2037;2038;1782
2036;2042;1783
2036;2048;1779
2035;2038;1781
2035;2048;1779
2037;2050;1785
2037;2049;1783
2037;2039;1783
2035;2021;1787
2034;2038;1787
2034;2037;1779
2037;2048;1778
2037;2029;1783
2035;2034;1777
2036;2035;1786
2036;2025;1785
2036;2048;1787
2036;2033;1781
2035;2029;1788
2035;2036;1785
2036;2048;1783
2035;2048;1775
2037;2048;1775
2035;2048;1777
2036;2039;1777
2036;2048;1785
2033;2048;1781
2036;2037;1783
2037;2029;1786
2035;2033;1778
2035;2038;1780
2036;2025;1785
2036;2038;1781
2035;2036;1778
2035;2031;1781
2037;2029;1780
2036;2023;1786
2036;2031;1783
2036;2039;1783
2037;2048;1793
2036;2048;1786
2035;2048;1787
2035;2048;1787
2036;2039;1783
2037;2048;1781
2037;2048;1786
2037;2041;1792
2037;2035;1799
2035;2028;1800
2036;2039;1794
2036;2048;1799
2035;2037;1795
2037;2037;1798
2036;2031;1794
2038;2029;1800
2037;2029;1797
2037;2033;1800
2034;2034;1802
2036;2048;1802
2035;2048;1805
2036;2037;1805
2035;2048;1802
2036;2041;1799
2037;2048;1798
2038;2036;1797
2038;2048;1801
2037;2048;1801
2035;2048;1806
2037;2037;1813
2037;2025;1809
2036;2041;1803
2036;2037;1799
2036;2035;1799
2038;2026;1803
2037;2027;1802
2037;2029;1799
2037;2033;1803
2037;2038;1793
2035;2048;1798
2037;2038;1799
2036;2039;1801
2035;2048;1798
2035;2037;1794
2036;2038;1791
2037;2048;1791
2037;2051;1791
2035;2035;1796
2038;2048;1794
2035;2040;1800
2037;2033;1802
2037;2029;1801
2036;2039;1799
2037;2037;1797
2035;2033;1795
2036;2030;1794
2037;2033;1789
2037;2034;1797
2037;2031;1803
2038;2033;1794
2041;2048;1799
2037;2034;1807
2035;2037;1807
2036;2048;1805
2035;2039;1801
2034;2040;1799
2036;2041;1798
2037;2048;1807
2037;2040;1834
2036;2024;1811
2036;2035;1813
2038;2048;1815
2036;2048;1815
2035;2029;1812
2035;2031;1813
2036;2033;1811
2036;2023;1811
2038;2034;1807
2036;2038;1815
2037;2053;1810
2035;2033;1815
2036;2033;1821
2033;2039;1821
2037;2048;1815
2035;2048;1817
2037;2065;1815
2037;2039;1813
2035;2037;1813
2038;2048;1820
2036;2038;1821
2035;2048;1819
2037;2029;1818
2037;2035;1823
2036;2033;1819
2035;2034;1821
2035;2029;1819
2037;2034;1811
2036;2034;1811
2036;2033;1813
2037;2042;1810
2038;2048;1816
2036;2037;1815
2034;2039;1816
2036;2036;1821
2036;2050;1811
2036;2048;1813
2037;2048;1807
2036;2035;1805
2034;2048;1805
2037;2033;1812
2037;2037;1811
2037;2032;1813
2036;2048;1813
2035;2037;1805
2037;2031;1814
2035;2035;1813
2035;2034;1805
2039;2027;1807
2037;2037;1814
2037;2038;1820
2036;2048;1815
2037;2041;1821
2036;2034;1823
2035;2035;1823
2034;2048;1818
2037;2055;1822
2036;2042;1823
2035;2039;1831
2037;2037;1823
2048;2031;1829
2038;2037;1831
2037;2048;1827
2036;2040;1822
2035;2034;1830
2036;2032;1823
2039;2040;1825
2036;2025;1826
2036;2034;1819
2037;2028;1827
2036;2048;1828
2036;2048;1833
2037;2048;1828
2036;2039;1827
2037;2037;1821
2035;2048;1817
2037;2048;1822
2038;2048;1818
2037;2031;1815
2039;2039;1827
2037;2048;1824
2035;2039;1822
2037;2024;1829
2036;2035;1819
2035;2048;1826
2034;2034;1818
2037;2035;1815
2034;2033;1815
2037;2031;1817
2037;2030;1815
2036;2048;1820
2035;2048;1821
2037;2041;1821
2036;2048;1819
2036;2041;1818
2037;2048;1814
2034;2048;1818
2035;2048;1819
2037;2048;1822
2037;2034;1829
2036;2035;1830
2035;2031;1828
2036;2038;1829
2037;2048;1828
2036;2039;1824
2037;2029;1831
2037;2034;1831
2037;2027;1824
2036;2048;1831
2035;2048;1833
2037;2036;1836
2036;2048;1833
2037;2037;1835
2037;2038;1839
2036;2048;1828
