1971;2048;1945
1972;2048;1957
1971;2049;1967
1972;2040;1959
1973;2035;1949
1969;2033;1959
1971;2037;1938
1974;2032;1952
1973;2041;1971
1970;2039;1971
1971;2048;1993
1971;2048;1978
1970;2033;1962
1970;2048;1961
1971;2048;2002
1969;2048;1981
1972;2048;1977
1971;2048;1923
1971;2048;1961
1971;2048;1954
1973;2048;1952
1978;2048;1946
1971;2051;1940
1970;2041;1940
1971;2035;1945
1970;2034;1939
1972;2048;1963
1971;2032;1954
1974;2048;1943
1971;2039;1949
1972;2041;1955
1973;2027;1958
1973;2031;1954
1973;2048;1950
1973;2048;1942
1971;2053;1947
1971;2048;1921
1971;2048;1932
1976;2041;1948
1971;2041;1947
1974;2048;1955
1972;2048;1974
1970;2053;1947
1972;2048;1963
1972;2035;1965
1971;2033;1966
1972;2038;1943
1972;2037;1994
1971;2039;1950
1972;2048;1954
1973;2048;1945
1970;2048;1957
1971;2022;1957
1974;2048;1942
1971;2048;1958
1971;2048;1933
1971;2048;1953
1971;2048;1962
1972;2048;1975
1971;1792;1969
1971;2048;1971
1972;2048;1960
1970;2057;1962
1967;2048;1963
1972;2035;1967
1971;2023;1995
1971;2048;1978
1971;2039;1942
1971;2034;1962
1972;2039;1951
1971;2039;1967
1972;2039;1969
1971;2030;1970
1972;2048;1953
1972;2049;1952
1972;2048;1943
1970;2036;2026
1972;2048;1930
1973;2048;1967
1974;2048;1973
1970;2048;1956
1973;2048;1961
1973;2054;1962
1973;2039;1968
1972;2035;1991
1971;2030;1962
1973;2035;2027
1973;2048;2026
1976;2038;1980
1972;2048;1973
1971;2034;1970
1973;2048;1963
1973;2033;1979
1972;2048;1958
1971;2049;1953
1972;2051;1975
1976;2048;1969
1971;2048;2035
1972;2048;1978
1970;2040;1969
1972;2048;1983
1972;2048;1984
1972;2055;1966
1971;2050;1970
1981;2036;1996
1972;2033;2013
1972;2041;1958
1973;2038;1974
1973;2037;1967
1972;2048;1965
1970;2048;1970
1971;2048;1967
1971;2030;2015
1967;2041;1995
1972;2048;1960
1971;2050;1957
1977;2048;1935
1969;2048;2016
1970;2050;1967
1973;2048;1969
1967;2040;1965
1971;2041;1959
1975;2055;1945
1971;2048;1951
1971;2037;1958
1970;2031;1943
1971;2036;1971
1972;2040;1961
1972;2036;1954
1971;2041;1956
1974;2048;1953
1973;2048;1958
1971;2029;1957
1973;2036;1948
1970;2048;1936
1973;2048;2003
1970;2057;1954
1971;2041;1926
1973;2048;1945
1973;2040;1947
1970;2039;1950
1970;2048;1947
1972;2054;1943
1974;2048;1952
1972;2039;1977
1972;2031;1950
1973;2036;1965
1973;2039;1942
1973;2039;1958
1969;2039;1950
1973;2040;1952
1972;2040;1949
1970;2023;1970
1971;2037;1933
1973;2048;1934
1973;2052;2006
1974;2048;1947
1973;2048;1942
1971;2048;1965
1971;2048;1973
1973;2039;1965
1971;2041;1958
1971;2057;1947
1971;2048;1985
1972;2041;1967
1973;2034;1997
1973;2039;1931
1967;2040;1939
1971;2038;1953
1973;2040;1955
1971;2048;1957
1972;2035;1962
1973;2029;1987
1973;2038;1960
1971;2039;1963
1972;2051;1949
1971;2048;1975
1976;2034;1962
1972;2040;1942
1972;2048;1951
1971;2039;1961
1971;2041;1950
1971;2054;1937
1971;2048;1951
1974;2041;1963
1972;2037;1965
1974;2039;1939
1971;2040;2021
1967;2039;1949
1974;2038;1948
1970;2048;1945
1972;2048;1943
1973;2025;1965
1970;2038;1957
1973;2035;1950
1970;2053;1965
1971;2041;1933
1970;2040;1992
1969;2048;1952
1976;2048;1962
1971;2048;1941
1973;2048;1952
1972;2052;1910
1971;2048;1957
1969;2048;1954
1972;2035;2020
1970;2036;1962
1973;2041;2001
1973;2040;1950
1973;2041;1959
1972;2048;1955
1973;2038;1961
1974;2029;1981
1971;2031;1952
1971;2034;1955
1986;2049;1954
1971;2048;1923
1972;2048;1943
1975;2048;1952
1972;2048;1958
1969;2041;1960
1973;2048;1962
1967;2050;1931
1971;2048;1997
1971;2048;2005
1973;2039;1983
1972;2039;1941
1971;2057;1955
1973;2037;1953
1970;2039;1963
1973;2041;1955
1973;2038;1963
1975;2028;1970
1973;2036;1961
1971;2035;1978
1971;2055;1993
1972;2031;1931
1973;2048;2023
1969;2048;1962
1971;2048;1975
1971;2040;1962
1970;2048;1958
1975;2050;1943
1972;2048;1965
1973;2048;1994
1972;2038;2048
1972;2048;1945
1973;2039;1985
1972;2048;1983
1971;2048;1974
1973;2038;1971
1973;2048;1965
1972;2034;1987
1972;2039;1951
1973;2039;1979
1971;2052;2033
1970;2048;1949
1972;2048;1981
1974;2048;1973
1973;2048;1971
1972;2048;1971
1979;2039;1977
1972;2048;1959
1971;2038;1978
1971;2077;1967
1973;2039;1933
1972;2034;1929
1972;2034;1963
1973;2039;1953
1971;2040;1975
1971;2048;1961
1973;2037;1974
1971;2035;1982
1972;2037;1958
1971;2038;1967
1972;2054;2051
1973;2048;2009
1973;2048;2051
1971;2048;1962
1971;2048;1976
1972;2041;1969
1972;2048;1970
1971;2048;1960
1972;2048;1979
1972;2048;1979
1973;2048;1986
1971;2039;1980
1971;2040;1971
1972;2038;1975
1973;2048;1979
1971;2048;1981
1964;2036;1975
1966;2034;1990
1971;2037;1990
1972;2040;1962
1970;2048;1943
1970;2048;1960
1970;2048;1951
1972;2048;1956
1972;2048;1967
1971;2039;1965
1971;2048;1962
1972;2048;1957
1974;2048;1957
1973;2048;1961
1973;2048;1963
1971;2036;1973
1972;2048;1938
1972;2037;1949
1970;2041;1954
1975;2040;1946
1973;2048;1951
1971;2036;1954
1972;2036;1939
1973;2040;1941
1972;2048;1935
1971;2048;1982
1971;2048;1966
1973;2041;1954
1969;2048;1959
1971;2048;1957
1971;2048;1961
1973;2041;1959
1971;2048;1947
1978;2048;1942
1972;2048;1966
1973;2033;1939
1973;2031;1957
1969;2039;1951
1972;2041;1950
1973;2039;1956
1972;2038;1955
1974;2048;1957
1971;2037;1963
1971;2042;1965
1972;2048;1994
1973;2048;1945
1970;2039;1936
1972;2048;1945
1971;2048;1948
1973;2048;1967
1972;2048;1964
1972;2048;1955
1972;2050;1973
1970;2048;1979
1973;2048;1967
1971;2035;1947
1971;2039;2026
1965;2033;1951
1973;2038;1984
1970;2048;1975
1975;2037;1967
1972;2037;1969
1974;2036;1982
1974;2041;1963
1972;2048;1967
1971;2048;1941
1971;2048;1954
1973;2048;1955
1973;2048;1975
1972;2048;1961
1971;2048;1995
1972;2048;1983
1972;2053;2001
1972;2048;1993
1981;2048;1956
1974;2039;1943
1973;2037;1930
1971;2036;1953
1972;2038;1971
1973;2048;1973
1972;2048;1964
1975;2036;1979
1971;2039;1983
1973;2048;1987
1972;2039;1973
1972;2049;1949
1972;2048;1941
1972;2048;1959
1973;2048;1971
1973;2048;1973
1972;2048;1967
1972;2048;1975
1965;2041;1954
1972;2048;1969
1974;2048;1992
1971;2039;1977
1975;2048;2010
1974;2052;1959
1973;2039;1968
1973;2048;1970
1973;2048;1972
1972;2039;1957
1972;2041;1955
1973;2048;1965
1971;2040;1958
1971;2049;1951
1973;2048;1963
1973;2048;1926
1972;2048;1963
1972;2049;1955
1972;2048;1953
1973;2048;1955
1972;2048;1966
1985;2031;1955
1973;2048;1962
1972;2028;1963
1971;2038;2021
1963;2035;1924
1971;2037;1951
1972;2048;1951
1971;2048;1950
1972;2048;1957
1973;2037;1938
1972;2048;1939
1976;2037;1943
1973;2048;1977
1973;2048;1950
1972;2048;1940
1971;2041;1959
1973;2048;1959
1971;2048;1954
1972;2048;1949
1972;2051;1946
1974;2040;1959
1972;2048;1931
1973;2035;1946
1973;2039;1960
1971;2052;1922
1971;2037;1958
1973;2048;1963
1971;2039;1956
1971;2048;1958
1974;2035;1956
1971;2048;1939
1972;2039;1964
1973;2052;1958
1972;2048;1971
1971;2048;1927
1972;2048;1947
1972;2041;1947
1971;2039;1951
1973;2048;1947
1974;2053;1957
1973;2040;1952
1972;2048;1947
1974;2033;1967
1971;2048;1969
1975;2032;1937
1974;2048;1942
1970;2048;1949
1973;2039;1950
1971;2039;1948
1971;2036;1941
1971;2048;1939
1969;2039;1951
1973;2050;2007
1971;2049;1973
1972;2039;1929
1975;2048;1955
1970;2048;1953
1974;2041;1953
1972;2048;1954
1973;2050;1950
1973;2037;1958
1971;2036;1943
1973;2035;1972
1971;2048;1931
1972;2031;1929
1975;2048;1943
1972;2048;1953
1973;2041;1956
1975;2048;1950
1970;2031;1935
1973;2048;1943
1971;2048;1951
1972;2048;1947
1972;2048;1914
1967;2048;1919
1971;2048;1969
1974;2050;1955
1973;2048;1955
1972;2033;1960
1972;2054;1961
1972;2038;1966
1972;2015;1932
1973;2033;1947
1972;2038;1950
1972;2033;1981
1971;2048;1945
1973;2048;1945
1974;2048;1958
1973;2037;1965
1973;2035;1965
1973;2048;1957
1971;2048;1989
1973;2048;1939
1971;2048;2003
1974;2048;1959
1973;2048;1961
1974;2048;1947
1972;2048;1956
1971;2048;1960
1971;2053;1962
1973;2039;2008
1970;2048;1963
1975;2035;1977
1974;2048;2001
1973;2037;1960
1972;2037;1961
1974;2048;1953
1972;2048;1978
1973;2041;1962
1974;2034;1948
1972;2048;1964
1973;2048;1967
1973;2051;2021
1973;2048;1963
1975;2039;1955
1973;2048;1975
1972;2048;1971
1974;2048;1961
1974;2048;1959
1974;2054;1975
1972;2048;2003
1975;2039;1981
1973;2033;1976
1972;2048;1970
1973;2035;1959
1973;2048;1965
1971;2048;1978
1975;2048;1973
1971;2048;1967
1973;2033;1957
1971;2048;1953
1972;2048;1967
1974;2051;1977
1974;2040;1954
1974;2048;2048
1973;2048;1980
1973;2041;1977
1974;2040;1974
1974;2039;1966
1971;2056;1984
1973;2048;1997
1973;2035;1963
1974;2039;1941
1973;2038;1997
1973;2048;1928
1973;2048;1975
1975;2048;1973
1972;2048;1975
1972;2048;1967
1971;2036;1961
1974;2048;1941
1973;2048;1976
1972;2049;2003
1972;2048;1988
1973;2048;2020
1979;2048;1973
1971;2048;1970
1972;2039;1976
1972;2040;1975
1971;2053;1993
1965;2048;1961
1973;2034;1970
1974;2025;1946
1973;2048;1989
1975;2039;1991
1973;2041;1962
1974;2051;1957
1973;2038;1969
1971;2048;1972
1956;2032;1965
1971;2048;1971
1973;2048;1946
1973;2049;1981
1974;2048;1983
1971;2048;1930
1971;2039;1958
1973;2048;1966
1971;2039;1952
1973;2048;1957
1973;2053;1963
1974;2048;1985
1974;2039;1967
1974;2033;1981
1971;2037;1938
1975;2048;1941
1971;2037;1948
1973;2053;1951
1975;2039;1950
1974;2039;1953
1972;2031;1971
1974;2038;1949
1975;2048;1967
1974;2048;1918
1975;2048;1943
1972;2048;1945
1975;2055;1967
1973;2031;1958
1973;2048;1955
1973;2040;1946
1973;2054;1957
1974;2048;1955
1973;2038;1978
1974;2031;1949
1972;2048;2004
1971;2040;1953
1971;2034;1960
1975;2048;1967
1975;2048;1962
1972;2048;1952
1972;2028;1951
1972;2048;1942
1985;2048;1928
1971;2048;1935
1973;2049;1957
1974;2039;1937
1962;2048;1963
1974;2048;1972
1973;2048;1964
1970;2048;1965
1973;2058;1969
1973;2048;1959
1974;2033;1973
1971;2035;1976
1973;2048;1950
1975;2041;1918
1974;2037;1954
1977;2037;1944
1972;2039;1963
1971;2048;1954
1975;2033;1950
1973;2033;1933
1973;2048;1941
1972;2048;1977
1972;2048;1934
1975;2048;1981
1973;2048;1946
1972;2048;1955
1971;2048;1949
1972;2048;1956
1972;2057;1953
1973;2039;1967
1974;2041;1989
1972;2034;1930
1973;2038;1987
1971;2041;1961
1971;2039;1961
1973;2049;1955
1973;2048;1943
1972;2048;1948
1975;2030;1965
1973;2037;1941
1973;2041;1946
1971;2048;1951
1973;2048;1946
1969;2048;1956
1971;2048;1970
1973;2048;1966
1973;2048;1967
1973;2048;1961
1972;2055;1938
1973;2039;1946
1971;2038;1955
1973;2035;1957
1975;2036;2000
1975;2048;1943
1972;2039;1954
1973;2039;1952
1973;2048;1965
1974;2048;1965
1973;2030;1977
1973;2039;1973
1973;2041;1934
1973;2050;1954
1977;2048;1930
1971;2036;1983
1973;2048;1947
1973;2040;1960
1989;2039;1955
1971;2041;1960
1975;2054;1939
1971;2048;1995
1975;2048;1982
1973;2037;1989
1971;2037;1935
1972;2048;1960
1975;2039;1938
1961;2039;1949
1973;2048;1946
1973;2036;1945
1975;2030;1954
1973;2039;1945
1973;2036;1939
1975;2052;1939
1975;2048;1964
1972;2048;1953
1972;2048;1957
1973;2048;1964
1974;2041;1963
1974;2041;1971
1974;2055;1940
1972;2048;1963
1974;2049;1963
1971;2037;1981
1974;2033;1994
1974;2041;1979
1973;2039;1959
1974;2048;1965
1974;2039;1953
1975;2048;1965
1973;2030;1964
1973;2040;1952
1975;2037;1946
1973;2049;1949
1974;2048;1937
1974;2048;1979
1971;2039;1957
1974;2048;1969
1974;2048;1969
1973;2048;1967
1974;2048;1959
1973;2048;1955
1975;2048;1946
1973;2049;1978
1973;2033;1949
1975;2042;1983
1971;2041;1952
1974;2048;1957
1973;2048;1955
1973;2038;1985
1973;2033;1991
1974;2038;1965
1973;2039;1976
1973;2049;1948
1973;2048;1946
1971;2048;1970
1975;2042;1957
1973;2048;1953
1972;2048;1956
1974;2041;1950
1974;2049;1955
1973;2048;1974
1974;2048;1961
1975;2037;2032
1973;2039;1950
1974;2039;1946
1973;2041;1954
1972;2039;1951
1973;2041;1955
1973;2039;1956
1974;2036;1978
1975;2037;1956
1973;2039;1942
1974;2051;1952
1970;2048;2014
1973;2048;1997
1973;2039;1965
1973;2048;1967
1971;2048;1959
1973;2048;1959
1974;2048;1936
1974;2048;1970
1973;2048;1981
1974;2048;1986
1974;2038;1945
1973;2048;1976
1975;2036;1957
1973;2049;1966
1974;2048;1979
1973;2048;1972
1974;2034;1986
1973;2039;1959
1974;2039;1959
1975;2048;1992
1973;2048;1997
1973;2048;1971
1973;2039;1957
1973;2048;1959
1973;2048;1971
1973;2048;1971
1973;2048;1951
1974;2048;1983
1972;2048;1962
1975;2048;1995
1973;2036;1972
1973;2048;1999
1973;2037;1959
1975;2041;1963
1975;2040;1963
1982;2048;1957
1975;2037;2001
1973;2037;1975
1972;2048;2020
1973;2048;1964
1973;2048;2028
1973;2048;2007
1973;2041;1967
1973;2048;1974
1973;2042;1983
1973;2048;1983
1978;2048;1966
1971;2052;1953
1973;2048;1951
1973;2048;1981
1975;2039;2015
1973;2048;1970
1972;2038;1972
1977;2041;1970
1972;2039;1981
1975;2048;1973
1975;2037;2015
1972;2034;1955
1973;2040;1963
1975;2040;1943
1973;2048;1949
1972;2048;2003
1973;2048;1969
1974;2048;1975
1976;2048;1975
1974;2048;1977
1972;2041;1983
1973;2048;1970
1974;2048;1989
1975;2048;1983
1975;2038;1960
1975;2048;1950
1974;2039;1959
1973;2037;1962
1973;2048;1967
1973;2038;1969
1975;2048;2031
1967;2037;1963
1974;2036;1971
1975;2039;1990
1967;2048;1967
1973;2048;1955
1974;2048;1971
1974;2048;1966
1973;2048;1965
1973;2048;1964
1973;2048;1963
1970;2049;1961
1972;2048;1969
1975;2048;1965
1974;2041;1996
1974;2036;1937
1964;2040;1954
1974;2037;1982
1973;2048;1971
1986;2048;1963
1972;2048;1971
1974;2035;1975
1974;2048;1965
1973;2048;1988
1971;2048;1940
1975;2053;1973
1975;2048;1965
1971;2048;1975
1975;2048;1967
1974;2048;1982
1973;2048;1967
1970;2048;1962
1975;2031;1945
1973;2041;1973
1975;2038;1966
1974;2048;1939
1974;2037;1959
1974;2048;1987
1975;2039;1980
1974;2048;1970
1975;2048;1966
1974;2037;1957
1975;2048;1973
1973;2048;1954
1974;2048;1945
1973;2048;1945
1973;2048;1954
1973;2048;1973
1973;2048;1961
1974;2048;1965
1967;2048;1966
1973;2049;1950
1973;2048;1961
1974;2048;1947
1973;2033;1986
1974;2029;1949
1975;2048;1934
1972;2039;1954
1973;2039;1949
1973;2040;1952
1975;2036;1963
1973;2036;1943
1975;2048;1947
1974;2040;1967
1974;2048;1942
1973;2048;1939
1975;2042;1934
1971;2048;1947
1973;2048;1951
1973;2048;1947
1974;2054;1954
1974;2048;1967
1973;2048;1959
1974;2048;1963
1973;2036;2007
1974;2048;1967
1974;2037;1931
1974;2039;1945
1973;2039;1948
1974;2037;1947
1974;2041;1949
1971;2034;1937
1971;2048;1946
1974;2048;1965
1972;2041;1995
1974;2048;1985
1973;2040;1938
1973;2048;1957
1972;2048;1944
1973;2048;1948
1972;2048;1943
1973;2048;1956
1974;2040;1938
1974;2048;1962
1973;2030;1947
1974;2039;2014
1975;2038;1951
1976;2048;1959
1975;2037;1957
1973;2037;1954
1974;2048;1950
1975;2035;1945
1974;2048;1949
1975;2048;1976
1974;2048;1997
1974;2048;1935
1972;2048;1965
1974;2048;1979
1974;2039;1965
1978;2036;1965
1973;2040;1965
1973;2049;1941
1973;2041;1946
1974;2041;1951
1975;2036;1995
1974;2037;1979
1974;2037;1935
1974;2040;1979
1972;2040;1971
1974;2039;1984
1974;2048;1967
1974;2038;1943
1971;2048;1967
1973;2039;1968
1973;2048;1940
1971;2048;1979
1973;2048;1959
1974;2048;1983
1975;2041;1973
1974;2048;1983
1974;2048;1997
1975;2049;1962
1975;2031;1962
1973;2038;1975
1973;2038;1972
1972;2040;1942
1979;2036;1944
1973;2038;1979
1975;2048;1973
1975;2040;1983
1975;2048;1970
1972;2034;1990
1973;2048;1998
1974;2040;1993
1974;2048;1949
1973;2048;1939
1975;2039;1934
1973;2048;1974
1979;2048;1970
1973;2048;1975
1974;2048;1973
1975;2048;1955
1972;2039;1957
1975;2040;1978
1974;2040;1947
1974;2037;2057
1975;2037;1943
1973;2041;1978
1974;2048;1967
1973;2039;1971
1974;2050;1969
1974;2035;1949
1974;2048;1958
1975;2048;1975
1976;2048;1932
1976;2048;1908
1974;2048;1962
1972;2048;1983
1973;2027;1982
1975;2022;1975
1975;2041;1967
1975;2051;1947
1975;2048;1969
1975;2038;1988
1973;2035;1986
1975;2037;1955
1981;2039;2003
1974;2040;1981
1973;2048;1981
1971;2041;1989
1973;2048;1970
1973;2031;1957
1974;2041;1953
1973;2048;1966
1973;2049;1930
1975;2048;2006
1973;2048;1961
1974;2048;1993
1973;2048;1979
1975;2041;1974
1971;2048;1979
1976;2051;1999
1973;2048;1987
1972;2038;1977
1973;2037;1965
1974;2037;1974
1974;2036;1988
1973;2034;1967
1973;2038;1979
1975;2048;1972
1972;2048;1970
1973;2038;1999
1974;2048;1971
1973;2048;1953
1974;2048;1988
1973;2049;1954
1974;2048;1928
1975;2035;1966
1975;2048;1972
1973;2038;1976
1973;2048;1959
1973;2051;1957
1974;2041;1991
1975;2038;1962
1973;2033;1945
1974;2037;1923
1973;2039;1985
1973;2038;1955
1975;2038;1955
1975;2048;1959
1974;2048;1957
1974;2037;1980
1971;2039;1957
1972;2048;1963
1975;2053;2022
1975;2048;1989
1973;2059;1961
1974;2048;1959
1973;2048;1965
1974;2048;1954
1974;2040;1947
1975;2051;1966
1973;2040;1970
1974;2038;1950
1971;2035;1963
1976;2048;1938
1975;2040;2007
1974;2039;1953
1973;2050;1965
1973;2039;1959
1977;2048;1953
1975;2033;1941
1975;2048;1935
1973;2048;1955
1975;2048;1938
1977;2048;1994
1975;2048;1982
1973;2048;1965
1975;2035;1965
1974;2048;1956
1969;2048;1960
1974;2051;1971
1975;2039;1974
1974;2037;1979
1976;2034;1983
1975;2035;1941
1976;2039;1947
1979;2041;1955
1974;2048;1955
1975;2048;1955
1972;2048;1959
1975;2031;1939
1975;2048;1954
1975;2048;1947
1970;2054;1950
1972;2048;1949
1974;2040;1985
1973;2048;1964
1974;2048;1959
1973;2048;1959
1975;2048;1966
1975;2051;1947
1974;2048;1975
1972;2036;1955
1974;2033;1970
1975;2048;1928
1975;2039;1979
1975;2036;1943
1973;2037;1942
1973;2041;1946
1974;2037;1944
1973;2031;1948
1974;2048;1949
1974;2048;1965
1973;2051;1952
1974;2048;1971
1976;2048;1935
1977;2048;1963
1975;2039;1946
1971;2048;1949
1972;2041;1941
1973;2055;1938
1976;2048;1948
1974;2039;1974
1973;2033;1975
1975;2037;1997
1970;2040;1953
1974;2048;1962
1973;2036;1946
1975;2039;1950
1975;2048;1949
1974;2028;1939
1975;2041;1932
1973;2048;1939
1973;2050;1952
1973;2048;1980
1973;2048;1943
1974;2048;1964
1972;2037;1972
1973;2048;1963
1973;2048;1963
1975;2054;1940
1974;2048;1950
1975;2048;1971
1975;2039;1923
1977;2037;2033
1974;2034;1941
1974;2038;1984
1975;2039;1979
1975;2048;1973
1974;2048;1967
1972;2030;1957
1975;2050;1949
1973;2038;1940
1972;2048;1942
1973;2048;1977
1973;2050;2013
1973;2048;1979
1975;2048;1999
1975;2039;1976
1975;2048;1978
1974;2055;1951
1974;2048;1994
1975;2039;1990
1975;2031;1958
1976;2037;1921
1979;2039;1995
1973;2048;1975
1975;2039;1981
1975;2048;1979
1977;2048;1988
1975;2029;2000
1973;2039;1985
1974;2048;1971
1974;2051;1959
1979;2048;1995
1975;2048;1937
1973;2039;1972
1975;2048;1978
1974;2048;1965
1973;2048;1986
1974;2057;1966
1977;2048;1988
1973;2048;1982
1975;2033;2051
1972;2037;1949
1973;2038;1991
1975;2039;1964
1975;2048;1969
1973;2039;1968
1975;2039;1973
1970;2027;1985
1975;2035;1970
1974;2048;1954
1973;2048;1953
1975;2048;1953
1973;2050;1959
1975;2016;1974
1971;2039;1973
1974;2048;1971
1989;2048;1965
1973;2055;1940
1973;2053;1964
1974;2035;1987
1974;2048;1975
1974;2040;1949
1975;2039;1923
1977;2038;1953
1979;2039;1958
1974;2048;1979
1977;2041;1967
1974;2029;1973
1974;2033;1955
1976;2048;1957
1975;2048;1977
1974;2056;1983
1975;2048;1965
1974;2048;1982
1973;2041;1978
1974;2048;1969
1975;2048;1969
1976;2056;1947
1973;2040;1959
1975;2048;1961
1975;2039;2022
1975;2041;1943
1973;2035;1983
1975;2039;1966
1973;2040;1971
1975;2048;1963
1973;2048;1975
1974;2031;1977
1975;2042;1963
1974;2054;1952
1972;2048;1982
1974;2048;1998
1975;2048;1989
1973;2048;1957
1973;2048;1962
1962;2048;1965
1975;2048;1971
1975;2058;1955
1976;2048;1957
1972;2048;1962
1959;2035;1967
1977;2038;1947
1974;2039;1943
1975;2036;1945
1975;2048;1949
1974;2036;1949
1971;2039;1953
1975;2033;1981
1975;2037;1947
1975;2037;1953
1974;2048;1953
1975;2048;1972
1976;2048;1947
1975;2033;1941
1970;2048;1947
1973;2048;1944
1975;2039;1953
1975;2055;1936
1975;2048;1964
1974;2048;1955
1975;2039;1975
1971;2038;1943
1977;2033;1935
1974;2041;1954
1975;2040;1951
1973;2048;1961
1974;2048;1938
1973;2029;1963
1974;2037;1939
1971;2041;1989
1974;2049;1964
1976;2048;1986
1974;2048;1947
1974;2048;1963
1974;2048;1965
1973;2048;1964
1974;2048;1956
1973;2053;1929
1971;2048;1967
1972;2048;1961
1973;2050;2009
1975;2041;1980
1977;2048;1949
1974;2041;1969
1973;2038;1963
1975;2035;1961
1973;2048;1962
1976;2030;1971
1974;2037;1949
1973;2041;1952
1975;2048;1997
1973;2039;1958
1973;2048;2002
1974;2048;1967
1974;2048;1979
1975;2048;1975
1973;2048;1970
1973;2048;1977
1973;2048;1950
1974;2048;1979
1974;2048;1964
1975;2036;1955
1974;2039;1958
1974;2048;1949
1978;2048;1985
1974;2039;1973
1975;2038;1987
1973;2033;1999
1975;2037;2010
1974;2039;1965
1963;2050;1967
1975;2048;1993
1974;2048;2010
1974;2053;1999
1973;2048;1977
1983;2038;1984
1975;2048;1982
1975;2052;1973
1975;2048;2003
1974;2048;1979
1976;2048;2010
1973;2033;1940
1974;2048;2011
1970;2037;1970
1975;2031;1972
1975;2041;1977
1975;2048;1985
1974;2034;1994
1975;2038;2005
1974;2048;2000
1973;2048;1950
1973;2048;2048
1978;2051;1953
1972;2048;1967
1974;2048;1969
1975;2048;1978
1972;2048;1983
1975;2048;1951
1974;2048;2010
1974;2048;2000
1973;2048;2055
1975;2037;1957
1975;2048;1945
1975;2038;1959
1981;2039;1964
1974;2039;1972
1971;2041;1979
1976;2032;1999
1975;2036;2007
1975;2041;1972
1974;2051;1970
1971;2048;1928
1975;2048;2048
1973;2035;1982
1975;2048;1978
1974;2048;1974
1972;2048;1971
1974;2040;1936
1975;2048;1986
1973;2048;1966
1976;2048;2050
1975;2048;1986
1975;2039;1994
1974;2038;1962
1974;2041;1967
1974;2040;1979
1975;2039;1967
1976;2038;1994
1976;2037;1959
1973;2033;1965
1975;2050;1978
1973;2048;2001
1992;2048;1972
1974;2048;1964
1975;2048;1967
1975;2039;1967
1974;2048;1967
1974;2048;1963
1978;2048;1974
1975;2048;1972
1974;2048;2012
1975;2037;1927
1974;2041;1973
1976;2039;1949
1973;2048;1973
1978;2039;1962
1975;2038;1962
1976;2035;1967
1978;2038;1946
1972;2042;1960
1974;2050;1991
1975;2049;1932
1975;2048;1983
1974;2077;1948
1973;2048;1959
1973;2039;1958
1973;2041;1961
1974;2048;1985
1973;2048;1949
1974;2048;1945
1977;2048;1983
1977;2038;1935
1977;1991;2002
1971;2031;1916
1977;2038;1946
1973;2039;1963
1978;2040;1961
1973;2039;1981
1974;2034;1961
1974;2028;1944
1975;2048;1981
1974;2049;1971
1975;2038;1935
1975;2037;1953
1975;2048;1949
1974;2048;1958
1974;2039;1963
1973;2040;1972
1975;2041;1992
1974;2038;1952
1975;2048;1995
1974;2034;1947
1975;2048;1965
1974;2037;1935
1977;2048;1963
1974;2048;1963
1975;2037;1953
1973;2048;1944
1981;2035;1940
1974;2041;1962
1974;2048;2014
1974;2048;1969
1973;2048;1966
1975;2041;1954
1967;2048;1962
1973;2048;1967
1975;2048;1968
1975;2048;1979
1974;2049;1987
1973;2040;1945
1974;2060;1961
1975;2036;1943
1974;2041;1993
1975;2035;1976
1974;2039;1979
1974;2048;1973
1975;2039;1967
1974;1997;1975
1969;2035;1987
1974;2039;1961
1981;2039;1979
1975;2050;2048
1971;2048;1938
1977;2039;1971
1975;2048;1975
1973;2048;1981
1974;2048;1972
1973;2048;1986
1975;2048;1958
1976;2040;1992
1974;2048;1954
1975;2036;2040
1975;2048;1989
1975;2035;1966
1975;2048;1996
1973;2041;1974
1975;2041;1975
1973;2048;1964
1973;2033;1948
1975;2048;1971
1975;2048;1997
1973;2049;1934
1976;2048;2020
1975;2048;1961
1975;2048;1966
1975;2048;1979
1976;2048;1972
1977;2048;1983
1974;2048;1974
1974;2039;1953
1973;2048;1960
1973;2036;2016
1974;2039;1922
1976;2033;1946
1975;2048;1965
1974;2048;1962
1975;2039;1967
1974;2048;1962
1974;2039;1946
1975;2048;1969
1973;2048;1955
1973;2050;2003
1975;2048;1972
1977;2057;1937
1976;2051;1959
1974;2039;1957
1953;2048;1966
1973;2048;1961
1975;2048;1964
1975;2034;1948
1974;2063;1967
1974;2036;1937
1975;2048;1950
1975;2032;1917
1973;2039;1944
1973;2037;1955
1977;2048;1955
1973;2051;1953
1975;2034;1970
1975;2048;1960
1974;2048;1972
1970;2050;1933
1977;2041;1922
1974;2048;1927
1974;2048;1947
1975;2041;1943
1975;2048;1941
1977;2048;1954
1975;2048;1968
1975;2037;1963
1977;2048;1975
1975;2027;1952
1974;2040;1983
1974;2033;1926
1973;2048;1954
1974;2048;1951
1975;2039;1966
1975;2040;1950
1975;2034;1935
1975;2048;1962
1971;2048;1987
1974;2048;1931
1973;2048;1967
1975;2048;1917
1975;2048;1970
1981;2039;1951
1974;2048;1952
1975;2048;1949
1975;2048;1943
1973;2040;1955
1973;2048;1944
1974;2034;2004
1975;2040;1916
1975;2054;1957
1973;2048;1972
1975;2048;1972
1975;2048;1970
1973;2039;1962
1974;2037;1962
