2035;1422;891
2031;1725;830
2027;1805;583
2023;1846;836
2020;1869;859
2019;1881;885
2017;1836;917
2023;1896;886
2011;1930;825
2012;1947;1266
2009;1938;1075
2011;1947;985
2007;1935;737
2005;1935;937
2003;1937;932
2003;1939;931
2002;1999;991
2003;1947;997
2002;1911;844
2002;1899;1278
2001;1915;1099
2001;1930;970
1999;1931;731
1999;1938;926
1996;1939;942
1998;1940;953
1998;1875;939
1995;1920;921
1996;1959;846
1995;1972;1269
1994;1959;1137
1993;1950;847
1993;1951;728
1993;1945;930
1994;1943;928
1993;1950;947
1993;2011;1031
1994;1966;962
1995;1924;915
1993;1901;1340
1991;1931;985
1993;1931;970
1987;1937;695
1992;1941;917
1991;1942;931
1992;1943;927
1990;1873;976
1988;1929;938
1990;1953;876
1987;1978;1367
1989;1955;1068
1987;2003;1014
1993;1955;709
1988;1947;928
1989;1947;946
1988;1946;939
1989;2023;1024
1987;1962;961
2009;1930;904
1989;1909;1366
1988;1932;1111
1990;1933;982
1994;1933;686
1987;1943;925
1986;1939;940
1983;1946;926
1988;1874;1010
1987;1915;937
1987;1940;904
1988;1967;1372
1989;1960;992
1985;2351;1042
1980;2853;797
1985;2427;1179
1991;2245;1133
1994;2179;1083
1995;2221;1123
1997;2143;1057
2002;2094;1024
2003;2057;1579
2005;2067;1087
2006;2072;1020
2013;2052;771
2007;2071;999
2011;2063;1002
2011;2066;995
2012;1987;1027
2012;2038;939
2014;2056;919
2014;2091;1431
2014;2073;1134
2017;2076;1119
2017;2065;705
2017;2061;983
2019;2062;983
2019;2062;995
2019;2139;1051
2020;2081;1002
2021;2051;996
2021;2019;1394
2022;2034;1146
2023;2037;1081
2024;2039;705
2025;2035;960
2023;2051;976
2024;2048;990
2026;1976;1067
2037;2017;942
2026;2031;931
2025;2083;1351
2025;2059;1079
2025;2063;1016
2027;2055;719
2025;2048;974
2029;2048;974
2026;2048;986
2024;2129;1069
2025;2070;995
2034;2049;992
2029;2016;1425
2027;2024;1093
2025;2032;1012
2028;2038;661
2028;2034;961
2029;2048;975
2026;2039;983
2030;1972;1022
2027;2011;943
2028;2022;1012
2029;2067;1396
2028;2060;1120
2027;2048;1106
2028;2050;692
2031;2049;971
2033;2048;985
2025;1792;982
2021;2120;1061
2029;2074;1034
2029;2053;987
2030;2020;1419
2030;2029;1150
2027;2031;981
2031;2031;644
2027;2037;959
2029;2038;983
2029;2037;975
2029;1966;1054
2030;2013;989
2028;2021;966
2028;2076;1440
2030;2052;1218
2027;2058;994
2029;2053;619
2030;2054;967
2029;2033;981
2029;2051;990
2029;2133;1098
2029;2077;1042
2031;2056;989
2029;2013;1437
2031;2015;1125
2031;2032;1048
2031;2033;591
2031;2030;953
2030;2038;962
2030;2036;977
2031;1962;1102
2031;2017;959
2029;2023;1048
2029;2082;1439
2027;2075;1248
2031;2048;1079
2030;2049;543
2029;2050;975
2029;2048;1001
2031;2048;994
2029;2123;1082
2029;2072;1045
2030;2068;1038
2033;2021;1429
2031;2019;1147
2030;2032;1037
2029;2033;577
2030;2035;958
2031;2033;984
2031;2037;987
2030;1975;1055
2030;2020;999
2030;2016;1014
2031;2064;1409
2029;2066;1101
2029;2066;1038
2030;2048;554
2027;2052;966
2029;2048;990
2021;2048;996
2030;2129;1087
2029;2081;1034
2031;2065;1027
2034;2048;1385
2031;2009;1147
2026;2035;1076
2030;2033;520
2031;2035;971
2031;2037;979
2030;2039;979
2031;1962;1043
2029;2015;946
2029;2015;1004
2031;2071;1373
2031;2064;1034
2031;2058;1066
2029;2050;515
2030;2051;965
2029;2058;989
2031;2052;992
2030;2123;1089
2030;2068;1020
2029;2038;1041
2029;2030;1277
2035;2015;1207
2033;2030;1003
2029;2022;435
2031;2033;950
2030;2030;976
2031;2036;976
2031;1963;1029
2031;1994;1004
2031;2010;997
2030;2084;1371
2030;2055;1179
2033;2048;999
2029;2034;434
2029;2050;961
2030;2037;980
2031;2031;984
2030;2111;1043
2030;2064;995
2031;2054;1031
2029;2048;1262
2030;2006;1111
2031;2023;1004
2031;2017;424
2031;2030;955
2029;2033;982
2029;2030;978
2031;1962;1092
2029;2005;1012
2031;2027;996
2029;2055;1222
2030;2039;1275
2030;2052;1027
2029;2048;377
2031;2049;951
2031;2058;1002
2028;2048;1000
2029;2114;1084
2030;2067;1029
2029;2059;979
2030;2040;1218
2031;1984;1203
2031;2026;1050
2031;2017;318
2031;2023;951
2029;2022;975
2031;2020;988
2030;1968;1055
2033;2009;966
2029;2015;1042
2029;2031;1194
2029;2064;1167
2029;2048;1076
2027;2050;271
2029;2052;954
2030;2048;982
2029;2048;987
2030;2109;1077
2030;2074;1024
2034;2055;1019
2033;2059;1101
2031;1997;1191
2031;2022;1076
2031;2013;297
2031;2029;954
2031;2031;982
2030;2030;971
2030;1962;1114
2031;2003;953
2030;2031;997
2033;2048;1099
2028;2068;1208
2030;2048;1020
2030;2035;277
2025;2053;960
2029;2041;989
2029;2018;991
2030;2095;1037
2031;2066;1025
2031;2051;1017
2030;2058;1053
2030;1988;1210
2031;2018;974
2031;2015;189
2027;2023;939
2030;2037;981
2031;2027;984
2033;1985;1041
2031;2004;982
2031;2035;1012
2029;2018;1042
2031;2065;1226
2031;2038;1065
2029;2048;203
2029;2048;932
2029;2048;982
2029;2048;977
2030;2089;1024
2029;2072;1049
2031;2049;997
2031;2058;1017
2031;1981;1206
2032;2024;1075
2032;2007;170
2031;2022;930
2031;2039;977
2030;2029;978
2031;2002;1034
2031;1999;934
2031;2015;1005
2032;2016;1003
2031;2069;1295
2030;2056;1115
2030;2050;137
2029;2049;931
2031;2051;973
2028;2030;983
2030;2071;997
2031;2063;991
2031;2035;962
2031;2052;1021
2034;1991;1174
2033;2013;1015
2030;2004;125
2031;2023;909
2033;2026;965
2031;2020;974
2036;2007;1025
2030;2002;930
2028;2051;947
2031;2015;1009
2031;2080;1270
2029;2055;1004
2030;2041;110
2028;2048;910
2030;2037;977
2031;2035;971
2024;2048;981
2029;2069;983
2027;2036;978
2030;2055;1047
2029;1992;1179
2031;2018;1086
2031;1994;171
2031;2030;912
2029;2023;964
2029;2019;979
2031;2021;1003
2029;1996;947
2029;2035;1010
2029;2018;1018
2030;2081;1329
2027;2048;1076
2029;2049;143
2030;2037;906
2021;2030;975
2031;2048;976
2029;2050;984
2030;2055;1015
2031;2023;1004
2031;2054;1025
2028;1977;1195
2031;2011;1089
2031;1917;216
2030;1996;903
2030;2023;975
2029;2019;969
2029;2017;970
2030;1981;958
2028;2032;937
2027;2015;1021
2028;2059;1260
2027;2056;1007
2029;2048;223
2028;2027;905
2027;2034;980
2029;2031;980
2028;2029;969
2029;2066;1015
2027;2019;980
2028;2049;1024
2028;2002;1199
2028;2019;1050
2027;1972;272
2029;2010;903
2029;2015;976
2027;2023;969
2031;2026;977
2030;1982;953
2027;2028;963
2031;2021;981
2029;2069;1314
2029;2023;1086
2028;2048;307
2027;2024;895
2029;2031;974
2028;2038;971
2027;2027;971
2027;2065;1019
2028;2025;954
2027;2029;1024
2029;1975;1267
2029;2015;1049
2027;1979;402
2029;2020;872
2027;2031;960
2027;2019;973
2029;2021;962
2027;1982;989
2027;2029;964
2027;2032;961
2027;2056;1272
2027;2048;1030
2027;2048;396
2027;2036;882
2033;2026;963
2027;2040;973
2027;2020;973
2027;2086;1005
2027;2023;964
2027;2030;985
2028;1967;1267
2027;1989;1080
2030;1976;561
2027;2029;856
2027;2022;958
2027;2019;963
2027;2011;983
2027;1977;942
2026;1986;919
2026;2025;965
2028;2051;1323
2026;2030;1106
2025;2037;530
2026;2030;864
2027;2013;956
2027;2025;963
2026;2022;970
2025;2077;1026
2028;2017;964
2025;2018;967
2028;1958;1323
2028;1989;988
2026;1982;712
2025;2011;843
2027;2014;961
2025;2023;960
2026;2027;962
2026;1977;957
2025;2003;913
2026;2039;1048
2025;2062;1354
2024;2048;1073
2023;2027;830
2024;2013;826
2026;2022;967
2025;2038;971
2025;2022;976
2026;2067;1047
2024;2015;990
2027;1980;967
2025;1959;1333
2023;2003;1081
2026;1977;814
2024;2008;819
2023;2011;958
2025;2009;973
2025;2013;964
2024;1961;1018
2025;2011;922
2025;2048;956
2024;2050;1370
2034;2026;1077
2023;2038;910
2023;2022;843
2021;2022;967
2023;2042;972
2024;2023;978
2024;2065;1019
2025;2022;996
2024;1994;931
2024;1975;1262
2024;1994;1139
2023;1978;972
2025;2009;825
2023;2015;964
2023;2012;964
2028;2014;962
2025;1961;1001
2029;2013;916
2022;2049;901
2023;2048;1373
2022;2041;1115
2023;2048;1007
2024;2037;808
2025;2015;963
2025;2011;973
2023;2031;967
2023;2095;1047
2027;2023;948
2026;1990;931
2025;1956;1355
2026;2001;1138
2021;1995;928
2023;2007;780
2025;2017;949
2025;2007;959
2024;2010;961
2023;1967;918
2023;2020;959
2025;2048;902
2021;2037;1327
2025;2049;1045
2021;2055;955
2022;2023;798
2021;2020;959
2022;2024;966
2019;2037;962
2022;2081;1019
2023;2015;953
2023;1987;908
2025;1965;1349
2024;1999;1118
2023;1991;1011
2022;2006;786
2023;2021;958
2022;2015;962
2024;2010;963
2024;1945;1001
2023;2003;928
2024;2048;879
2018;2057;1320
2020;2050;1105
2022;2022;1058
2023;2024;770
2025;2048;964
2023;2017;971
2021;2023;979
2022;2091;1018
2023;2017;968
2022;1990;876
2023;1965;1321
2023;2003;1042
2024;2004;1068
2024;2009;743
2022;2015;949
2022;2012;969
2021;2009;968
2023;1946;1017
2025;2013;956
2021;2048;863
2024;2053;1428
2023;2290;1173
2023;2034;1029
2022;2027;731
2024;2023;963
2021;2027;984
2020;2024;979
2023;2109;1077
2026;2036;971
2023;1993;890
2022;1972;1424
2022;2000;1026
2024;2003;983
2030;2007;698
2024;2014;955
2021;2017;970
2021;2013;983
2023;1940;1027
2023;2002;993
2024;2048;889
2022;2063;1552
2023;2048;1090
2023;2048;1056
2021;2013;703
2024;2024;959
2021;2027;978
2025;2027;976
2023;2127;1054
2024;2029;955
2024;1994;917
2021;1963;1471
2022;1999;1053
2023;2009;1039
2021;2005;689
2023;2008;954
2022;2018;968
2023;2018;967
2023;1929;1005
2022;1996;928
2021;2015;892
2020;2062;1436
2022;2048;1150
2021;2040;1223
2021;2027;709
2022;2025;970
2020;2015;979
2022;2027;976
2021;2120;1070
2021;2035;967
2021;2015;948
2021;1984;1359
2025;1978;1082
2022;2002;995
2022;1999;680
2021;2013;954
2022;2023;973
2023;2009;977
2022;1933;972
2026;1983;941
2020;2010;902
2022;2063;1435
2021;2031;1188
2021;2051;999
2021;2034;671
2024;2021;967
2023;2022;975
2021;2025;976
2022;2119;1043
2021;2048;1009
2021;2007;951
2023;1983;1471
2021;1989;1111
2021;1992;1068
2024;2009;620
2022;2031;950
2021;2003;962
2020;1996;967
2022;1930;1005
2023;2002;927
2021;2009;939
2022;2059;1465
2019;2034;1123
2021;2048;1000
2022;2025;637
2021;2024;959
2025;2026;972
2023;2021;973
2021;2122;1090
2022;2048;992
2022;2017;962
2024;1993;1455
2021;1995;1098
2021;1997;1071
2019;2012;602
2023;2010;938
2021;2013;959
2023;2014;962
2022;1916;1035
2023;1980;987
2021;1989;995
2023;2039;1385
2021;2039;1204
2020;2031;1058
2020;2031;570
2021;2031;959
2021;2023;980
2019;2025;974
2022;2111;1109
2024;2066;993
2022;2033;985
2022;1960;1505
2025;1991;1157
2020;2004;1047
2021;1999;572
2022;2004;934
2020;2007;958
2022;2013;967
2019;1923;1014
2021;1983;978
2021;2015;958
2020;2048;1442
2022;2030;1141
2021;2039;969
2021;2021;536
2021;2019;948
2020;2015;963
2020;2021;959
2021;2118;1107
2021;2057;1040
2019;2033;988
2022;1988;1440
2023;1981;1183
2021;1997;1058
2020;1997;548
2021;2003;938
2020;2013;959
2022;2015;958
2024;1931;1001
2019;1973;958
2022;1991;967
2020;2071;1464
2021;2024;1201
2019;2034;911
2020;2017;550
2021;2048;963
2019;2015;969
2019;2021;978
2020;2122;1095
2020;2048;978
2019;2035;979
2021;1993;1545
2022;1978;1162
2022;2014;995
2022;2002;434
2020;2001;940
2020;2008;970
2021;2008;974
2022;1930;998
2020;1970;973
2020;2015;951
2021;2077;1545
2021;2026;1199
2018;2037;981
2020;2025;472
2019;2026;950
2020;2017;970
2019;2023;969
2020;2119;1091
2020;2048;1011
2021;2031;967
2021;2005;1471
2024;2000;1088
2022;2002;1045
2019;1987;408
2022;1989;937
2021;2018;951
2021;2015;953
2021;1924;989
2019;1961;985
2022;1990;1003
2018;2062;1483
2017;2034;1093
2020;2031;1089
2020;2027;411
2020;2027;933
2019;2019;967
2019;2022;964
2019;2113;1053
2016;2048;971
2020;2039;1031
2023;1997;1395
2022;1990;1076
2024;2004;954
2021;2002;416
2019;2013;939
2022;2001;963
2019;2015;962
2020;1919;1042
2021;1975;938
2021;1987;975
2019;2059;1469
2019;2021;1242
2019;2036;992
2019;2024;357
2019;2031;941
2019;2026;971
2021;2020;975
2019;2095;1055
2021;2048;976
2019;2049;978
2020;2026;1351
2021;1975;1137
2021;2005;1082
2020;1989;358
2021;2009;933
2021;2011;970
2021;2009;970
2019;1930;1017
2021;1973;975
2017;1990;972
2020;2048;1456
2019;2048;1167
2019;2022;1024
2021;2012;283
2019;2036;937
2021;2023;981
2019;2019;970
2023;2103;1056
2019;2052;1005
2020;2039;1004
2019;2017;1387
2019;1977;1199
2019;2007;1017
2020;2004;232
2019;2014;928
2017;2007;959
2020;1993;969
2019;1925;1095
2023;1988;978
2024;1996;983
2019;2037;1308
2015;2048;1148
2021;2023;1080
2018;2022;346
2020;2022;936
2019;2021;967
2019;2020;972
2020;2103;1057
2019;2057;1024
2021;2025;1002
2019;2021;1175
2021;1980;1151
2021;2002;1084
2021;1988;223
2022;2002;917
2021;2004;962
2021;2009;962
2022;1933;1040
2021;1976;937
2022;1997;979
2018;2020;1164
2017;2048;1241
2018;2034;963
2019;2039;264
2019;2031;914
2020;1974;957
2023;2033;959
2019;2106;1078
2019;2039;977
2019;2036;1005
2022;2036;1069
2021;1971;1135
2023;1983;1040
2019;2000;230
2023;2033;916
2020;2006;951
2023;1967;957
2022;1969;1075
2022;1981;943
2020;1997;983
2021;2015;1144
2019;2048;1259
2020;2028;1087
2019;2023;148
2019;2025;922
2021;2017;968
2021;2023;973
2019;2093;1068
2020;2060;993
2021;2027;997
2020;2034;1033
2023;1957;1230
2021;1999;1019
2020;1989;183
2021;1993;922
2020;2013;963
2021;2012;963
2021;1967;1046
2019;1978;981
2020;2005;993
2021;2019;1046
2021;2052;1151
2021;2003;1080
2022;2032;119
2021;2028;926
2031;2018;973
2020;2007;977
2019;2088;1030
2021;2048;988
2020;2015;998
2019;2031;998
2021;1971;1184
2020;1991;1050
2020;1973;117
2021;2019;914
2023;2011;952
2019;2009;963
2019;1975;1031
2019;1977;983
2020;2007;957
2020;2005;983
2019;2054;1256
2022;2025;1006
2020;2033;118
2019;2028;922
2020;2021;969
2020;2021;970
2019;2050;1018
2020;2053;972
2021;2023;964
2020;2030;1012
2023;1977;1199
2022;1997;1050
2022;1994;104
2022;2007;901
2021;2016;959
2023;2009;953
2020;1983;1044
2023;1983;914
2021;1998;964
2021;2000;981
2020;2050;1242
2020;2039;1043
2020;2036;105
2014;2023;899
2023;2036;959
2021;2033;966
2018;2011;958
2020;2061;992
2022;2035;950
2021;2048;1007
2021;1965;1239
2025;1977;1081
2022;1982;131
2022;2017;900
2023;2009;954
2022;2013;957
2022;1992;1012
2022;1975;908
2019;2007;930
2021;2009;1035
2019;2089;1259
2025;2025;957
2021;2024;141
2021;2032;903
2022;2022;963
2020;2023;969
2022;2022;972
2022;2059;1006
2020;2020;957
2021;2040;1018
2023;1979;1263
2022;1993;1043
2021;1981;171
2021;2009;882
2022;2038;954
2026;1987;969
2025;2009;1016
1998;2001;955
2030;2009;933
2019;2009;979
2023;2063;1269
2022;2029;1025
2021;2048;188
2019;2024;901
2022;2022;962
2022;2029;967
2021;2018;971
2020;2069;1027
2022;2019;982
2023;2035;990
2023;1976;1233
2022;2013;1024
2023;1974;268
2021;2006;887
2023;2011;959
2020;2013;963
2023;2025;974
2022;1986;959
2022;2022;925
2021;2007;1006
2027;2061;1328
2024;2028;1077
2021;2019;243
2015;2038;889
2021;2048;962
2021;2027;973
2023;2015;969
2018;2069;1019
2021;2025;951
2021;2035;1007
2021;1975;1250
2022;1992;1066
2023;1979;366
2022;2007;870
2027;2025;959
2023;2017;965
2023;2013;969
2023;1973;928
2023;2029;935
2025;2021;976
2023;2058;1282
2021;2039;1069
2022;2048;377
2023;2026;892
2020;2023;967
2021;2031;974
2021;2034;971
2025;2060;995
2022;2005;964
2023;2029;1001
2026;1969;1221
2022;2005;1066
2023;1982;501
2022;2023;867
2023;2026;962
2022;1996;973
2023;2013;959
2022;1972;916
2022;2036;932
2023;2034;949
2021;2048;1263
2023;2030;1136
2021;2049;547
2023;2027;879
2021;2024;961
2021;2034;968
2022;2035;960
2023;2068;1013
2023;2018;941
2022;2019;994
2028;1952;1347
2024;1988;1059
2022;1981;532
2021;2020;841
2025;2019;957
2023;2013;962
2023;2013;959
2022;1972;983
2021;2007;913
2020;2039;962
2021;2054;1243
2021;2036;1075
2022;2048;633
2022;2040;867
2023;2048;963
2021;2011;971
2022;2021;961
2022;2091;1034
2023;2024;922
2024;2016;961
2025;1966;1264
2025;2007;1010
2023;1990;756
2023;2015;853
2023;2018;955
2023;2017;967
2023;2027;967
2025;1963;942
2022;2022;954
2023;2053;959
2019;2095;1338
2021;2052;1029
2022;2054;841
2023;2041;868
2021;2031;975
2021;2037;974
2022;2034;982
2022;2100;1057
2024;2028;959
2021;2001;948
2025;1975;1287
2022;2012;1082
2025;1993;955
2025;2016;834
2025;2030;969
2023;2023;967
2022;2015;969
2024;1977;1036
2021;2030;935
2023;2054;942
2025;2073;1313
2021;2051;1157
2025;2051;1040
2023;2039;834
2024;2039;968
2025;2029;971
2023;2037;971
2023;2110;1042
2023;2029;981
2024;2005;934
2028;1969;1373
2028;1995;1054
2027;1999;905
2025;2023;820
2025;2031;963
2026;2021;964
2025;2017;968
2025;1960;976
2025;2027;970
2024;2066;923
2026;2072;1364
2018;2064;1147
2024;2051;971
2025;2041;831
2025;2034;964
2025;2027;964
2024;2033;967
2023;2116;1063
2026;2031;969
2027;2000;924
2025;1977;1317
2026;1995;1114
2027;1992;1053
2026;2018;796
2025;2025;952
2027;2025;959
2024;2015;963
2024;1955;952
2025;2032;916
2027;2065;875
2025;2050;1287
2013;2051;1162
2027;2062;939
2026;2035;825
2023;2036;961
2026;2026;964
2026;2039;963
2025;2107;1042
2027;2033;987
2027;2003;929
2027;1973;1325
2026;2006;1121
2027;2009;1007
2025;2015;768
2026;2024;949
2026;2027;966
2026;2023;962
2027;1958;1012
2027;2015;895
2025;2066;873
2023;2069;1335
2025;2052;1105
2027;2048;1014
2023;2034;805
2025;2033;961
2023;2035;970
2023;2037;968
2025;2121;1039
2026;2048;980
2026;1999;894
2026;1965;1386
2023;2005;1028
2027;2017;1038
2018;2014;773
2025;2033;957
2027;2040;975
2026;2024;973
2027;1946;1035
2025;2018;926
2025;2051;897
2024;2061;1329
2023;2059;1167
2026;2048;1027
2026;2051;772
2025;2034;971
2025;2048;975
2025;2073;991
2024;2137;1088
2027;2111;983
2028;2019;922
2031;2002;1383
2028;2020;1039
2027;2024;1029
2023;2035;755
2026;2049;959
2026;2048;969
2029;2039;971
2029;1963;992
2026;2031;1006
2025;2069;895
2027;2086;1362
2027;2072;1061
2027;2066;1026
2027;2053;756
2026;2049;973
2029;2048;979
2027;2051;978
2028;2143;1093
2030;2063;965
2031;2029;946
2029;1991;1354
2028;2015;1107
2029;2048;971
2029;2048;731
2030;2062;965
2029;2024;972
2029;2037;981
2029;1960;1059
2031;2021;945
2029;2054;899
2031;2089;1426
2026;2066;999
2029;2065;1013
2028;2060;756
2029;2048;981
2030;2066;991
2029;2048;984
2030;2148;1071
2030;2077;985
2030;2035;939
2031;1987;1466
2033;2011;1047
2031;2026;1014
2031;2029;639
2031;2048;976
2031;2035;983
2029;2048;983
2034;1949;1018
2031;2012;970
2031;2039;921
2031;2093;1519
2030;2064;1189
2029;2059;1060
2031;2048;688
2029;2048;976
2034;2048;986
2031;2050;991
2030;2156;1121
2034;2067;1004
2033;2039;965
2031;1995;1413
2031;2018;1191
2030;2011;1045
2031;2039;647
2031;2048;963
2031;2048;975
2029;2035;979
2038;1943;1018
2030;2015;1019
2030;2035;932
2031;2083;1481
2032;2058;1149
2033;2057;1067
2031;2059;617
2031;2058;967
2030;2035;983
2031;2048;980
2031;2162;1118
2031;2065;1026
2031;2036;966
2033;2010;1448
2031;2021;1095
2033;2018;979
2031;2031;623
2030;2037;955
2031;2037;973
2030;2048;978
2031;1944;1058
2031;2015;975
2031;2030;958
2032;2097;1431
2031;2063;1167
2033;2063;1088
2030;2059;644
2031;2059;964
2031;2048;979
2030;2041;982
2030;2154;1101
2033;2081;1020
2033;2069;1005
2035;2009;1453
2033;2025;1136
2034;2021;1000
2033;2031;595
2031;2048;959
2031;2048;970
2031;2035;971
2033;1956;1071
2032;2015;913
2033;2076;963
2032;2114;1461
2031;2026;1202
2031;2065;1095
2031;2063;587
2031;2066;964
2034;2049;985
2032;2057;983
2031;2162;1113
2033;2089;1024
2031;2069;1002
2034;2027;1420
2031;2033;1183
2032;2048;1010
2034;2052;500
2035;2031;953
2034;2053;978
2035;2053;978
2033;1965;1072
2033;2014;962
2034;2027;966
2031;2102;1485
2033;2069;1225
2034;2065;1038
2035;2067;484
2031;2067;954
2034;2058;982
2035;2055;972
2032;2160;1082
2035;2083;979
2034;2074;1010
2031;2019;1436
2036;2029;1173
2035;2036;1035
2036;2048;487
2035;2041;945
2035;2050;968
2036;2065;976
2036;1965;1024
2035;1999;996
2034;2033;986
2034;2108;1373
2048;2071;1248
2034;2066;1012
2035;2066;498
2035;2075;965
2036;2057;980
2034;2064;983
2033;2161;1073
2037;2079;1030
2036;2075;983
2037;2048;1456
2036;2019;1163
2037;2038;1008
2035;2039;437
2037;2050;945
2035;2048;974
2036;2050;971
2038;1969;1029
2038;2015;987
2036;2048;1006
2034;2101;1468
2037;2079;1213
2037;2076;1055
2036;2067;475
2038;2064;965
2036;2070;992
2037;2060;982
2035;2140;1071
2037;2089;983
2033;2079;1013
2039;2048;1379
2037;2022;1119
2039;2048;1078
2038;2037;377
2037;2048;952
2038;2048;975
2037;2062;980
2039;1989;1044
2035;2016;959
2038;2035;1049
2037;2093;1383
2035;2077;1198
2040;2079;966
2038;2061;407
2037;2075;967
2033;2064;988
2036;2055;986
2039;2147;1097
2036;2090;1003
2037;2076;1006
2040;2061;1333
2039;2036;1187
2039;2048;1110
2038;2035;306
2039;2048;943
2039;2051;977
2038;2048;988
2048;1981;1056
2038;2021;995
2038;2036;989
2036;2079;1300
2036;2080;1242
2037;2108;1076
2039;2061;274
2037;2071;957
2038;2065;995
2037;2057;991
2037;2142;1085
2036;2089;1002
2039;2074;1009
2037;2067;1265
2039;2024;1217
2035;2033;1085
2039;2034;276
2037;2049;955
2048;2054;995
2037;2051;989
2039;1991;1081
2040;2023;982
2039;2039;994
2037;2063;1250
2039;2107;1203
2038;2087;1042
2039;2071;255
2037;2075;959
2036;2069;997
2039;2066;998
2037;2142;1111
2040;2091;1013
2038;2077;991
2037;2073;1131
2038;2009;1235
2035;2049;1060
2039;2035;277
2040;2063;960
2038;2056;990
2040;2052;995
2039;1999;1057
2037;2026;1031
2038;2048;992
2037;2049;1119
2037;2097;1189
2039;2071;1094
2037;2071;276
2039;2080;966
2048;2049;988
2048;2069;1011
2039;2135;1077
2039;2101;1017
2039;2078;1025
2040;2069;1045
2041;2025;1226
2039;2051;1061
2040;2050;156
2039;2054;933
2039;2056;996
2039;2059;995
2048;2027;1093
2040;2023;986
2041;2055;1004
2048;2041;1076
2040;2098;1205
2037;2083;1149
2041;2108;263
2040;2073;961
2039;2077;987
2040;2074;999
2036;2107;1066
2038;2095;1043
2039;2075;1031
2048;2085;1042
2039;2020;1199
2048;2049;1067
2039;2033;160
2039;2057;938
2048;2061;977
2038;2063;986
2048;2027;1103
2038;2026;957
2042;2057;1007
2039;2057;1069
2048;2114;1129
2039;2081;1090
2048;2064;153
2048;2080;947
2040;2079;993
2039;2075;989
2048;2095;1032
2039;2093;1037
2040;2067;957
2048;2074;1000
2048;2023;1303
2048;2049;1067
2048;2031;157
2048;2055;924
2041;2063;984
