2020;2070;1987
2020;2060;2026
2019;2026;2281
2018;2052;2037
2024;1995;1995
2021;2038;2111
2021;2006;1645
2018;2048;2024
2019;2039;2050
2020;2037;2054
2020;2038;2054
2021;2018;1970
2018;2058;2039
2020;2036;1990
2022;2083;2147
2021;2054;2068
2020;2048;1526
2020;2048;2023
2018;2048;2063
2021;2048;2052
2018;2070;2054
2017;2052;2007
2021;2025;2058
2020;2049;2073
2022;1999;2289
2021;2037;2186
2020;2002;1583
2022;2048;2018
2018;2036;2058
2021;2036;2086
2018;2036;2069
2018;2026;2011
2021;2058;2116
2022;2033;2114
2020;2085;2173
2017;2051;1957
2021;2057;1577
2020;2048;2041
2019;2048;2059
2021;2053;2065
2020;2049;2048
2020;2063;2074
2021;2025;2038
2020;2051;2088
2015;1999;2275
2020;2037;2097
2019;2002;1650
2020;2041;2002
2019;2048;2060
2021;2038;2048
2019;2037;2055
2022;2014;2108
2021;2053;2091
2022;2048;2080
2021;2078;2038
2023;2051;2140
2021;2058;1663
2019;2048;2009
2019;2048;2050
2022;2048;2050
2019;2048;2052
2018;2069;2048
2020;2031;2060
2019;2048;2099
2021;1985;2283
2022;2035;2078
2021;2002;1687
2021;2048;1977
2019;2048;2027
2020;2036;2041
2019;2038;2028
2019;2015;2090
2023;2057;2077
2020;2048;2111
2018;2082;2241
2021;2054;2203
2021;2060;1791
2019;2048;1995
2019;2048;2041
2021;2048;2039
2021;2049;2041
2020;2059;2032
2025;2029;2085
2027;2034;2023
2023;1994;2233
2023;2035;2087
2019;2012;1778
2025;2048;1977
2021;2048;2023
2019;2036;2040
2021;2048;2035
2022;2004;2054
2021;2052;2086
2022;2055;2048
2024;2049;2232
2021;2057;2061
2020;2063;1955
2022;2049;2001
2021;2048;2048
2021;2048;2058
2021;2048;2048
2019;2067;2071
2018;2025;2061
2019;2029;2036
2025;1985;2312
2022;2036;2118
2021;2011;2021
2021;2048;1995
2020;2040;2055
2022;2036;2049
2022;2041;2051
2021;2005;2002
2021;2052;2095
2022;2059;2091
2020;2069;2255
2015;2059;2146
2015;2065;1955
2011;2048;1999
2020;2048;2061
2022;2048;2055
2026;2050;2053
2021;2079;2097
2021;2035;2072
2020;2021;2025
2022;1997;2349
2023;2037;2146
2022;2013;2134
2021;2048;2009
2021;2048;2051
2021;2037;2055
2023;2037;2039
2023;1996;2073
2021;2042;2118
2025;2067;2081
2020;2089;2305
2024;2059;2069
2011;2069;1973
2021;2048;1982
2021;2048;2061
2013;2048;2049
2020;2048;2048
2019;2085;2068
2020;2033;2039
2019;2019;2082
2020;1999;2250
2019;2024;2185
2021;2019;2093
2020;2040;1979
2023;2048;2031
2022;2038;2039
2021;2041;2039
2021;1999;2103
2013;2041;2003
2022;2070;2035
2023;2076;2325
2022;2051;2182
2021;2063;2083
2019;2048;1975
2021;2048;2048
2020;2048;2066
2023;2050;2035
2029;2090;2052
2020;2040;2048
2021;2014;2005
2025;1990;2294
2024;2032;2133
2023;2022;2083
2019;2048;1984
2021;2048;2029
2020;2040;2048
2021;2037;2048
2021;1995;2029
2022;2048;2113
2022;2081;2056
2020;2078;2267
2021;2057;1995
2026;2065;2010
2020;2038;2005
2021;2048;2069
2024;2048;2062
2021;2052;2063
2021;2093;2094
2019;2048;2089
2021;2010;2029
2021;1993;2370
2025;2029;2036
2019;2028;2109
2021;2048;1971
2021;2048;2051
2021;2039;2068
2021;2037;2066
2022;1981;1997
2022;2048;2118
2021;2081;2120
2021;2077;2335
2004;2057;2074
2021;2061;2052
2019;2048;2007
2020;2048;2064
2023;2048;2066
2021;2051;2062
2019;2098;2038
2021;2048;2052
2022;2003;2039
2015;1983;2301
2021;2027;2118
2020;2031;2142
2022;2048;1971
2021;2048;2048
2023;2048;2058
2023;2039;2049
2023;1991;2060
2023;2048;2073
2022;2081;2105
2020;2070;2313
2020;2058;2054
2021;2063;2109
2021;2048;1981
2022;2039;2058
2022;2048;2054
2022;2049;2048
2020;2107;2039
2021;2052;2063
2022;2003;2063
2022;1987;2295
2023;2023;2048
2023;2035;2013
2020;2048;1955
2021;2048;2024
2023;2038;2029
2021;2036;2039
2021;1980;2050
2023;2037;2055
2023;2075;2121
2021;2074;2323
2021;2055;2112
2022;2062;2173
2020;2048;1970
2022;2041;2041
2020;2048;2048
2019;2049;2035
2027;2105;2025
2023;2048;2095
2022;2011;2058
2020;1990;2317
2020;2027;2102
2022;2033;2011
2011;2038;1976
2018;2048;2034
2023;2039;2038
2023;2034;2048
2022;1975;2031
2021;2033;2009
2019;2080;2095
2020;2072;2377
2019;2060;2071
2017;2054;2101
2036;2048;1971
2022;2040;2060
2021;2051;2051
2021;2048;2048
2021;2106;2024
2022;2055;2039
2022;2013;2048
2023;1987;2311
2021;2033;2068
2021;2031;2106
2019;2039;1981
2022;2049;2048
2023;2048;2052
2022;2039;2049
2022;1973;2007
2019;2031;2057
2022;2072;2086
2023;2075;2403
2021;2060;2078
2021;2051;1983
2022;2048;1977
2023;2042;2069
2018;2048;2075
2024;2048;2061
2021;2125;2049
2019;2063;2071
2023;2001;2037
2022;1988;2350
2025;2027;2085
2023;2036;2058
2022;2039;1975
2027;2048;2059
2027;2048;2057
2022;2037;2060
2025;1964;1993
2023;2030;2101
2023;2063;2050
2023;2066;2247
2023;2048;2155
2038;2055;2064
2021;2048;1940
2022;2048;2067
2021;2048;2065
2021;2049;2066
2021;2132;2096
2022;2050;2035
2019;2015;2081
2023;1979;2319
2020;2028;2204
2025;2029;1997
2019;2040;1941
2022;2041;2048
2024;2049;2057
2022;2048;2067
2019;1963;2002
2024;2021;2057
2021;2065;2063
2019;2075;2283
2023;2056;1946
2024;2067;2035
2021;2048;1907
2023;2048;2057
2021;2048;2051
2025;2048;2055
2021;2135;2037
2021;2069;2127
2023;2027;2092
2021;1984;2370
2022;2022;2195
2023;2025;2048
2023;2039;1906
2024;2037;2029
2023;2035;2048
2023;2048;2048
2023;1955;2029
2025;2021;2083
2022;2052;2023
2020;2065;2253
2020;2064;2054
2024;2058;2053
2020;2048;1933
2023;2048;2048
2021;2048;2048
2021;2048;2050
2021;2144;2093
2022;2064;2061
2022;2037;2023
2023;1994;2283
2021;2022;2132
2022;2028;1999
2023;2039;1901
2020;2039;2037
2023;2048;2038
2021;2039;2039
2018;1946;1986
2022;2019;1978
2024;2048;2066
2022;2079;2415
2023;2059;2096
2022;2055;2125
2023;2048;1923
2023;2048;2048
2023;2048;2056
2023;2052;2048
2020;2147;2095
2015;2063;2061
2023;2048;2071
2024;1989;2497
2022;2025;2105
2022;2040;2113
2019;2037;1839
2022;2037;2014
2022;2035;2035
2021;2039;2037
2025;1947;1957
2021;2015;2000
2023;2034;2032
2023;2070;2353
2021;2059;2048
2023;2053;2146
2022;2039;1904
2023;2048;2039
2023;2048;2035
2015;2034;2041
2022;2145;2086
2023;2067;2054
2023;2048;2056
2019;1993;2469
2020;2026;2095
2024;2028;2107
2021;2037;1879
2021;2048;2015
2030;2039;2029
2023;2039;2029
2025;1941;1959
2023;2018;2001
2024;2029;2015
2021;2087;2395
2026;2059;2066
2021;2049;1982
2022;2048;1903
2021;2048;2039
2019;2048;2048
2022;2048;2033
2021;2149;2105
2023;2062;2031
2023;2048;2072
2022;1995;2332
2020;2024;2114
2027;2033;2074
2020;2039;1891
2022;2039;2034
2022;2048;2037
2022;2037;2039
2023;1940;1955
2022;2014;2006
2024;2029;1993
2023;2100;2255
2021;2059;1928
2023;2061;2038
2022;2048;1875
2021;2049;2049
2024;2048;2049
2023;2048;2048
2021;2153;2063
2022;2059;2089
2026;2053;2034
2022;1998;2391
2024;2032;2082
2021;2035;2054
2023;2039;1855
2023;2036;2017
2022;2048;2048
2023;2048;2041
2024;1942;1966
2025;2015;1987
2025;2015;1975
2022;2087;2377
2026;2057;2002
2024;2053;1945
2023;2048;1848
2021;2048;2041
2022;2048;2037
2024;2048;2048
2014;2146;2050
2021;2066;2091
2023;2059;2048
2023;2009;2406
2027;2025;2075
2023;2033;2066
2024;2048;1837
2023;2037;2033
2021;2039;2039
2021;2048;2048
2024;1933;1967
2023;2015;1995
2023;2023;2009
2023;2090;2447
2023;2051;2063
2026;2053;2048
2024;2048;1809
2021;2052;2048
2021;2048;2054
2022;2048;2048
2020;2148;2066
2022;2059;2067
2023;2062;2119
2023;2005;2468
2024;2029;2105
2021;2035;2125
2024;2037;1775
2022;2036;2033
2022;2036;2039
2023;2048;2039
2023;1940;1974
2024;2007;2039
2023;2020;1972
2022;2087;2342
2021;2062;2123
2023;2057;1985
2021;2048;1846
2023;2049;2064
2023;2040;2067
2023;2048;2063
2021;2151;2056
2024;2056;2084
2021;2061;2104
2023;2020;2427
2023;2026;2079
2021;2037;2161
2023;2048;1782
2024;2035;2057
2023;2039;2065
2024;2041;2063
2021;1935;2036
2024;2015;2013
2023;2011;1980
2021;2077;2489
2023;2053;2141
2023;2053;2144
2035;2048;1719
2022;2049;2049
2025;2048;2068
2023;2048;2077
2019;2153;2089
2021;2068;2132
2020;2057;2084
2023;2008;2472
2020;2029;2148
2024;2027;1967
2021;2037;1738
2023;2033;2048
2025;2048;2058
2023;2048;2065
2023;1935;1959
2022;2015;1978
2023;2020;2034
2023;2080;2258
2026;2063;2102
2026;2053;2106
2026;2037;1777
2022;2052;2037
2022;2048;2053
2022;2048;2060
2018;2150;2091
2023;2061;2098
2023;2063;2089
2023;2017;2454
2025;2020;1999
2025;2036;2013
2021;2039;1786
2025;2035;2030
2025;2038;2048
2025;2039;2039
2023;1938;1958
2025;2022;1975
2025;2026;1949
2023;2077;2342
2022;2059;2211
2024;2052;2070
2021;2048;1771
2021;2050;2004
2022;2048;2041
2023;2048;2049
2021;2163;2079
2022;2067;2107
2023;2062;2053
2023;2048;2273
2028;2008;2120
2022;2038;2002
2021;2039;1801
2023;2035;2027
2048;2048;2048
2025;2036;2030
2023;1949;1980
2024;2017;1994
2023;2021;2009
2023;2072;2334
2020;2065;2037
2024;2054;2163
2023;2048;1675
2023;2049;2023
2021;2048;2048
2024;2048;2036
2020;2146;2075
2022;2065;2011
2023;2061;2099
2024;2054;2271
2023;2023;2058
2024;2038;2127
2023;2042;1735
2022;2048;2031
2022;2039;2035
2025;2041;2038
2025;1935;1989
2026;2023;1991
2025;2022;1985
2020;2060;2125
2021;2069;2164
2022;2053;2078
2025;2048;1798
2020;2049;2053
2016;2048;2062
2024;2048;2053
2020;2152;2025
2021;2065;2008
2020;2058;2034
2023;2054;2213
2023;2016;2147
2031;2048;2111
2025;2037;1695
2031;2036;2054
2023;2039;2059
2023;2039;2060
2023;1947;2017
2023;2021;2062
2025;2026;2054
2023;2054;2301
2023;2068;2173
2022;2036;2150
2022;2048;1742
2022;2049;2048
2020;2048;2072
2023;2048;2067
2019;2153;2117
2022;2078;2091
2022;2058;2088
2025;2048;2255
2024;2015;2261
2023;2034;2183
2024;2034;1594
2038;2038;2039
2023;2037;2061
2025;2048;2058
2029;1955;2025
2025;2023;2048
2025;2034;2101
2016;2054;2173
2022;2074;2115
2020;2053;2119
2021;2048;1701
2023;2049;2029
2024;2050;2056
2021;2048;2063
2021;2145;2099
2022;2069;2093
2021;2054;2063
2021;2059;2215
2022;2007;2212
2024;2048;2091
2022;2031;1647
2025;2040;2032
2025;2039;2053
2025;2037;2050
2038;1969;1999
2021;2020;2079
2023;2033;2039
2023;2035;2083
2021;2079;2330
2023;2057;2081
2024;2048;1619
2024;2049;2021
2025;2048;2036
2025;2049;2049
2021;2142;2070
2023;2071;2080
2023;2050;2065
2023;2065;2087
2021;2012;2270
2021;2041;2229
2023;2027;1627
2022;2037;2014
2023;2037;2033
2026;2039;2031
2023;1971;2037
2026;2021;2019
2021;2038;2026
2022;2035;2145
2026;2082;2181
2020;2048;2074
2024;2048;1489
2022;2048;2003
2023;2048;2039
2021;2048;2039
2022;2139;2070
2025;2065;2039
2021;2052;2129
2025;2051;2098
2023;2007;2327
2023;2048;2206
2022;2022;1602
2024;2041;2025
2023;2039;2050
2023;2033;2048
2025;1979;2093
2024;2022;2051
2025;2036;2055
2026;2029;2027
2024;2082;2186
2021;2055;2153
2026;2048;1512
2023;2050;2031
2022;2048;2059
2025;2048;2059
2021;2116;2063
2023;2065;2053
2022;2048;2071
2023;2062;2153
2021;2015;2210
2024;2034;2111
2024;2022;1631
2022;2039;2039
2023;2034;2048
2023;2037;2061
2025;1989;2049
2025;2023;2051
2025;2048;2071
2021;2025;1997
2020;2081;2301
2023;2058;2072
2025;2048;1588
2025;2048;2028
2023;2048;2053
2023;2048;2048
2022;2107;2060
2022;2061;2101
2023;2048;2038
2022;2061;2035
2027;1985;2284
2024;2029;2077
2025;2015;1595
2026;2039;2011
2023;2038;2040
2024;2031;2041
2023;2009;2071
2023;2023;2087
2025;2048;2105
2021;2020;2048
2027;2082;2253
2022;2050;2123
2023;2048;1591
2023;2048;2028
2024;2048;2049
2022;2048;2048
2024;2098;2048
2023;2066;2048
2024;2036;2040
2024;2059;2048
2026;1995;2258
2022;2037;2098
2025;2019;1612
2021;2038;2015
2023;2048;2048
2023;2033;2048
2026;2027;2056
2025;2025;2067
2024;2048;2048
2022;2027;1979
2023;2080;2107
2023;2055;2019
2023;2048;1596
2022;2048;2021
2022;2048;2048
2021;2048;2048
2026;2077;2060
2022;2066;2065
2026;2038;2001
2025;2060;2105
2024;1994;2167
2023;2026;2059
2031;2012;1660
2023;2039;2031
2023;2037;2056
2025;2034;2056
2023;2033;2128
2024;2021;2068
2023;2051;2053
2023;2029;1989
2021;2082;2183
2022;2051;1993
2025;2053;1547
2021;2048;2011
2023;2048;2048
2025;2048;2048
2023;2066;2010
2023;2066;2037
2022;2035;2091
2024;2067;2058
2024;2003;2241
2030;2017;2073
2027;2007;1619
2023;2048;2024
2025;2036;2060
2023;2038;2053
2023;2038;2064
2026;2022;2083
2025;2050;2033
2025;2033;2038
2025;2080;2202
2023;2055;2188
2023;2052;1556
2011;2048;2031
2024;2038;2054
2025;2048;2048
2023;2061;1993
2021;2061;2149
2015;2032;2035
2023;2053;2095
2024;1997;2226
2023;2048;2062
2024;1999;1571
2023;2040;2003
2024;2039;2048
2025;2033;2052
2023;2039;2059
2023;2015;2048
2025;2055;2063
2024;2033;2006
2021;2087;2309
2021;2054;2213
2023;2051;1559
2022;2048;2009
2026;2048;2048
2021;2050;2034
2021;2054;2038
2022;2066;2080
2023;2033;2018
2021;2052;2115
2022;1992;2259
2021;2033;2107
2025;1998;1701
2025;2048;2004
2022;2039;2031
2025;2037;2033
2021;2041;2027
2026;2013;2028
2023;2048;2024
2026;2048;1992
2021;2084;2226
2028;2022;2102
2025;2058;1683
2025;2048;2004
2025;2048;2048
2024;2050;2035
2022;2048;2033
2022;2072;2069
2024;2035;2082
2023;2048;2103
2025;1992;2292
2023;2027;2095
2021;2004;1782
2023;2037;1993
2023;2048;2048
2022;2039;2048
2023;2039;2048
2025;2018;2055
2027;2052;2082
2025;2048;2011
2022;2085;2215
2023;2058;2100
2024;2049;1711
2023;2048;2017
2023;2048;2067
2022;2048;2052
2025;2048;2049
2022;2070;2032
2023;2034;2031
2025;2060;2089
2024;1995;2282
2021;2034;2139
2005;2006;1817
2023;2048;2016
2024;2048;2050
2025;2048;2062
2023;2037;2055
2025;2010;2021
2025;2050;2085
2023;2048;2037
2023;2074;2218
2022;2050;2049
2025;2055;1959
2022;2058;2019
2027;2048;2061
2025;2048;2059
2022;2052;2057
2022;2072;2087
2024;2027;2069
2024;2030;2114
2025;1991;2338
2022;2035;2220
2025;2011;1847
2025;2048;1987
2025;2048;2053
2027;2039;2059
2025;2036;2066
2027;2006;2015
2023;2050;2070
2025;2048;2031
2023;2080;2187
2025;2057;2055
2024;2066;1983
2023;2048;2008
2023;2048;2059
2023;2048;2052
2023;2050;2057
2020;2071;2027
2027;2030;2054
2022;2011;2062
2030;1988;2186
2024;2039;2175
2022;2018;1963
2022;2040;1994
2023;2048;2037
2024;2048;2051
2024;2031;2048
2024;2002;2048
2024;2048;2093
2024;2053;2030
2023;2079;2207
2026;2050;2143
2028;2063;1999
2024;2051;1993
2024;2038;2048
2025;2048;2034
2023;2048;2048
2025;2074;2074
2025;2039;2069
2025;2010;2050
2025;1987;2260
2024;2025;2066
2025;2021;2058
2021;2039;1970
2025;2048;2039
2023;2048;2041
2034;2037;2039
2027;1991;2015
2024;2048;2048
2024;2067;2066
2023;2080;2212
2027;2051;1926
2023;2061;2006
2024;2048;1990
2022;2048;2048
2024;2048;2048
2024;2048;2050
2024;2079;2063
2023;2031;2017
2024;2011;2048
2022;1999;2223
2024;2029;2084
2027;2022;2058
2024;2039;1993
2026;2048;2048
2024;2036;2048
2022;2048;2052
2024;1991;1995
2023;2048;2054
2025;2069;2087
2024;2075;2202
2023;2048;2095
2022;2062;1984
2023;2048;1987
2023;2048;2065
2025;2048;2048
2022;2048;2061
2022;2081;2080
2022;2038;2005
2024;2004;2006
2025;1990;2277
2025;2022;2011
2021;2029;2121
2024;2039;1998
2024;2048;2048
2024;2036;2054
2022;2037;2048
2023;1992;1995
2026;2038;2058
2023;2075;2095
2023;2074;2293
2023;2055;2055
2048;2048;1945
2023;2048;2005
2021;2048;2057
2025;2048;2059
2023;2048;2061
2023;2070;2041
2024;2048;2048
2023;2004;2003
2029;1998;2304
2024;2033;2009
2025;2033;2072
2021;2048;2003
2025;2036;2048
2023;2048;2051
2025;2039;2066
2026;1985;2026
2026;2040;2029
2029;2064;2120
2024;2073;2333
2026;2052;2033
2023;2058;2116
2025;2048;1955
2023;2048;2063
2025;2048;2063
2024;2048;2062
2022;2098;2089
2021;2048;2050
2025;2009;2025
2025;1989;2254
2025;2028;1997
2021;2022;2011
2025;2048;1973
2025;2048;2036
2024;2048;2057
2023;2038;2063
2025;1983;2064
2033;2025;2088
2023;2073;2077
2025;2061;2365
2025;2054;2232
2023;2051;1883
2023;2048;1945
2024;2048;2053
2023;2039;2038
2025;2048;2048
2022;2099;2105
2023;2050;2054
2025;2010;2067
2025;1997;2294
2021;2031;2109
2019;2037;2095
2023;2048;1935
2024;2039;2023
2023;2048;2048
2021;2034;2038
2023;1971;1974
2024;2027;2021
2024;2070;2099
2027;2067;2292
2026;2065;2089
2023;2050;2020
2022;2051;1960
2020;2039;2023
2026;2048;2039
2024;2051;2049
2023;2103;2115
2022;2055;2109
2025;2014;2034
2026;1991;2296
2024;2031;2183
2024;2033;2057
2024;2048;1925
2023;2048;2031
2025;2048;2022
2021;2038;2037
2026;1970;1911
2023;2024;2052
2024;2067;2097
2024;2064;2256
2025;2066;2022
2022;2060;2053
2022;2048;1964
2023;2051;2050
2023;2048;2051
2025;2048;2048
2025;2114;2061
2025;2054;2031
2024;2021;2056
2024;2001;2328
2024;2026;2103
2022;2037;2051
2025;2048;1959
2025;2039;2048
2018;2048;2048
2024;2036;2050
2027;1967;1999
2025;2030;2050
2025;2059;2091
2024;2075;2331
2024;2057;2048
2023;2052;1982
2023;2051;1986
2023;2039;2067
2023;2048;2063
2023;2048;2059
2024;2119;2091
2023;2055;2113
2024;2024;2015
2025;1997;2305
2021;2021;2152
2023;2035;1982
2025;2039;1914
2024;2048;2056
2023;2048;2058
2023;2037;2055
2026;1978;1987
2024;2026;2011
2022;2056;2091
2024;2071;2316
2027;2053;2089
2022;2057;2051
2026;2048;1960
2021;2040;2063
2022;2041;2077
2025;2048;2061
2021;2129;2129
2028;2064;2073
2023;2023;2033
2023;1998;2223
2023;2031;2148
2027;2048;2133
2024;2040;1940
2026;2039;2048
2023;2041;2057
2025;2051;2062
2027;1972;1940
2022;2014;2070
2026;2050;2060
2026;2077;2363
2021;2061;2022
2023;2039;2088
2025;2048;1914
2023;2048;2055
2024;2035;2048
2024;2048;2053
2024;2119;2146
2023;2065;2048
2025;2048;2071
2024;1995;2349
2026;2029;2072
2022;2048;2131
2023;2040;1843
2027;2039;2021
2025;2039;2027
2025;2037;2037
2027;1968;1932
2026;2027;2063
2023;2037;2099
2024;2064;2437
2025;2050;2048
2039;2051;1967
2024;2048;1910
2023;2048;2048
2023;2048;2048
2026;2048;2048
2023;2129;2117
2024;2057;2070
2025;2053;2066
2023;2003;2429
2027;2027;2134
2026;2034;2119
2026;2049;1871
2025;2033;2025
2026;2048;2037
2023;2048;2035
2023;1963;1946
2024;2020;2037
2023;2039;2019
2024;2076;2412
2024;2057;2184
2023;2049;2155
2024;2049;1851
2024;2048;2049
2023;2048;2058
2025;2057;2050
2021;2137;2122
2024;2075;2082
2023;2059;2035
2023;2002;2434
2024;2025;2073
2025;2034;2029
2025;2048;1877
2024;2048;2030
2019;2039;2048
2024;2048;2048
2025;1963;1914
2023;2024;2007
2028;2033;1996
2026;2076;2529
2025;2048;2081
2027;2051;2127
2025;2049;1801
2025;2048;2033
2023;2050;2048
2024;2031;2048
2025;2141;2054
2024;2063;2109
2022;2050;2062
2022;2014;2481
2023;2034;2112
2024;2031;2048
2025;2036;1852
2024;2048;2023
2026;2036;2048
2025;2048;2038
2026;1964;1986
2023;2018;1980
2023;2033;2025
2026;2079;2431
2030;2054;2124
2026;2048;2132
2025;2048;1844
2025;2049;2036
2025;2049;2054
2023;2041;2056
2023;2133;2089
2023;2067;2069
2023;2061;2106
2026;2019;2457
2028;2034;2160
2025;2037;2110
2023;2039;1859
2026;2040;2031
2023;2039;2031
2023;2048;2034
2027;1965;1965
2023;2022;2015
2026;2031;1996
2024;2075;2592
2025;2056;2114
2021;2053;2149
2023;2038;1846
2024;2050;2061
2025;2048;2048
2023;2048;2048
2024;2138;2078
2024;2066;2114
2024;2061;2055
2027;2015;2538
2024;2031;2197
2027;2031;2116
2026;2048;1759
2024;2037;2028
2027;2048;2051
2025;2048;2028
2031;1960;1951
2023;2025;2050
2025;2025;2024
2025;2080;2407
2025;2059;2103
2013;2048;2109
2023;2048;1831
2027;2051;2033
2025;2048;2048
2025;2051;2055
2022;2129;2129
2025;2065;2079
2023;2062;2053
2025;2027;2425
2021;2035;2134
2026;2039;1983
2023;2048;1762
2022;2038;2023
2025;2038;2048
2027;2037;2031
2025;1961;1927
2025;2018;1969
2024;2027;2025
2024;2073;2447
2025;2053;2095
2025;2048;1999
2023;2048;1827
2024;2053;2029
2020;2038;2038
2026;2038;2048
2021;2132;2083
2024;2071;2065
2023;2062;2127
2029;2027;2329
2026;2035;2272
2026;2036;2034
2018;2041;1726
2027;2048;2021
2024;2038;2034
2024;2041;2030
2025;1969;1963
2025;2018;2011
2026;2026;1998
2027;2069;2291
2024;2050;2208
2027;2050;2119
2024;2048;1807
2012;2048;2038
2025;2048;2054
2025;2048;2041
2022;2131;2126
2023;2061;2057
2022;2061;2121
2025;2048;2420
2022;2029;2181
2025;2039;1967
2025;2035;1742
2025;2039;2034
2023;2039;2050
2022;2048;2048
2025;1973;1947
2026;2023;1991
2025;2032;2024
2022;2074;2307
2025;2055;2216
2023;2048;2051
2023;2048;1795
2027;2048;2048
2025;2049;2036
2024;2048;2048
2023;2128;2105
2027;2063;2027
2023;2063;2050
2022;2048;2326
2049;2022;2089
2025;2031;2025
2023;2037;1751
2021;2037;2039
2025;2036;2039
2024;2039;2054
2024;1993;1993
2027;2026;1982
2025;2029;1990
2023;2049;2218
2021;2063;2213
2025;2048;2101
2013;2048;1655
2025;2048;2023
2025;2048;2039
2024;2049;2048
2023;2127;2059
2023;2060;2038
2024;2066;2063
2027;2048;2265
2022;2023;2129
2025;2040;2101
2020;2036;1705
2027;2039;2035
2019;2037;2052
2027;2040;2030
2026;1970;1934
2026;2017;2013
2026;2031;1987
2023;2048;2234
2023;2051;2169
2028;2055;2144
2024;2048;1621
2027;2048;2033
2024;2048;2062
2024;2054;2052
2024;2123;2095
2025;2061;2058
2026;2057;2019
2025;2051;2198
2027;2024;2077
2023;2035;2122
2026;2037;1675
2025;2048;2031
2023;2048;2048
2025;2039;2048
2027;1974;1970
2025;2027;2025
2031;2031;1986
2023;2039;2069
2023;2059;2245
2025;2048;1850
2026;2048;1579
2025;2051;2019
2026;2048;2063
2025;2048;2048
2024;2120;2063
2027;2055;2048
2025;2050;2063
2025;2053;2123
2021;2015;2148
2023;2051;2086
2024;2048;1655
2031;2037;2019
2024;2038;2048
2026;2048;2048
2028;1986;2015
2028;2017;2034
2048;2035;2003
2023;2035;2058
2022;2063;2202
2027;2048;1989
2027;2048;1701
2023;2051;2034
2023;2041;2049
2026;2048;2048
2023;2112;2103
2025;2060;2078
2024;2050;2119
2025;2059;2149
2026;2035;2102
2024;2036;2025
2023;2032;1603
2024;2048;2054
2026;2033;2057
2026;2048;2063
2027;1993;1977
2026;2021;2001
2028;2037;2054
2027;2030;2018
2024;2066;2182
2027;2055;2078
2026;2048;1699
2025;2048;2052
2029;2048;2070
2026;2048;2054
2027;2101;2048
2021;2059;2085
2027;2048;2087
2026;2063;2081
2026;2019;2157
2030;2048;2085
2027;2031;1499
2025;2048;2035
2027;2038;2057
2026;2048;2073
2027;2007;2067
2029;2026;1997
2025;2031;2028
2027;2033;2001
2026;2067;2113
2025;2052;1993
2025;2050;1659
2024;2032;2039
2024;2048;2063
2025;2048;2068
2024;2099;2049
2022;2061;2067
2017;2049;2089
2026;2063;2098
2025;2018;2221
2027;2030;2059
2024;2031;1533
2034;2037;2030
2025;2038;2048
2025;2038;2058
2027;2014;2085
2027;2027;2048
2021;2048;2050
2028;2031;2076
2025;2065;2112
2025;2057;2062
2028;2048;1603
2025;2048;2020
2026;2048;2048
2027;2048;2048
2025;2094;2028
2023;2061;2081
2027;2039;2048
2025;2064;2131
2026;2019;2163
2029;2034;2084
2027;2027;1440
2028;2037;1997
2028;2048;2034
2027;2039;2048
2026;2006;1989
2028;2029;2014
2026;2048;2095
2027;2029;1962
2026;2063;2197
2026;2061;2149
2027;2049;1507
2027;2048;2000
2025;2048;2035
2025;2048;2031
2024;2080;2058
2023;2055;2080
2023;2035;2039
2023;2058;2052
2029;2009;2280
2028;2055;2000
2029;2019;1579
2025;2040;2006
2027;2040;2034
2026;2048;2034
2027;2020;2072
2027;2024;2041
2026;2048;2048
2027;2032;1985
2024;2064;2306
2026;2048;2159
2027;2048;1414
2027;2048;2015
2024;2048;2037
2026;2048;2022
2027;2067;2089
2026;2062;2031
2025;2039;2059
2025;2056;2037
2023;2011;2260
2026;2037;2007
2026;2025;1558
2025;2048;2012
2026;2041;2038
2026;2038;2040
2026;2036;2069
2028;2023;2028
2028;2038;2049
2028;2027;1997
2025;2066;2125
2027;2048;2102
2028;2051;1471
2026;2049;2023
2024;2035;2051
2041;2057;2048
2024;2052;2050
2025;2067;2085
2025;2042;2082
2025;2063;2061
2027;2011;2223
2029;2037;2109
2025;2018;1612
2026;2039;1999
2027;2048;2048
2026;2048;2057
2028;2039;2073
2027;2020;2048
2027;2048;2063
2029;2041;2005
2027;2070;2254
2026;2048;2081
2026;2049;1377
2027;2048;1991
2025;2048;2036
2025;2049;2033
2027;2056;2048
2026;2054;2093
2027;2038;2090
2027;2059;2062
2027;2029;2267
2027;2036;2061
2023;2015;1556
2025;2039;1978
2026;2048;2040
2028;2041;2037
2026;2035;2048
2027;2019;2062
2027;2048;2048
2022;2040;1981
2025;2060;2248
2038;2050;2196
2029;2055;1501
2025;2048;2050
2026;2041;2037
2029;2048;2048
2025;2053;2018
2027;2063;2095
2026;2039;2111
2026;2052;2062
2026;2018;2236
2026;2031;2178
2027;2021;1523
2028;2048;1990
2029;2037;2061
2026;2037;2071
2026;2040;2048
2028;2013;2039
2029;2048;2054
2027;2048;2048
2025;2070;2221
2026;2050;2176
2025;2057;1746
2027;2048;2007
2026;2048;2063
2013;2049;2057
2025;2048;2078
2024;2063;2029
2023;2048;2025
2024;2048;2048
2024;2012;2247
2027;2032;2122
2026;2023;1824
2026;2048;2003
2027;2039;2051
2026;2039;2070
2026;2048;2061
2027;2019;2048
2028;2038;2048
2027;2054;2057
2029;2073;2257
2030;2048;2108
2025;2056;1855
2027;2048;2018
2029;2048;2060
2026;2052;2063
2029;2048;2061
2029;2070;2038
2026;2048;2083
2025;2048;2097
2028;2013;2227
2029;2037;1997
2026;2019;1965
2025;2048;1999
2027;2048;2051
2028;2038;2067
2026;2036;2058
2027;2007;2035
2027;2048;2050
2027;2053;2068
2026;2059;2195
2029;2054;1947
2027;2057;1949
2026;2050;2001
2027;2048;2057
2026;2048;2056
2026;2048;2048
2027;2072;2040
2026;2048;2095
2023;2038;2085
2027;2013;2250
2026;2039;2139
2028;2029;2141
2026;2048;1975
2025;2037;2036
2027;2048;2060
2034;2048;2048
2029;1962;2007
2028;2040;2059
2027;2059;2091
2037;2064;2277
2024;2049;2075
2027;2064;2039
2025;2048;2011
2026;2042;2063
2027;2048;2055
2028;2048;2054
2026;2079;2038
2025;2041;2060
2025;2037;2057
2026;2003;2349
2027;2033;2075
2027;2032;1991
2033;2039;1993
2027;2048;2037
2026;2048;2055
2027;2048;2050
2027;2011;1997
2026;2048;2015
2029;2062;2127
2028;2063;2378
2025;2050;2147
2029;2059;1940
2028;2051;1997
2029;2048;2054
2026;2048;2054
2026;2048;2033
2025;2075;2075
2025;2051;2077
2026;2002;2039
2027;2011;2286
2026;2008;2130
2024;2030;2112
2025;2035;1966
2026;2039;2037
2026;2038;2053
2026;2040;2053
2027;2011;2100
2027;2039;2039
2027;2062;2104
2033;2055;2163
2024;2052;2079
2025;2060;2077
2026;2048;1975
2026;2048;2054
2025;2048;2048
2026;2048;2050
2025;2083;2091
2027;2053;2048
2025;2023;2033
2027;2014;2389
2025;2033;2054
2027;2031;2015
2027;2038;1933
2025;2048;2019
2026;2037;2037
2027;2040;2048
2027;2010;1995
2027;2031;2070
2026;2068;2093
2024;2059;2342
2025;2053;2017
2026;2059;1967
2026;2051;1961
2027;2040;2031
2025;2048;2031
2024;2048;2029
2026;2097;2088
2025;2051;2088
2026;2023;2007
2026;2011;2422
2029;2033;2173
2025;2033;2097
2026;2048;1921
2025;2037;2027
2028;2048;2048
2029;2048;2039
2029;2004;1974
2025;2048;2065
2026;2061;2111
2030;2054;2265
2029;2053;2090
2029;2055;2083
2027;2048;1973
2028;2048;2048
2027;2048;2048
2027;2049;2038
2029;2091;2133
2026;2053;2022
2026;2021;1963
2027;2007;2330
2028;2033;2101
2029;2036;1998
2026;2048;1955
2025;2048;2048
2027;2037;2048
2028;2048;2048
2027;2004;2021
2027;2034;2052
2027;2064;2113
2027;2057;2340
2028;2054;2073
2026;2048;1997
2026;2048;1981
2029;2041;2065
2027;2048;2062
2026;2048;2066
2027;2091;2132
2025;2051;2105
2025;2027;2027
2027;2007;2417
2025;2027;2091
2029;2031;2068
2026;2041;1937
2027;2039;2031
2027;2048;2060
2026;2033;2051
2027;1992;1995
2027;2037;2054
2027;2061;2117
2028;2065;2444
2026;2049;2071
2025;2048;2078
2029;2048;1957
2025;2048;2052
2026;2048;2061
2027;2048;2051
2024;2101;2157
2027;2059;2057
2025;2031;2063
2025;2007;2340
2029;2029;2080
2023;2037;2025
2027;2037;1945
2019;2040;2039
2027;2048;2041
2026;2038;2053
2027;1994;2038
2029;2026;2020
2025;2051;2095
2026;2064;2441
2026;2053;2184
2024;2055;2100
2025;2048;1932
2028;2048;2053
2027;2048;2066
2026;2048;2048
2024;2103;2129
2025;2059;2019
2028;2030;2003
2025;2016;2313
2029;2031;2084
2027;2036;2111
2025;2048;1954
2027;2037;2048
2027;2040;2063
2027;2048;2050
2027;1987;1946
2028;2023;2034
2028;2039;2111
2026;2066;2396
2025;2057;2148
2028;2055;2076
2025;2040;1893
2026;2048;2071
2027;2049;2069
2027;2048;2070
2024;2089;2093
2027;2063;2073
2027;2033;2048
2027;2007;2438
2031;2033;2009
2026;2039;2099
2027;2048;1908
2025;2039;2048
2027;2048;2058
2026;2048;2058
2030;1987;1950
2037;2053;2039
2026;2048;2107
2025;2057;2365
2026;2059;2190
2028;2053;2156
2028;2048;1896
2029;2048;2048
2031;2048;2062
2027;2048;2063
2025;2109;2063
2027;2057;2077
2031;2048;2065
2023;2020;2378
2029;2037;2127
2026;2039;2146
2028;2037;1915
2027;2039;2037
2026;2039;2048
2027;2039;2056
2028;1981;2012
2028;2025;2028
2026;2036;2127
2025;2065;2461
2026;2058;2246
1993;2060;2049
2027;2048;1910
2026;2048;2062
2027;2048;2050
2027;2049;2048
2026;2106;2079
2023;2067;2104
2025;2050;2117
2025;2015;2455
2029;2034;2051
2011;2048;2048
2026;2037;1887
2025;2039;2039
2025;2040;2039
2027;2040;2048
2029;1979;1940
2026;2020;2034
2026;2031;2064
2025;2066;2479
2028;2053;2130
2027;2054;2121
2027;2048;1839
2025;2048;2061
2026;2048;2055
2028;2048;2059
2027;2106;2119
2025;2063;2058
2028;2051;2036
2029;2015;2484
2026;2048;2205
2026;2029;2016
2027;2037;1833
2027;2048;2039
2025;2048;2051
2027;2048;2038
2028;1975;2022
2027;2022;1951
2026;2023;2016
2029;2063;2456
2023;2053;2141
2027;2050;2027
2025;2048;1847
2027;2036;2048
2027;2048;2058
2026;2048;2057
2023;2109;2122
2023;2065;2091
2027;2051;2071
2026;2011;2447
2027;2040;2134
2026;2035;1874
2027;2041;1804
2029;2039;2022
2028;2037;2039
2027;2048;2048
2028;1975;1950
2028;2024;1979
2026;2027;2016
2026;2062;2468
2026;2050;2105
2029;2051;2178
2026;2048;1802
2027;2048;2035
2026;2039;2040
2026;2048;2048
2025;2106;2097
2025;2065;2052
2026;2059;2101
2026;2017;2503
2027;2033;2054
2026;2048;2050
2025;2039;1749
2027;2041;2013
2026;2039;2029
2026;2039;2031
2026;1978;1973
2030;2015;1973
2026;2024;1983
2027;2067;2487
2026;2050;2007
2026;2050;1934
2026;2040;1807
2027;2050;2029
2027;2048;2050
2027;2055;2040
2020;2102;2055
2054;2063;2037
2025;2058;2084
2027;2019;2295
2027;2036;2166
2028;2037;2172
2026;2039;1756
2027;2037;2026
2025;2035;2031
2028;2038;2048
2030;1980;1905
2027;2021;1987
2024;2029;2038
2024;2062;2479
2026;2048;2188
2027;2053;2184
2025;2048;1766
2028;2048;2039
2027;2048;2058
2025;2048;2079
2023;2111;2052
2028;2051;2140
2026;2059;2058
2027;2023;2399
2031;2037;2091
2025;2034;2025
2028;2034;1810
2028;2037;2027
2026;2048;2067
2026;2040;2050
2027;1966;2029
2026;2023;2050
2030;2021;2007
2025;2064;2395
2029;2054;2170
2027;2056;2115
2024;2048;1726
2026;2050;2057
2026;2048;2064
2026;2049;2076
2023;2106;2127
2026;2061;2143
2025;2065;2074
2027;2022;2361
2029;2036;2065
2026;2037;1906
2038;2037;1799
2026;2038;2062
2021;2037;2073
2027;2048;2055
2027;1977;1924
2027;2021;1977
2027;2024;1986
2025;2065;2448
2030;2057;2216
2027;2055;2095
2034;2048;1698
2026;2048;2048
2026;2048;2058
2025;2048;2055
2020;2107;2078
2024;2059;2083
2024;2059;2090
2029;2036;2492
2029;2031;2212
2029;2037;2133
2027;2039;1708
2027;2038;2027
2028;2039;2039
2027;2048;2048
2026;1976;1987
2027;2022;2027
2027;2024;1987
2029;2065;2327
2031;2061;2165
