2025;2062;871
2026;2059;84
2025;2053;705
2024;2055;744
2026;2054;743
2025;2087;762
2029;2082;749
2024;2055;771
2027;2064;784
2026;2014;877
2028;2037;822
2027;2024;113
2027;2048;709
2029;2048;747
2027;2025;747
2027;2018;822
2026;2022;760
2028;2051;730
2026;2048;820
2025;2087;976
2023;2063;819
2027;2067;99
2026;2058;697
2026;2051;747
2025;2052;755
2026;2070;758
2027;2085;773
2025;2055;753
2027;2073;788
2026;2004;878
2025;2036;875
2026;2021;149
2026;2048;699
2029;2048;741
2025;2048;747
2028;2035;775
2027;2017;723
2026;2048;739
2026;2035;783
2024;2088;930
2024;2065;861
2026;2065;155
2027;2053;690
2025;2055;745
2026;2055;742
2026;2057;745
2027;2086;773
2026;2050;743
2026;2062;765
2026;2000;951
2028;2037;825
2029;2015;194
2023;2041;675
2025;2048;735
2025;2039;737
2027;2048;746
2026;2011;757
2025;2058;710
2027;2040;843
2026;2084;954
2027;2067;909
2024;2069;219
2024;2049;683
2023;2054;753
2025;2054;755
2026;2056;752
2024;2081;769
2025;2039;736
2028;2058;787
2027;2003;1032
2025;2029;801
2027;2012;261
2031;2048;676
2026;2048;749
2026;2048;751
2026;2049;760
2026;2017;795
2026;2055;738
2026;2048;825
2025;2078;1050
2027;2063;917
2027;2072;238
2027;2051;675
2026;2054;746
2024;2054;747
2026;2067;753
2023;2091;787
2026;2053;765
2026;2049;768
2027;2006;990
2027;2037;859
2026;2010;393
2027;2048;651
2027;2048;738
2027;2040;738
2027;2048;750
2027;2011;718
2027;2054;724
2024;2059;779
2026;2083;1036
2026;2071;841
2026;2070;348
2026;2053;662
2025;2050;732
2027;2053;742
2025;2055;743
2027;2093;781
2024;2051;750
2026;2048;755
2027;2000;1039
2026;2036;763
2027;2010;533
2026;2048;654
2027;2048;745
2030;2035;749
2026;2048;752
2026;2001;750
2025;2050;702
2025;2063;751
2024;2087;1109
2025;2053;860
2025;2074;607
2026;2051;623
2026;2053;751
2027;2051;753
2026;2053;763
2026;2099;798
2023;2050;753
2023;2026;743
2029;1991;1006
2025;2036;862
2027;2019;632
2026;2048;615
2026;2048;745
2025;2048;751
2025;2048;749
2025;2001;764
2025;2048;705
2025;2063;737
2028;2084;1147
2013;2071;892
2026;2076;714
2027;2053;618
2026;2051;742
2026;2055;751
2027;2052;747
2025;2101;790
2025;2055;747
2026;2017;716
2027;1993;1081
2026;2036;884
2027;2026;709
2026;2048;606
2026;2048;745
2025;2048;746
2026;2048;749
2031;1995;715
2029;2048;686
2025;2078;724
2025;2085;1107
2025;2071;909
2023;2071;714
2025;2053;605
2025;2049;742
2025;2050;749
2025;2055;738
2027;2106;779
2026;2057;749
2027;2023;742
2026;1989;1024
2028;2026;869
2026;2027;781
2026;2039;574
2026;2049;740
2026;2048;741
2028;2048;751
2023;1991;717
2027;2048;698
2025;2078;685
2027;2086;1133
2027;2065;867
2027;2078;825
2027;2053;562
2028;2050;748
2026;2052;759
2028;2053;755
2026;2114;811
2027;2059;764
2026;2013;716
2027;2001;1154
2024;2033;818
2028;2031;809
2028;2048;551
2027;2050;747
2026;2048;754
2026;2048;758
2027;1985;775
2015;2034;699
2027;2073;674
2028;2088;1145
2028;2073;859
2026;2070;777
2027;2058;551
2028;2049;751
2026;2048;752
2026;2051;749
2026;2113;781
2027;2061;751
2028;2018;692
2027;2005;1016
2027;2033;824
2029;2034;801
2026;2048;549
2029;2048;730
2024;2048;744
2029;2048;748
2027;1975;746
2027;2033;705
2026;2072;666
2025;2073;1198
2026;2073;895
2025;2067;702
2027;2061;561
2027;2051;748
2026;2052;751
2026;2054;751
2028;2115;795
2027;2064;743
2027;2021;668
2027;1994;1039
2026;2031;850
2028;2039;856
2027;2040;520
2025;2048;747
2026;2048;754
2026;2048;755
2029;1974;741
2026;2031;697
2027;2091;658
2025;2093;1165
2027;2071;911
2026;2065;812
2023;2054;531
2026;2053;753
2025;2052;763
2027;2054;760
2027;2128;820
2025;2066;774
2027;2026;705
2027;2008;1159
2028;2031;814
2027;2028;780
2026;2037;517
2026;2048;739
2027;2056;749
2025;2048;747
2025;1968;759
2027;2027;754
2025;2049;659
2024;2081;1245
2027;2074;833
2025;2066;869
2024;2053;493
2026;2056;746
2027;2049;753
2025;2055;755
2031;2133;813
2026;2062;759
2027;2027;729
2027;2015;1180
2026;2032;902
2025;2039;778
2026;2035;486
2025;2040;727
2027;2057;749
2027;2049;744
2028;1959;839
2027;2022;701
2026;2049;704
2029;2091;1123
2026;2065;883
2023;2064;815
2026;2054;435
2029;2055;742
2023;2050;754
2025;2049;763
2027;2137;838
2023;2061;760
2028;2040;753
2025;2022;1191
2025;2035;819
2023;2021;810
2026;2057;465
2027;2048;735
2024;2051;759
2027;2050;759
2026;1953;837
2026;2012;733
2025;2048;694
2026;2093;1267
2027;2067;894
2026;2067;737
2026;2053;432
2027;2056;745
2024;2052;765
2026;2051;767
2023;2144;827
2026;2084;791
2027;2052;745
2027;2009;1235
2024;2027;848
2027;2034;833
2027;2048;386
2027;2048;732
2027;2050;750
2027;2048;749
2028;1949;777
2030;2014;752
2025;2033;763
2025;2099;1255
2025;2068;875
2027;2060;795
2026;2052;335
2027;2053;737
2027;2050;753
2027;2050;758
2026;2142;844
2024;2083;779
2026;2059;768
2027;2015;1289
2026;2026;831
2026;2031;809
2027;2030;282
2027;2036;723
2026;2048;745
2026;2053;749
2027;1963;775
2027;2018;789
2027;2027;741
2025;2097;1237
2026;2070;893
2025;2068;715
2028;2048;321
2031;2055;738
2026;2052;752
2026;2049;752
2023;2143;871
2026;2078;775
2027;2066;783
2026;2031;1239
2026;2022;875
2027;2029;785
2027;2039;296
2026;2041;736
2027;2039;754
2026;2048;751
2027;1959;811
2026;2011;758
2026;2013;755
2023;2095;1275
2025;2069;963
2026;2061;815
2027;2051;278
2024;2055;739
2029;2049;761
2027;2058;757
2025;2141;850
2026;2075;789
2027;2063;788
2025;2014;1240
2025;2027;951
2025;2039;781
2028;2027;240
2028;2041;717
2027;2048;750
2027;2048;749
2027;1951;839
2029;2015;774
2026;2017;784
2027;2086;1284
2025;2066;870
2025;2060;796
2027;2049;149
2028;2057;724
2021;2048;752
2026;2049;751
2026;2146;836
2027;2074;770
2025;2073;785
2023;2037;1242
2027;2008;951
2026;2037;805
2026;2042;109
2027;2039;720
2025;2037;746
2028;2039;761
2027;1959;824
2027;2019;741
2025;2011;828
2025;2085;1232
2026;2077;1007
2026;2070;850
2023;2035;92
2027;2053;718
2026;2054;767
2026;2048;769
2025;2139;862
2017;2082;791
2025;2073;801
2024;2059;1243
2026;2030;1001
2027;2037;786
2026;2035;70
2025;2048;714
2025;2037;757
2025;2048;747
2025;1950;889
2025;2011;784
2025;2032;745
2024;2091;1170
2025;2048;995
2027;2064;701
2026;2051;25
2025;2055;711
2026;2060;747
2025;2048;755
2026;2130;853
2026;2081;761
2027;2031;787
2023;2048;1080
2026;2019;939
2024;2033;897
2026;2020;32
2025;2039;707
2025;2027;743
2027;2048;747
2026;1962;874
2029;2003;745
2026;2030;754
2023;2068;1068
2024;2063;988
2027;2048;818
2025;2064;23
2025;2063;719
2025;2048;763
2026;2048;774
2026;2143;913
2025;2074;772
2024;2062;807
2026;2058;975
2026;2021;992
2029;2041;850
2027;2038;26
2025;2037;709
2029;2048;759
2025;2039;765
2025;1967;826
2013;2010;749
2026;2030;811
2021;2058;900
2024;2072;1011
2026;2057;862
2023;2058;28
2025;2055;697
2026;2049;753
2024;2058;759
2022;2132;859
2026;2088;803
2025;2052;760
2027;2062;832
2027;1997;1020
2025;2031;813
2026;2036;38
2023;2050;689
2025;2037;740
2024;2038;745
2030;1979;837
2026;2021;749
2026;2037;813
2025;2035;823
2025;2109;1088
2026;2060;847
2026;2059;31
2025;2055;667
2025;2049;751
2025;2066;759
2023;2118;874
2026;2074;785
2023;2059;801
2027;2064;793
2024;2001;1053
2025;2033;831
2026;2033;46
2025;2040;654
2029;2037;758
2026;2048;759
2027;1983;859
2026;2023;743
2025;2037;752
2023;2039;868
2025;2077;1088
2023;2063;823
2025;2065;48
2027;2056;653
2023;2048;764
2024;2050;771
2022;2106;897
2025;2071;767
2026;2049;784
2025;2067;798
2027;2011;1058
2025;2028;843
2025;2035;62
2024;2048;669
2026;2027;758
2025;2037;768
2024;2015;907
2024;2019;738
2025;2039;730
2023;2029;811
2022;2075;973
2026;2065;898
2023;2068;59
2029;2048;651
2024;2048;756
2024;2051;759
2023;2088;829
2025;2078;802
2024;2048;767
2027;2063;807
2025;2009;1112
2023;2036;916
2024;2027;94
2025;2048;609
2026;2036;736
2025;2039;750
2026;2018;907
2024;2024;760
2025;2031;762
2024;2023;765
2058;2098;1081
2018;2048;908
2025;2050;79
2025;2048;641
2026;2055;752
2026;2048;755
2025;2074;774
2025;2079;808
2025;2056;792
2024;2059;780
2025;2015;1078
2024;2037;849
2026;2018;120
2025;2033;621
2023;2049;751
2022;2048;767
2024;2033;846
2025;1999;741
2023;2040;758
2024;2048;867
2026;2082;1064
2025;2054;900
2024;2058;111
2024;2053;623
2023;2048;758
2024;2049;769
2025;2062;786
2029;2082;789
2024;2038;748
2025;2051;804
2027;2001;1099
2024;2039;854
2025;2014;160
2025;2048;599
2025;2033;743
2024;2027;759
2024;2033;779
2024;2015;725
2024;2050;755
2027;2033;796
2024;2077;1003
2022;2051;871
2022;2061;168
2022;2061;593
2024;2051;742
2023;2033;753
2023;2038;757
2026;2088;812
2025;2038;719
2023;2057;833
2024;1999;997
2024;2027;938
2026;2003;243
2023;2034;565
2029;2048;750
2024;2051;756
2023;2048;763
2024;2004;747
2025;2040;763
2023;2048;821
2023;2082;1092
2025;2048;935
2023;2059;220
2035;2055;557
2025;2054;761
2023;2048;767
2025;2051;766
2025;2081;773
2021;2040;735
2026;2048;794
2023;2005;1145
2024;2031;1004
2026;2006;354
2023;2048;522
2025;2038;749
2023;2048;773
2023;2049;766
2024;2012;761
2023;2031;707
2024;2051;844
2023;2080;1237
2023;2056;974
2023;2061;299
2020;2048;448
2023;2048;752
2023;2048;761
2023;2056;762
2025;2093;812
2025;2031;751
2025;2033;791
2025;2009;1171
2021;2030;891
2021;2005;488
2023;2034;398
2022;2041;739
2023;2048;747
2024;2039;752
2024;2003;793
2021;2041;750
2026;2059;788
2022;2075;1161
2022;2061;998
2023;2056;421
2023;2048;409
2023;2048;731
2037;2048;747
2024;2051;754
2023;2085;802
2025;2048;727
2023;2035;755
2025;2002;1228
2024;2031;918
2025;2011;556
2026;2050;404
2025;2055;734
2024;2019;745
2021;2035;748
2023;2038;742
2023;2040;746
2023;2059;751
2023;2062;1254
2021;2061;852
2023;2066;748
2022;2048;475
2024;2039;746
2024;2048;759
2023;2048;762
2025;2101;826
2022;2058;769
2025;2025;737
2023;1996;1259
2023;2022;891
2025;2023;768
2023;2048;475
2023;2051;741
2023;2033;764
2023;2048;758
2023;2002;787
2024;2048;767
2024;2067;721
2023;2068;1251
2021;2065;995
2025;2054;812
2021;2048;484
2026;2048;752
2025;2048;757
2022;2053;755
2023;2089;825
2024;2054;750
2025;2021;731
2025;1999;1205
2023;2048;947
2025;2029;827
2024;2019;465
2025;2052;741
2024;2048;756
2023;2048;755
2024;1996;776
2022;2039;737
2023;2063;725
2023;2074;1263
2021;2067;933
2023;2063;801
2021;2048;504
2019;2048;751
2022;2048;757
2023;2059;754
2021;2099;812
2023;2052;765
2025;2013;708
2024;2006;1101
2022;2029;855
2024;2035;868
2023;2027;429
2026;2035;731
2023;2040;752
2023;2058;755
2023;1989;719
2024;2048;677
2023;2057;671
2025;2061;1217
2023;2048;923
2023;2052;831
2024;2048;483
2022;2048;738
2023;2049;755
2025;2048;751
2023;2103;807
2024;2060;767
2022;2031;697
2023;2007;1222
2025;2025;933
2027;2029;788
2022;2027;431
2025;2034;729
2023;2048;745
2024;2056;756
2024;1986;743
2023;2017;685
2021;2058;654
2022;2075;1135
2023;2063;874
2023;2053;797
2024;2054;486
2023;2048;748
2023;2063;750
2024;2051;765
2023;2117;862
2023;2062;774
2025;2031;713
2025;2007;1163
2017;2029;898
2025;2040;813
2023;2038;404
2023;2025;724
2025;2041;749
2023;2040;747
2022;1973;750
2024;2019;711
2023;2051;651
2023;2067;1215
2022;2057;983
2023;2055;805
2024;2048;459
2024;2048;744
2025;2031;759
2023;2035;763
2021;2108;851
2024;2070;795
2018;2039;706
2025;2022;1115
2024;2024;962
2026;2027;753
2023;2048;389
2025;2048;730
2026;2030;746
2022;2053;756
2024;1977;763
2025;2012;741
2023;2048;657
2023;2075;1243
2023;2059;824
2023;2054;793
2023;2053;401
2025;2041;741
2023;2037;765
2024;2048;751
2023;2118;870
2025;2067;752
2023;2048;717
2022;2010;1250
2026;2027;1035
2023;2027;868
2024;2028;132
2023;2051;712
2024;2048;741
2024;2027;749
2022;1975;806
2023;2026;746
2023;2027;668
2023;2070;1327
2021;2055;961
2024;2054;816
2023;2052;303
2021;2037;735
2024;2048;747
2023;2040;748
2022;2117;835
2025;2062;770
2023;2048;749
2025;2019;1162
2024;2027;925
2024;2033;820
2025;2030;295
2023;2029;724
2024;2038;741
2028;2040;739
2023;1979;768
2022;2013;738
2021;2028;688
2023;2069;1258
2019;2062;866
2024;2051;844
2021;2050;288
2024;2048;733
2023;2048;750
2022;2041;746
2023;2110;860
2031;2070;760
2023;2059;755
2023;2030;1185
2023;2021;931
2025;2037;855
2025;2035;221
2024;2026;715
2023;2031;739
2022;2033;755
2025;1985;874
2020;2025;780
2023;2033;714
2024;2068;1231
2021;2059;914
2021;2059;818
2023;2048;302
2026;2050;741
2025;2037;761
2024;2048;771
2025;2113;857
2027;2059;777
2024;2066;796
2026;2039;1223
2026;2023;867
2023;2025;777
2023;2029;225
2019;2038;727
2024;2034;759
2023;2048;759
2024;1967;796
2024;2013;749
2023;2027;721
2021;2069;1221
2023;2061;871
2023;2052;873
2023;2048;215
2024;2048;731
2023;2050;762
2023;2048;764
2023;2107;877
2023;2076;794
2023;2063;787
2025;2031;1312
2024;2020;874
2023;2029;843
2025;2029;159
2022;2015;718
2024;2034;754
2022;2037;756
2029;1985;850
2024;2017;779
2023;2021;782
2021;2069;1258
2023;2052;989
2027;2056;834
2022;2039;131
2021;2048;715
2025;2048;746
2022;2051;752
2025;2114;852
2024;2071;785
2025;2064;792
2025;2023;1255
2026;2007;967
2023;2031;759
2023;2037;144
2023;2037;701
2025;2035;737
2024;2033;741
2026;1977;813
2025;2009;753
2023;2023;794
2023;2058;1243
2023;2053;941
2024;2052;783
2023;2048;137
2020;2050;709
2023;2048;747
2025;2058;750
2022;2109;858
2024;2091;775
2022;2052;791
2027;2023;1209
2024;2021;1032
2024;2048;812
2024;2017;85
2023;2031;710
2024;2037;740
2027;2040;743
2024;1979;827
2023;2021;775
2023;2025;766
2022;2060;1174
2025;2057;961
2023;2057;780
2023;2048;131
2022;2055;722
2023;2052;759
2023;2053;755
2022;2098;854
2022;2073;783
2025;2067;778
2026;2048;1118
2023;2013;885
2024;2024;806
2024;2029;34
2024;2036;707
2022;2039;754
2023;2034;739
2026;1984;803
2023;2009;765
2022;2027;783
2023;2036;1138
2023;2064;867
2023;2067;828
2021;2065;68
2022;2035;712
2023;2027;748
2023;2051;751
2022;2108;856
2023;2074;779
2023;2075;768
2029;2048;989
2024;2015;1009
2022;2028;759
2025;2029;30
2023;2034;694
2021;2038;731
2022;2033;738
2026;1984;795
2023;2012;740
2024;2048;810
2021;2033;983
2020;2055;1035
2017;2058;801
2023;2057;36
2023;2050;695
2024;2050;745
2025;2048;732
2022;2106;855
2024;2069;781
2024;2050;743
2025;2052;878
2026;2019;995
2023;2030;837
2024;2015;32
2023;2027;685
2023;2039;737
2021;2037;745
2023;1981;842
2025;2011;739
2023;2021;796
2023;2031;965
2021;2077;937
2023;2059;842
2023;2060;34
2021;2053;695
2023;2038;763
2024;2048;760
2023;2120;809
2022;2086;794
2023;2048;763
2023;2039;768
2023;1999;836
2022;2022;852
2025;2016;51
2023;2033;695
2024;2049;746
2024;2033;743
2022;1971;839
2023;2003;789
2024;2021;782
2024;2023;826
2023;2081;945
2023;2059;813
2024;2057;44
2023;2056;693
2023;2026;742
2023;2019;750
2024;2126;818
2023;2099;785
2023;2051;729
2021;2031;792
2023;1997;998
2023;2039;822
2023;2018;56
2023;2050;665
2022;2031;737
2023;2037;734
2027;1976;830
2023;1998;705
2025;2028;736
2021;2033;768
2023;2093;1028
2023;2035;851
2024;2054;52
2025;2056;688
2022;2053;743
2023;2049;746
2021;2095;803
2023;2066;797
2025;2040;729
2023;2067;786
2023;1994;999
2026;2018;909
2023;2006;77
2025;2029;684
2025;2035;755
2026;2034;741
2023;1991;865
2022;2004;727
2024;2038;721
2023;2026;787
2022;2082;938
2023;2048;710
2022;2059;83
2022;2063;695
2025;2079;757
2024;2028;755
2022;2062;814
2021;2076;783
2024;2048;739
2025;2060;814
2027;1985;1007
2021;2030;762
2024;2010;102
2024;2031;679
2025;2034;746
2025;2033;745
2025;2015;848
2031;2004;727
2027;2035;726
2023;2003;774
2024;2085;976
2023;2051;871
2023;2061;116
2022;2057;674
2023;2048;741
2022;2056;750
2023;2059;762
2024;2065;766
2024;2032;742
2025;2049;776
2026;1991;1050
2023;2025;795
2024;1999;180
2025;2031;655
2025;2048;737
2024;2035;737
2026;2025;834
2022;1992;757
2023;2039;706
2021;2033;765
2023;2090;1079
2021;2063;870
2024;2057;152
2023;2057;668
2025;2036;743
2023;2048;750
2022;2049;748
2022;2079;779
2031;2033;743
2024;2062;806
2025;1968;1051
2020;2030;853
2024;1999;257
2025;2031;654
2025;2037;754
2022;2039;757
2025;2034;754
2023;2000;737
2023;2048;717
2020;2028;777
2023;2088;1075
2023;2058;793
2022;2053;197
2025;2039;658
2025;2057;757
2024;2069;762
2024;2056;736
2025;2065;788
2026;2023;727
2023;2048;758
2026;1979;911
2023;2015;849
2024;2001;287
2023;2039;647
2025;2041;747
2024;2035;756
2025;2038;749
2022;1997;709
2021;2048;703
2027;2048;767
2023;2091;1054
2023;2055;895
2023;2056;310
2026;2053;629
2024;2052;754
2023;2048;745
2022;2056;745
2025;2069;762
2024;2028;717
2024;2048;768
2025;1977;1059
2026;2023;863
2027;1999;395
2023;2028;589
2024;2034;731
2024;2037;748
2023;2039;743
2024;1995;696
2025;2037;682
2024;2057;768
2021;2088;1057
2022;2061;822
2025;2067;451
2025;2048;620
2016;2048;756
2021;2048;757
2024;2049;753
2025;2098;782
2023;2034;712
2021;2018;755
2025;1965;1064
2023;2036;852
2025;1998;555
2013;2031;596
2024;2048;755
2024;2027;751
2023;2033;752
2023;1991;709
2023;2038;757
2025;2068;732
2022;2080;1113
2023;2059;815
2030;2074;586
2023;2048;626
2023;2048;736
2023;2048;760
2023;2048;753
2020;2071;789
2025;2027;728
2024;2026;751
2025;1988;1074
2023;2013;875
2025;2005;652
2023;2030;604
2023;2036;736
2025;2035;743
2024;2048;746
2024;1981;690
2024;2041;697
2023;2068;751
2023;2087;1043
2021;2060;880
2021;2073;762
2022;2049;583
2034;2048;742
2023;2048;745
2024;2048;745
2025;2095;756
2024;2037;732
2024;2011;716
2023;1975;1042
2023;2019;790
2026;2005;771
2024;2039;573
2023;2051;733
2023;2041;749
2025;2026;747
2024;1971;721
2022;2036;729
2021;2077;706
2023;2100;1152
2025;2059;879
2021;2069;772
2025;2051;555
2024;2050;755
2024;2039;755
2023;2053;752
2025;2105;799
2026;2034;740
2023;2006;723
2021;1991;1183
2025;2015;761
2023;2018;820
2024;2039;577
2019;2038;737
2026;2038;746
2023;2030;749
2023;1969;731
2024;2035;703
2024;2075;674
2025;2094;1127
2023;2063;840
2023;2064;811
2024;2051;564
2023;2048;742
2025;2048;755
2018;2048;746
2024;2106;815
2025;2054;756
2025;2003;715
2027;1987;1092
2025;2015;928
2026;2017;834
2025;2048;524
2025;2029;736
2025;2037;742
2025;2039;746
2026;1966;751
2025;2031;692
2024;2080;675
2024;2075;1217
2022;2069;945
2025;2064;813
2021;2051;535
2024;2048;745
2023;2048;750
2025;2048;750
2023;2141;827
2024;2059;748
2024;2004;701
2023;1977;1193
2024;2014;856
2024;2039;746
2025;2028;531
2026;2041;737
2022;2048;756
2024;2036;763
2023;1965;771
2023;2023;715
2025;2069;685
2023;2094;1212
2023;2067;808
2021;2072;802
2022;2048;504
2022;2048;747
2023;2048;749
2023;2061;756
2023;2135;805
2026;2066;759
2025;2006;713
2025;1976;1159
2026;2008;804
2025;2027;748
2025;2040;500
2024;2033;738
2024;2048;747
2024;2048;742
2027;1945;780
2023;2025;737
2023;2073;670
2023;2081;1241
2017;2057;970
2023;2066;794
2025;2048;450
2024;2049;737
2025;2048;749
2023;2041;740
2026;2135;843
2024;2067;748
2027;2015;731
2024;1989;1218
2024;2021;859
2025;2040;737
2025;2030;427
2024;2022;727
2023;2048;745
2024;2038;747
2023;1953;738
2025;2026;746
2023;2061;653
2022;2095;1216
2025;2055;923
2021;2067;864
2023;2051;408
2023;2048;746
2023;2038;756
2025;2048;753
2023;2152;835
2024;2066;804
2026;2034;721
2025;1998;1140
2026;2020;873
2024;2019;730
2025;2031;419
2025;2037;745
2025;2040;761
2026;2038;754
2027;1944;778
2023;2027;713
2022;2034;699
2024;2091;1179
2021;2069;899
2026;2059;758
2025;2048;435
2025;2048;750
2024;2055;763
2026;2036;763
2022;2151;872
2025;2078;782
2025;2048;744
2026;1995;1236
2023;2007;870
2024;2017;809
2023;2026;375
2025;2037;738
2023;2039;756
2023;2048;757
2025;1942;795
2027;2011;701
2021;2033;683
2023;2087;1198
2025;2067;983
2024;2065;746
2024;2048;373
2024;2048;743
2025;2048;762
2024;2048;759
2023;2153;867
2023;2063;771
2025;2054;771
2024;2002;1279
2022;2016;909
2021;2031;791
2023;2028;287
2025;2039;715
2025;2038;743
2024;2037;746
2024;1939;773
2023;2020;713
2023;2048;703
2024;2086;1263
2024;2062;917
2024;2064;810
2024;2048;310
