2009;2081;2244
2009;2058;2054
2005;2063;1873
2002;2048;2024
2006;2040;2055
2005;2048;2070
2005;2048;2040
2006;2080;2081
2006;2031;2070
2005;2029;2025
2006;1994;2391
2007;2037;2164
2007;2010;1831
2007;2040;1994
2006;2035;2054
2007;2039;2066
2006;2039;2061
2007;2011;2084
2009;2059;2091
2006;2054;2090
2006;2077;2159
2005;2058;2143
2008;2066;1901
2007;2048;2015
2007;2048;2073
2009;2048;2067
2006;2049;2060
2002;2085;2083
2007;2036;2069
2006;2019;2056
2011;1990;2267
1997;2037;2166
2009;2011;1994
2007;2048;1976
2007;2048;2048
2009;2039;2055
2006;2039;2056
2006;2006;2021
2005;2058;2074
2007;2068;2069
2008;2080;2261
2007;2055;2099
2009;2064;2059
2007;2048;2013
2014;2048;2065
2007;2048;2055
2008;2053;2056
2003;2085;2097
2007;2037;2101
2007;2017;2093
2006;1987;2403
2005;2026;2101
2006;2022;2101
2007;2048;1985
2008;2048;2057
2007;2041;2057
2006;2048;2052
2010;1999;2082
2009;2053;2115
2013;2075;2061
2008;2074;2207
2005;2060;2050
2006;2069;1986
2007;2048;2020
2008;2039;2071
2010;2048;2067
2008;2048;2065
2007;2091;2117
2005;2037;2069
2008;2010;2048
2011;1981;2241
2011;2020;2114
2006;2027;2076
2007;2048;1983
2007;2048;2048
2007;2041;2048
2010;2036;2066
2007;1994;2049
2009;2048;2052
2008;2077;2085
2007;2076;2249
2010;2064;2022
2009;2062;2054
2008;2048;1994
2007;2048;2059
2009;2048;2056
2007;2052;2059
2009;2096;2123
2007;2048;2100
2006;1992;2000
2011;1987;2333
2009;2033;2011
2008;2027;2034
2009;2048;1979
2009;2048;2040
2009;2031;2050
2005;2038;2048
2011;1983;2031
2010;2048;2095
2009;2076;2090
2007;2077;2363
1997;2063;2148
2007;2061;2034
2007;2048;1979
2009;2048;2058
2010;2048;2050
2009;2050;2048
2006;2109;2084
2008;2048;2075
2011;1998;2048
2009;1955;2283
2011;2025;1954
2008;2048;1903
2007;2037;1978
2012;2048;2048
2011;2048;2053
2009;2048;2051
2008;1975;1988
2008;2034;2082
2007;2079;2098
2008;2075;2311
2007;2057;2112
2012;2050;2010
2007;2048;1968
2009;2048;2066
2010;2048;2061
2006;2048;2048
2006;2113;2069
2010;2025;2099
2011;1998;2048
1998;1983;2265
2014;2026;2085
2008;2028;2068
2010;2039;1959
2008;2048;2050
2009;2048;2052
2009;2039;2058
2012;1974;1990
2009;2034;2085
2018;2075;2094
2010;2096;2297
2011;2064;2179
2010;2059;2095
2009;2048;1943
2010;2048;2061
2007;2048;2064
2010;2049;2048
2009;2118;2117
2009;2048;2111
2009;1999;2025
2009;1986;2309
2011;2021;2111
2013;2029;2074
2009;2041;1957
2009;2048;2039
2011;2048;2050
2009;2048;2062
2010;1953;1966
2010;2026;2032
2011;2070;2076
2013;2074;2360
2010;2062;2107
2010;2058;2034
2011;2048;1964
2010;2048;2066
2010;2048;2055
2010;2049;2050
2010;2147;2088
2008;2061;2034
2010;2013;2059
2011;1987;2423
2010;2033;2095
2011;2026;2074
2010;2039;1919
2013;2052;2056
2013;2039;2064
2009;2038;2063
2013;1954;1988
2007;2023;2007
2010;2073;2102
2005;2079;2359
2010;2063;2053
2007;2055;2084
2007;2048;1955
2008;2048;2070
2009;2049;2065
2011;2048;2074
2008;2134;2092
2018;2061;2057
2011;2023;2018
2010;1977;2368
2011;2029;2131
2011;2033;2139
2010;2040;1883
2011;2048;2033
2009;2039;2048
2010;2038;2069
2011;1935;2025
2010;2022;1975
2009;2048;2118
2011;2090;2310
2019;2057;2234
2010;2058;2081
2009;2048;1916
2007;2048;2048
2011;2048;2058
2010;2048;2055
2009;2143;2167
2009;2062;2031
2011;2026;2035
2012;1991;2422
2011;2031;2040
2015;2023;2106
2011;2048;1941
2011;2048;2051
2011;2041;2037
2021;2039;2049
2012;1934;1979
2014;2019;1985
2010;2048;2054
2011;2087;2314
2009;2065;2191
2011;2058;1910
2012;2048;1954
2011;2050;2068
2010;2048;2059
2011;2051;2058
2007;2143;2080
2009;2060;2127
2012;2033;2081
2012;1982;2276
2010;2029;2174
2013;2037;2115
2013;2048;1893
2013;2041;2048
2012;2048;2057
2012;2039;2050
2013;1931;2035
2013;2013;1965
2011;2036;2071
2011;2089;2379
2011;2060;2062
2010;2057;2107
2011;2048;1885
2010;2048;2050
2010;2048;2063
2013;2050;2067
2008;2159;2111
2012;2059;2048
2011;2048;2054
2012;1995;2363
2011;2030;2077
2014;2035;2080
2011;2040;1902
2011;2038;2038
2011;2048;2048
2012;2048;2055
2013;1933;1978
2011;2015;1993
2011;2025;2039
2014;2087;2371
2010;2048;2081
2010;2057;1942
2010;2048;1872
2014;2048;2295
2013;2048;2057
2012;2048;2059
2010;2154;2093
2011;2066;2103
2011;2050;2049
2011;1993;2410
2010;2028;2074
2007;2025;2039
2013;2048;1875
2010;2037;2034
2012;2040;2057
2013;2048;2048
2013;1933;1933
2015;2012;2015
2011;2026;2010
2011;2097;2450
2010;2058;2223
2013;2049;2017
2009;2048;1882
2009;2048;2063
2013;2048;2068
2015;2048;2065
2011;2141;2083
2011;2063;2048
2011;2062;2109
2015;1995;2500
2012;2027;2075
2013;2028;2065
2009;2048;1843
2011;2037;2048
2013;2039;2060
2012;2048;2071
2014;1929;1958
2010;2013;2085
2012;2024;2034
2012;2095;2527
2014;2058;2191
2008;2054;2106
2013;2048;1777
2014;2049;2050
2012;2035;2058
2011;2048;2075
2011;2151;2086
2012;2063;2077
2009;2061;2110
2011;2017;2457
2012;2028;2103
2011;2033;2021
2012;2048;1846
2013;2037;2040
2013;2038;2053
2014;2048;2053
2015;1917;1975
2013;2009;2004
2015;2019;2007
2011;2098;2530
2010;2054;2117
2012;2057;2067
2013;2031;1851
2014;2050;2048
2013;2048;2049
2012;2039;2057
2011;2155;2100
2011;2059;2048
2011;2069;2115
2011;2027;2493
2014;2015;2197
2011;2037;2092
2013;2041;1758
2016;2037;2040
2006;2038;2051
2013;2052;2048
2014;1933;1997
2013;2010;2067
2011;2019;1978
2013;2095;2464
2011;2061;2118
2013;2048;2157
2013;2048;1816
2010;2053;2058
2010;2048;2071
2013;2048;2060
2011;2166;2110
2011;2068;2078
2013;2064;2063
2013;2028;2403
2011;2028;2204
2015;2294;2007
2013;2040;1759
2010;2040;2037
2015;2040;2048
2015;2036;2040
2008;1928;1941
2012;2018;2007
2013;2019;1969
2011;2083;2365
2011;2056;2126
2012;2052;2048
2011;2048;1821
2015;2049;2048
2013;2048;2063
2011;2048;2063
2013;2157;2048
2011;2065;2092
2012;2059;2162
2013;2035;2388
2013;2022;2194
2011;2048;2121
2013;2037;1704
2015;2048;2037
2014;2038;2049
2012;2037;2050
2013;1926;1953
2015;2013;1973
2015;2021;1986
2011;2067;2285
2018;2069;2157
2014;2048;2072
2014;2048;1807
2014;2050;2034
2011;2048;2054
2011;2048;2050
2013;2164;2055
2012;2069;2085
2011;2064;2119
2017;2048;2327
2016;2018;2189
2015;2029;2104
2015;2039;1710
2015;2033;2034
2014;2041;2048
2013;2038;2048
2012;1939;2003
2013;2020;2027
2012;2027;2048
2013;2056;2248
2013;2071;2253
2015;2053;2062
2012;2048;1679
2014;2052;2052
2014;2048;2053
2013;2048;2071
2011;2167;2141
2011;2067;2067
2011;2062;2097
2012;2057;2359
2016;2014;2221
2017;2033;2016
2018;2035;1702
2013;2035;2035
2017;2036;2061
2014;2048;2059
2016;1944;1980
2014;2014;2016
2014;2039;2049
2012;2048;2176
2015;2069;2135
2013;2053;2142
2014;2048;1657
2013;2050;2037
2013;2048;2056
2015;2048;2084
2011;2166;2063
2011;2069;2109
2015;2054;2057
2015;2055;2167
2012;1995;2237
2016;2041;2135
2015;2033;1693
2016;2038;2031
2013;2038;2030
2014;2036;2049
2017;1943;1953
2015;2029;1993
2014;2039;2022
2013;2026;2034
2013;2075;2127
2023;2052;1996
2015;2048;1649
2015;2048;2025
2014;2048;2048
2014;2048;2051
2014;2154;2079
2012;2063;2058
2013;2059;2089
2014;2055;2103
2017;2006;2092
2013;2038;2085
2014;2028;1714
2015;2035;2027
2015;2036;2048
2015;2037;2035
2015;1974;1931
2015;2018;2003
2015;2039;2017
2015;2025;2021
2013;2065;2266
2014;2060;2166
2015;2037;1583
2013;2048;2027
2015;2049;2048
2013;2050;2050
2011;2150;2095
2015;2059;2051
2013;2048;2048
2014;2064;2059
2015;1995;2106
2015;2048;2062
2015;2024;1641
2014;2039;2019
2013;2038;2048
2014;2038;2048
2015;1972;2011
2015;2029;2020
2015;2033;2020
2015;2026;2070
2019;2073;2174
2015;2051;2066
2013;2048;1488
2014;2039;2008
2015;2048;2048
2017;2048;2051
2013;2132;2012
2015;2063;2075
2013;2041;2036
2012;2057;2103
2015;1998;2164
2014;2048;2126
2014;2018;1611
2013;2035;2025
1994;2048;2033
2013;2035;2038
2016;1985;2027
2007;2021;2037
2016;2053;2069
2015;2024;2010
2026;2077;2173
2013;2055;2006
2014;2049;1642
1999;2049;2025
2016;2053;2048
2014;2048;2041
2013;2106;2019
2013;2066;2069
2012;2037;2015
2014;2057;2081
2015;2004;2197
2015;2037;2118
2018;2019;1624
2015;2048;2026
2019;2041;2048
2015;2037;2055
2017;2002;2008
2016;2041;2068
2018;2053;2093
2015;2021;2041
2011;2082;2127
2015;2048;2102
2014;2048;1573
2017;2048;2029
2014;2048;2048
2013;2048;2053
2015;2092;2027
2015;2059;2057
2016;2036;2061
2014;2066;2119
2015;1994;2190
2013;2039;2113
2017;2007;1623
2017;2048;2008
2014;2048;2048
2013;2035;2048
2027;2028;2053
2015;2027;2058
2015;2053;2063
2015;2029;1964
2015;2075;2185
2016;2053;2179
2015;2052;1659
2009;2042;2015
2016;2048;2033
2015;2048;2035
2015;2075;2039
2015;2062;2048
2017;2029;2066
2017;2067;2118
2015;1993;2247
2013;2048;2150
2016;2007;1517
2014;2039;2001
2015;2048;2038
2017;2040;2036
2017;2036;2037
2017;2025;2039
2016;2057;2061
2018;2000;2021
2015;2082;2092
2015;2054;2001
2015;2053;1644
2016;2049;2015
2015;2048;2042
2018;2048;2038
2014;2056;1993
2015;2067;2048
2016;2048;2067
2015;2061;2069
2014;1989;2261
2015;2033;2073
2017;2003;1645
2015;2048;2005
2014;2048;2048
2016;2035;2048
2017;2048;2058
2015;2018;2025
2016;2055;2059
2015;2035;1999
2013;2088;2135
2015;2051;2041
2017;2058;1631
2015;2048;2019
2015;2040;2052
2015;2048;2049
2016;2057;2009
2015;2071;2081
2016;2035;2063
2015;2051;2070
2018;1985;2144
2017;2035;2055
2016;2001;1681
2016;2042;1979
2016;2039;2036
2002;2039;2053
2016;2037;2037
2014;2007;2048
2017;2061;2099
2014;2048;1959
2017;2082;2142
2015;2049;2052
2016;2059;1779
2015;2048;2005
2016;2058;2033
2015;2048;2048
2017;2048;2035
2015;2074;2056
2017;2027;2074
2014;2041;2050
2015;1992;2251
2015;2029;2031
2015;2000;1694
2005;2041;1986
2015;2048;2037
2017;2039;2031
2015;2038;2031
2015;2009;1989
2019;2055;2101
2017;2051;2027
2015;2083;2286
2019;2049;2039
2015;2063;1833
2015;2048;2009
2015;2048;2049
2016;2048;2028
2014;2048;2055
2014;2068;2019
2015;2023;2014
2015;2005;2049
2015;1989;2346
2017;2033;2139
2018;2008;1901
2018;2041;1990
2016;2048;2048
2017;2039;2049
2015;2035;2033
2016;2008;2014
2017;2053;2119
2018;2054;2015
2018;2080;2267
2018;2053;1959
2017;2065;1877
2022;2048;2015
2015;2039;2057
2015;2049;2039
2017;2049;2058
2015;2081;2037
2015;2029;2008
2015;2023;2069
2017;1991;2254
2020;2034;2061
2018;2020;1996
2015;2041;1969
2010;2048;2039
2017;2035;2031
2015;2037;2039
2019;2001;2053
2020;2051;2059
2036;2069;2030
2017;2085;2260
2018;2058;2105
2017;2067;2067
2019;2048;1983
2015;2037;2036
2013;2048;2048
2016;2051;2048
2017;2081;2118
2018;2031;2011
2018;2009;2037
2017;1989;2290
2015;2031;2113
2019;2020;2175
2018;2048;1979
2017;2041;2018
2014;2038;2035
2015;2036;2037
2015;1990;1979
2015;2049;2080
2016;2071;2133
2017;2079;2290
2016;2063;2180
2016;2067;2169
2017;2048;1978
2015;2048;2049
2017;2048;2038
2013;2048;2034
2011;2084;2030
2015;2035;2062
2019;2001;2033
2017;1985;2299
2018;2028;2084
2017;2026;2123
2016;2048;1976
2018;2048;2034
2019;2038;2048
2017;2039;2042
2014;1987;2015
2019;2050;2092
2017;2075;2070
2014;2083;2363
2017;2062;2155
2019;2060;2067
2018;2048;1947
2015;2048;2048
2017;2041;2059
2019;2048;2048
2015;2086;2013
2018;2037;2031
2014;1997;2051
2018;1979;2243
2019;2025;2124
2015;2030;2103
2018;2048;1962
2017;2048;2031
2015;2030;2048
2026;2038;2048
2015;1988;2009
2017;2035;2030
2018;2076;2079
2017;2080;2178
2018;2058;1989
2019;2054;2071
2017;2048;1965
2020;2048;2030
2018;2048;2035
2016;2049;2039
2013;2097;2058
2015;2048;2027
2016;1998;1987
2018;1983;2253
2019;2029;2031
2014;2029;2015
2023;2039;1963
2015;2040;2023
2017;2039;2029
2019;2040;2029
2021;1976;1986
2018;2035;2048
2015;2079;2112
2018;2067;2247
2017;2055;2121
2018;2061;2092
2019;2035;1969
2019;2048;2048
2017;2048;2051
2017;2050;2035
2017;2106;2055
2016;2048;2048
2018;2005;2031
2018;1987;2292
2020;2027;2080
2015;2034;2084
2018;2048;1964
2016;2048;2048
2018;2048;2033
2017;2034;2048
2020;1963;1979
2015;2031;2023
2018;2073;2075
2015;2081;2259
2019;2053;2032
2017;2058;2082
2018;2048;1957
2017;2048;2050
2019;2048;2064
2017;2049;2051
2017;2119;2025
2017;2050;2054
2016;2002;2051
2019;1987;2302
2019;2026;2069
2018;2029;1937
2016;2048;1907
2017;2048;2020
2017;2048;2031
2018;2048;2048
2020;1954;1983
2019;2024;2035
2021;2070;2079
2021;2087;2305
2019;2059;2122
2018;2054;2001
2018;2048;1943
2018;2048;2040
2017;2048;2048
2019;2048;2013
2014;2126;2030
2018;2053;2082
2015;2007;1991
2018;1983;2358
2017;2030;2054
2014;2036;2140
2017;2048;1909
2016;2048;2026
2015;2048;2038
2018;2039;2048
2015;1948;1951
2018;2030;2034
2018;2066;2091
2018;2078;2262
2017;2061;2133
2015;2057;2116
2018;2048;1940
2016;2048;2051
2017;2048;2040
2012;2048;2048
2015;2132;2097
2016;2058;2069
2025;2014;2052
2019;1988;2437
2018;2019;2202
2018;2037;2070
2019;2037;1893
2018;2048;2048
2019;2048;2052
2018;2038;2048
2021;1946;1957
2019;2015;2003
2019;2048;2131
2015;2080;2346
2016;2059;1914
2018;2056;2031
2018;2048;1917
2018;2048;2050
2017;2048;2035
2017;2048;2048
2018;2138;2063
2019;2063;2129
2017;2034;2024
2020;1990;2336
2019;2033;2176
2018;2038;2039
2020;2048;1892
2018;2048;2024
2018;2048;2028
2018;2039;2028
2020;1956;1943
2017;2021;2003
2019;2041;2073
2019;2079;2325
2016;2058;2167
2016;2053;2109
2019;2050;1929
2018;2036;2053
2018;2048;2056
2017;2048;2036
2018;2146;2078
2017;2060;2033
2018;2048;2031
2018;1993;2326
2018;2027;2075
2015;2034;2127
2019;2048;1905
2018;2038;2033
2017;2041;2037
2022;2037;2039
2022;1932;1963
2020;2013;2022
2018;2033;2056
2017;2093;2412
2017;2062;2126
2021;2057;2021
2018;2048;1913
2017;2048;2057
2019;2048;2056
2015;2048;2050
2015;2153;2117
2019;2065;2062
2022;2055;2093
2017;1994;2381
2017;2033;2204
2017;2048;2074
2017;2041;1864
2015;2038;2048
2019;2037;2048
2019;2039;2052
2021;1935;1985
2017;2013;2005
2018;2032;2048
1997;2094;2545
2016;2057;2245
2019;2059;2148
2015;2048;1906
2019;2048;2037
2015;2048;2048
2015;2048;2053
2016;2133;2096
2016;2072;2139
2019;2063;2048
2020;1992;2383
2019;2029;2073
2019;2033;2026
2019;2048;1893
2019;2039;2035
2018;2048;2035
2019;2058;2031
2022;1939;1940
2018;2011;2019
2020;2028;2055
2016;2101;2507
2017;2061;2202
2021;2051;2037
2017;2048;1860
2018;2050;2039
2017;2034;2058
2019;2048;2038
2015;2155;2129
2018;2069;2133
2019;2062;2101
2019;2005;2505
2019;2027;2048
2024;2031;2018
2017;2039;1871
2018;2039;2041
2018;2038;2049
2017;2048;2048
2021;1932;1954
2020;2009;2022
2021;2023;2010
2016;2093;2457
2018;2055;2030
2020;2049;2014
2017;2048;1867
2017;2048;2053
2018;2048;2065
2018;2049;2061
2018;2155;2168
2018;2071;2071
2018;2071;2070
2023;1999;2484
2018;2029;2082
2007;2027;2136
2021;2048;1777
2018;2036;2019
2020;2048;2048
2020;2037;2059
2018;1932;1970
2020;2015;1984
2015;2015;2003
2020;2094;2460
2023;2059;2203
2020;2055;2019
2021;2041;1759
2018;2049;2039
2021;2048;2048
2018;2048;2063
2017;2155;2131
2016;2075;2102
2019;2075;2064
2020;2009;2438
2020;2029;2064
2019;2033;2048
2019;2041;1785
2020;2034;2027
2021;2048;2037
2023;2038;2037
2019;1943;1948
2020;2013;2001
2021;2018;1995
2019;2089;2423
2017;2060;2215
2017;2056;2098
2017;2048;1781
2018;2050;2027
2018;2048;2048
2018;2048;2048
2018;2153;2055
2018;2077;2092
2015;2070;2057
2019;2013;2470
2019;2023;2099
2018;2041;2049
2019;2037;1773
2023;2048;2031
2021;2038;2048
2019;2039;2038
2018;1943;2005
1995;2013;1983
2017;2014;1956
2018;2066;2356
2021;2063;2187
2020;2054;2192
2018;2048;1734
2019;2049;2019
2018;2048;2036
2020;2048;2048
2017;2155;2136
2019;2068;2098
2017;2072;2099
2019;2048;2366
2015;2019;2068
2017;2039;2049
2018;2041;1762
2018;2035;2035
2020;2039;2034
2020;2036;2037
2022;1948;1956
2019;2018;2025
2019;2021;1978
2016;2084;2358
2018;2061;2157
2015;2052;2125
2019;2041;1656
2018;2048;2031
2020;2035;2048
2018;2050;2032
2013;2163;2125
2018;2075;2055
2016;2040;2053
2019;2048;2304
2022;2018;2129
2019;2039;2082
2018;2039;1750
2019;2031;2036
2018;2048;2050
2015;2039;2048
2017;1953;1952
2022;2021;1951
2018;2028;1981
2009;2065;2269
2019;2055;2103
2019;2053;2015
2020;2041;1716
2017;2051;2019
2018;2048;2054
2018;2048;2049
2016;2151;2144
2011;2069;2072
2019;2057;2089
2018;2058;2214
2021;2015;2129
2019;2041;1978
2019;2037;1709
2019;2031;2023
2020;2041;2034
2019;2036;2041
2022;1952;1992
2018;2024;1981
2020;2040;1986
2018;2048;2223
2020;2069;2115
2026;2051;2051
2020;2048;1695
2015;2048;2025
2019;2053;2049
2018;2049;2048
2016;2141;2050
2017;2060;2049
2020;2053;2103
2018;2059;2161
2018;2015;2117
2019;2036;2053
2018;2031;1617
2020;2039;2026
2019;2038;2048
2019;2038;2049
2020;1964;2040
2022;2022;1988
2019;2033;2067
2020;2027;2081
2020;2065;2137
2017;2056;2090
2019;2048;1664
2020;2048;2031
2019;2048;2048
2017;2049;2057
2017;2140;2068
2017;2064;2094
2018;2058;2140
2020;2068;2118
2018;2022;2250
2017;2038;1986
2021;2030;1500
2020;2039;2022
2018;2039;2039
2019;2034;2048
2018;1975;2004
2020;2024;2031
2020;2023;2039
2020;2029;2031
2019;2073;2212
2020;2048;1979
2019;2048;1579
2017;2050;2005
2018;2048;2048
2019;2035;2040
2016;2135;2117
2018;2067;2037
2018;2053;2084
2020;2061;2140
2019;2012;2199
2022;2037;2104
2020;2030;1414
2020;2037;2003
2019;2040;2030
2019;2040;2030
2021;1986;2010
2019;2021;1995
2021;2039;2040
2019;2024;1995
2018;2070;2219
2017;2054;2055
2017;2048;1562
2018;2048;2011
2020;2051;2041
2017;2040;2022
2018;2117;2083
2019;2057;2092
2019;2048;2027
2020;2061;2107
2022;2007;2253
2018;2038;2092
2021;2023;1544
2020;2039;2016
2020;2040;2041
2020;2037;2033
2022;1997;2003
2021;2026;2076
2019;2048;2028
2019;2021;1946
2021;2081;2301
2018;2048;2103
2020;2048;1440
2021;2048;2011
2018;2048;2050
2018;2055;2052
2018;2103;2034
2017;2061;2021
2017;2048;2014
2015;2068;2117
2020;2013;2153
2019;2035;2157
2019;2015;1461
2020;2048;2005
2019;2048;2038
2021;2034;2048
2020;2009;2048
2018;2017;2021
2022;2071;2058
2021;2023;1997
2019;2066;2111
2019;2054;2139
2017;2048;1551
2018;2048;2010
2018;2048;2034
2022;2054;2041
2019;2095;2064
2018;2055;2048
2019;2034;2053
2020;2058;2085
2018;2006;2101
2018;2048;2211
2027;2012;1341
2017;2039;2007
2019;2041;2055
2020;2039;2055
2019;2030;2055
2018;2029;2009
2019;2049;2052
2016;2024;1989
2017;2078;2107
2013;2053;2010
2021;2051;1596
2007;2031;2039
2021;2049;2067
2019;2048;2066
2018;2073;2073
2019;2058;2133
2017;2035;2054
2019;2061;2126
2019;2005;2216
2022;2037;2058
2020;2013;1539
2018;2048;2014
2021;2048;2048
2020;2048;2052
2018;2039;2063
2019;2027;2103
2022;2049;2055
2014;2027;2068
2018;2070;2197
2015;2051;2081
2019;2053;1587
2019;2048;2012
2017;2048;2057
2019;2048;2048
2015;2052;2007
2019;2067;2061
2020;2034;2034
2018;2057;2075
2021;2007;2208
2025;2039;2147
2024;2004;1428
2019;2048;1980
2015;2039;2035
2018;2039;2035
2018;2035;2037
2023;2023;1999
2022;2048;2055
2023;2031;1988
2021;2075;2156
2021;2056;2113
2019;2048;1639
2019;2048;2015
2016;2048;2048
2021;2048;2048
2019;2049;2030
2016;2066;2054
2018;2031;2020
2017;2048;2073
2019;2012;2168
2019;2033;1959
2022;2010;1665
2019;2048;1999
2020;2048;2052
2021;2041;2048
2019;2038;2048
2020;2015;2048
2020;2053;2064
2022;2042;1957
2019;2078;2116
2015;2048;2095
2021;2052;1731
2020;2048;2005
2018;2048;2048
2021;2048;2048
2019;2051;2035
2020;2065;2084
2019;2033;2024
2021;2033;2082
2018;2014;2259
2020;2028;2051
2021;2008;1716
2019;2048;1967
2020;2048;2028
2021;2048;2048
2017;2048;2039
2018;2011;2037
2021;2048;2036
2020;2038;2013
2018;2072;2341
2019;2054;1978
2021;2055;1717
2019;2048;1974
2021;2041;2039
2018;2048;2031
2020;2039;2038
2017;2067;2078
2019;2035;1987
2018;2010;2012
2021;2002;2199
2019;2048;2086
2021;2019;1995
2020;2052;1969
2021;2039;2027
2021;2048;2017
2019;2038;2035
2022;2018;2009
2019;2048;2050
2020;2056;2098
2015;2069;2326
2022;2056;2150
2021;2058;2017
2019;2048;1977
2018;2036;2036
2018;2048;2030
2017;2033;2035
2021;2077;2031
2019;2027;1983
2017;2031;2049
2024;2009;2245
2021;2034;2079
2020;2017;1949
2021;2041;1994
2020;2048;2035
2020;2048;2039
2018;2039;2048
2022;2013;2038
2021;2048;2073
2019;2055;2079
2018;2065;2200
2023;2041;2109
2017;2080;2033
2021;2051;1975
2019;2039;2050
2020;2039;2048
2018;2048;2056
2020;2070;2006
2036;2037;2027
2018;2031;2066
2022;2006;2259
2022;2033;2122
2017;2023;2095
2021;2048;1973
2015;2031;2025
2020;2053;2056
2020;2029;2048
2019;2004;2079
2020;2048;2055
2023;2062;2086
2019;2059;2391
2019;2058;2122
2021;2059;2121
2019;2048;1970
2019;2048;2050
2018;2048;2061
2018;2051;2065
2019;2068;2063
2018;2037;1998
2019;2014;1983
2019;2009;2265
2023;2034;2091
2019;2024;2048
2019;2048;1965
2025;2039;2022
2019;2048;2037
2022;2048;2057
2023;1997;2091
2022;2013;2093
2022;2073;2104
2020;2065;2408
2019;2061;2111
2018;2054;2036
2018;2049;1971
2021;2048;2061
2021;2048;2054
2020;2049;2048
2018;2080;2031
2020;2048;1995
2020;2014;2002
2021;2011;2347
2018;2033;2084
2020;2035;2122
2021;2048;1970
2021;2048;2048
2019;2048;2061
2020;2039;2058
2020;1999;2039
2036;2048;2051
2021;2075;2118
2022;2053;2250
2015;2059;2159
2019;2048;2130
2021;2048;1969
2017;2048;2066
2020;2048;2070
2019;2053;2039
2021;2085;2055
2019;2048;2052
2021;2022;1997
2020;2002;2267
2022;2034;2127
2021;2036;2119
2023;2048;1950
2019;2050;2063
2020;2048;2056
2021;2038;2064
2019;1992;2023
2021;2038;2031
2019;2064;2158
2019;2067;2352
2022;2062;2030
2021;2057;2063
2019;2049;1974
2022;2048;2058
2019;2048;2063
2019;2048;2064
2019;2085;2056
2015;2049;2069
2021;2020;2015
2022;1999;2300
2023;2037;2223
2021;2027;2114
2020;2048;1928
2020;2048;2048
2024;2035;2054
2020;2037;2065
2020;1991;1999
2022;2037;2057
2022;2061;2168
2021;2066;2336
2021;2055;2013
2021;2049;2180
2022;2048;1972
2020;2050;2066
2019;2048;2066
2021;2048;2055
2020;2088;2048
2020;2055;2048
2020;2021;2026
2025;2006;2369
2021;2035;2094
2019;2035;2166
2023;2048;1931
2021;2041;2056
2021;2048;2063
2023;2039;2054
2026;1992;1974
2022;2030;2048
2025;2055;2098
2022;2071;2378
2021;2058;2125
2020;2050;2159
2020;2048;1957
2020;2050;2071
2022;2051;2074
2020;2035;2072
2019;2099;2130
2022;2061;2125
2021;2024;2034
2024;2013;2384
2023;2034;2041
2023;2035;2026
2021;2042;1943
2023;2048;2054
2020;2048;2054
2021;2022;2061
2025;1984;1992
2024;2033;1994
2023;2054;2132
2023;2066;2465
2017;2051;2143
2023;2052;2166
2019;2048;1925
2020;2048;2058
2022;2048;2056
2019;2050;2077
2020;2108;2093
2021;2055;2056
2023;2040;2048
2022;2008;2493
2019;2033;2101
2020;2025;2053
2023;2048;1952
2018;2038;2039
2023;2048;2057
2020;2039;2057
2022;1979;1996
2023;2030;2087
2021;2048;2133
2023;2062;2390
2020;2058;2149
2021;2048;2006
2022;2049;1999
2021;2048;2070
2023;2048;2068
2020;2042;2048
2021;2113;2095
2035;2060;2091
2021;2038;2102
2021;2003;2356
2023;2031;2072
2023;2026;1708
2022;2039;1976
2023;2048;2050
2022;2039;2056
2023;2048;2052
2023;1977;2063
2022;2023;2003
2021;2048;2102
2020;2070;2410
2021;2058;2257
2021;2060;2038
2020;2048;1934
2023;2048;2058
2020;2048;2070
2022;2039;2075
2018;2113;2138
2022;2070;2109
2020;2048;2050
2020;2004;2398
2023;2034;2113
2019;2040;2118
2022;2035;1898
2022;2040;2036
2023;2039;2048
2022;2039;2052
2022;1975;1959
2022;2023;1963
2022;2048;2050
2017;2063;2441
2021;2055;2091
2024;2054;2033
2021;2048;1903
2022;2048;2040
2020;2048;2048
2023;2048;2059
2020;2117;2126
2018;2064;2122
2022;2054;2058
2015;2010;2383
2023;2031;2048
2022;2033;2026
2020;2057;1877
2023;2033;2041
2023;2048;2038
2025;2040;2036
2024;1975;1938
2021;2022;1975
2024;2033;2028
2022;2063;2557
2023;2057;2152
2024;2056;2022
2022;2048;1863
2021;2048;2052
2023;2039;2062
2024;2048;2051
2021;2119;2114
2022;2067;2083
2023;2060;2063
2023;2001;2394
2022;2037;2054
2021;2039;2048
2020;2039;1895
2022;2048;2038
2023;2048;2048
2021;2048;2051
2021;1985;1947
2025;2016;2035
2022;2033;2084
2020;2069;2513
2019;2056;2195
2023;2058;1950
2023;2048;1824
2018;2049;2048
2021;2049;2024
2024;2048;2048
2021;2121;2073
2024;2068;2099
2022;2058;2096
2022;2014;2391
2025;2028;2134
2026;2039;2107
2022;2035;1853
2023;2048;2023
2022;2048;2051
2023;2037;2037
2025;1975;1954
2023;2018;1989
2024;2030;1987
2018;2071;2519
2022;2048;2251
2021;2053;2037
2023;2048;1765
2023;2048;2020
2027;2048;2048
2020;2051;2052
2020;2116;2105
2025;2062;2066
2020;2059;2083
2026;2028;2365
2024;2030;2126
1981;2036;2048
2024;2049;1748
2019;2037;2010
2022;2039;2025
2022;2048;2031
2024;1975;1933
2024;2027;1973
2020;2031;2017
2026;2072;2501
2017;2053;2090
2021;2051;1887
2022;2048;1791
2021;2050;2021
2022;2048;2048
2022;2048;2031
2021;2126;2077
2022;2069;2108
2023;2069;2112
2021;2039;2414
2021;2034;2231
2022;2048;2111
2022;2035;1759
2021;2042;2023
2021;2039;2028
2024;2048;2029
2024;1975;1969
2024;2023;1969
2025;2027;1989
2021;2055;2411
2022;2053;2178
2021;2053;2094
2021;2048;1774
2023;2049;2038
2022;2048;2049
2022;2048;2039
2027;2115;2117
2023;2071;2121
2021;2059;2109
2023;2039;2353
2022;2028;2157
2021;2040;2132
2022;2037;1761
2022;2039;2048
2022;2037;2016
2022;2039;2048
2021;1975;2016
2026;2020;1995
2024;2027;1990
2022;2062;2385
2019;2053;2146
2023;2053;2081
2022;2048;1652
2023;2048;2034
2019;2048;2070
2021;2048;2057
2019;2124;2114
2023;2071;2124
2021;2053;2072
2024;2018;2420
2020;2027;2211
2018;2040;2111
2022;2037;1679
2037;2041;2030
2024;2042;2048
2022;2039;2053
2023;1971;1957
2022;2027;2048
2025;2034;1966
2021;2058;2299
2023;2035;2146
2021;2048;2117
2023;2048;1691
2019;2050;2042
2030;2048;2051
2022;2052;2049
2021;2123;2131
2018;2065;2033
2020;2059;2053
2024;2051;2383
2023;2024;2097
2022;2041;2145
2023;2033;1623
2023;2036;2028
2025;2040;2048
2023;2039;2048
2024;1979;1969
2019;2021;1997
2023;2030;2018
2025;2052;2267
2023;2059;2082
2023;2048;2049
2023;2048;1749
2021;2049;2048
2023;2048;2055
2021;2048;2066
2019;2123;2078
2020;2068;2048
2027;2061;2098
2023;2048;2168
2025;2019;2150
2023;2037;2145
2022;2038;1761
2023;2039;2054
2020;2040;2054
2022;2039;2053
2023;1980;1943
2023;2021;1977
2023;2039;1997
2021;2039;2244
2022;2065;2051
2021;2054;2103
2021;2048;1701
2022;2050;2048
2022;2048;2063
2022;2048;2069
2019;2118;2112
2023;2060;2023
2022;2053;2101
2023;2048;2167
