2007;2048;2073
2007;2039;2056
2006;2083;2197
2007;2050;2015
2008;2052;1665
2003;2048;2003
2007;2048;2041
2007;2048;2048
2005;2050;2049
2009;2064;2025
2005;2029;2085
2002;2048;2078
2004;1997;2251
2001;2035;1969
2008;1999;1642
2007;2048;1990
2009;2048;2031
2008;2039;2039
2015;2048;2034
2008;2011;2030
2007;2059;2053
2007;2035;2013
2005;2079;2199
2009;2057;2033
2006;2055;1719
2007;2036;2006
2007;2048;2031
2005;2048;2037
2005;2049;2048
2006;2066;2037
2006;2026;2087
2007;2035;2075
2009;1995;2228
2005;2033;2048
2007;2003;1722
2010;2048;1999
2008;2048;2034
2009;2056;2035
2007;2039;2037
2007;2007;2074
2010;2054;2061
2009;2048;2017
2007;2078;2230
2007;2049;2125
2005;2060;1733
2006;2048;2011
2007;2048;2048
2007;2049;2037
2008;2048;2057
2005;2070;2075
2009;2027;2006
2007;2031;2056
2009;1991;2157
2006;2030;2017
2009;2005;1947
2007;2039;1996
2008;2048;2038
2007;2048;2048
2007;2038;2040
2010;1998;2015
2011;2051;2096
2007;2061;2015
2006;2074;2198
2007;2053;2077
2005;2064;1868
2006;2048;2012
2007;2036;2034
2009;2048;2037
2008;2048;2053
2005;2076;2111
2007;2023;2018
2007;2024;2052
2007;1991;2225
2007;2033;2037
2009;2018;2001
2007;2048;1981
2008;2048;2035
2009;2039;2049
2007;2036;2048
2008;2000;2048
2009;2048;2075
2007;2068;2075
2007;2078;2214
2006;2054;2036
2008;2058;1928
2008;2048;1990
2007;2048;2038
2007;2048;2048
2007;2048;2041
2007;2078;2055
2009;2031;2084
2007;2015;2033
2010;1990;2259
2009;2031;2037
2002;2017;1990
2006;2048;1993
2005;2048;2037
2008;2037;2048
2005;2037;2034
2006;2003;1993
2009;2049;2073
2005;2080;2072
2009;2071;2107
2005;2060;2102
2005;2056;2011
2010;2054;1991
2007;2048;2040
2011;2048;2048
2011;2048;2051
2009;2084;2048
2009;2029;2074
2008;1994;2063
2009;1992;2315
2007;2031;2048
2010;2022;2048
2009;2040;1977
2007;2048;2027
2006;2039;2030
2007;2037;2033
2010;1987;2036
2009;2048;2081
2006;2079;2097
2007;2074;2251
2009;2055;2089
2009;2063;2021
2007;2048;1987
2007;2035;2040
2010;2048;2031
2008;2048;2035
2007;2090;2059
2010;2036;2051
2007;2004;2033
2010;1985;2275
2010;2028;2064
2009;2029;2039
2009;2048;1989
2004;2040;2029
2009;2048;2048
2009;2035;2039
2011;1977;2033
2012;2048;2084
2007;2082;2031
2008;2073;2329
2009;2061;2177
2009;2058;2090
2010;2048;1987
2010;2048;2062
2008;2048;2048
2009;2049;2048
2007;2102;2053
2006;2049;2078
2019;2005;2048
2009;1993;2320
2010;2023;2105
2001;2031;2095
2008;2038;1960
2009;2048;2033
2009;2048;2039
2008;2037;2049
2007;1978;2075
2008;2033;2116
2009;2082;2061
2009;2066;2287
2007;2062;2101
2009;2059;1952
2008;2048;2015
2011;2048;2055
2010;2048;2061
2009;2048;2042
2007;2114;2077
2009;2049;2080
2010;2007;2087
2011;1989;2361
2010;2033;2093
2010;2034;2128
2010;2039;1958
2010;2051;2048
2009;2039;2053
2005;2037;2069
2010;1965;2074
2009;2035;1999
2006;2074;2085
2009;2075;2277
2006;2060;2008
2007;2057;2056
1999;2048;1998
2010;2048;2073
2007;2048;2063
2008;2048;2063
2008;2117;2063
2011;2061;2074
2008;2021;2048
2011;1985;2317
2010;2029;2162
2009;2024;2048
2010;2048;1955
2009;2048;2048
2011;2048;2053
2008;2038;2065
2010;1965;2031
2013;2031;2063
2006;2068;2111
2008;2085;2384
2010;2063;2075
2009;2055;2079
2011;2048;1967
2011;2048;2075
2009;2048;2062
2009;2048;2053
2007;2130;2065
2008;2061;2101
2008;2027;2051
2007;1992;2383
2010;2025;2205
2010;2035;2001
2010;2048;1951
2010;2048;2048
2007;2039;2062
2013;2039;2058
2007;1965;2035
2011;2027;2048
2013;2066;2093
2010;2083;2395
2007;2054;2120
2008;2060;2163
2010;2048;1959
2007;2037;2048
1989;2048;2039
2009;2048;2052
2007;2137;2055
2010;2060;2074
2008;2029;2057
2010;1990;2375
2009;2028;2095
2009;2038;2017
2011;2039;1929
2010;2048;2031
2009;2039;2036
2008;2048;2034
2011;1953;1967
2009;2020;1985
2009;2048;2067
2015;2083;2355
2006;2057;2183
2010;2059;2015
2010;2048;1918
2009;2048;2041
2010;2048;2056
1999;2048;2050
2006;2146;2033
2009;2065;2080
2009;2038;2074
2008;1995;2346
2010;2026;2036
2011;2031;2063
2007;2039;1914
2010;2039;2033
2008;2038;2037
2011;2039;2048
2009;1946;2059
2010;2025;2020
2011;2048;2048
2010;2079;2329
2009;2052;2082
2007;2059;2051
2013;2048;1901
2010;2049;2048
2010;2039;2048
2010;2048;2048
2011;2153;2086
2010;2065;2036
2008;2049;2081
2009;2003;2388
2008;2021;2186
2011;2038;2063
2011;2038;1906
2010;2038;2039
2011;2041;2051
2014;2056;2035
2013;1946;1975
2006;2020;1997
2010;2041;2038
2010;2094;2459
2010;2053;2087
2011;2049;2128
2011;2048;1901
2011;2049;2051
2011;2048;2074
2010;2048;2048
2007;2153;2097
2011;2065;2053
2009;2053;2067
2011;2001;2386
2012;2030;2084
2011;2026;2078
2010;2048;1967
2011;2040;2050
2010;2037;2053
2010;2048;2048
2012;1943;1971
2009;2021;2090
2011;2035;1990
2012;2082;2317
2012;2050;2117
2007;2059;2060
2011;2048;1997
2011;2053;2060
2012;2048;2053
2010;2048;2066
2007;2155;2096
2007;2066;2055
2027;2066;2116
2010;2007;2416
2011;2035;2096
2010;2031;1923
2011;2040;1947
2011;2038;2050
2007;2041;2048
2011;2037;2059
2011;1943;2027
2011;2015;1994
2011;2027;1999
2009;2082;2429
2009;2051;2151
2009;2068;2052
2010;2048;1918
2010;2048;2058
2011;2048;2076
2009;2048;2064
2010;2156;2054
2010;2065;2101
2007;2070;2070
2010;2011;2409
2015;2021;2057
2008;2037;2077
2010;2037;1870
2009;2037;2055
2011;2039;2069
2009;2048;2069
2013;1949;1997
2009;2023;2056
2011;2029;2021
2013;2083;2384
2011;2052;2060
2007;2055;2033
2010;2048;1866
2010;2062;2048
2011;2048;2063
2010;2049;2059
2008;2157;2039
2007;2063;2071
2010;2066;2152
2010;2018;2491
2009;2026;2082
2013;2035;2116
2011;2038;1789
2010;2036;2037
2011;2039;2048
2010;2048;2048
2013;1943;1991
2010;2021;2034
2011;2026;2022
2006;2085;2346
2010;2060;2001
2011;2048;2037
2009;2048;1859
2015;2048;2051
2010;2048;2061
2010;2048;2059
2009;2159;2054
2010;2068;2125
2010;2070;2133
2011;2027;2417
2013;2027;2063
2011;2032;1969
2010;2038;1756
2011;2037;2048
2013;2036;2048
2011;2040;2056
2012;1950;2243
2013;2021;2010
2011;2021;2009
2009;2080;2247
2009;2064;2104
2011;2048;2055
2010;2048;1802
2009;2050;2021
2008;2048;2036
2011;2048;2048
2010;2159;2017
2009;2063;2057
2011;2057;2064
2012;2036;2376
2013;2015;2113
2010;2036;2033
2013;2037;1748
2011;2037;2034
2011;2037;2036
2011;2040;2039
2010;1945;2008
2013;2023;2026
2014;2031;1992
2011;2068;2323
2013;2053;2116
2012;2057;2066
2010;2039;1723
2009;2049;2025
2011;2048;2053
2013;2048;2048
2010;2151;2053
2010;2061;2072
2010;2061;2073
2010;2037;2343
2011;2021;2186
2012;2048;2138
2011;2033;1717
2009;2038;2019
2016;2039;2048
2009;2040;2048
2013;1949;1989
2014;2020;1979
2013;2029;1976
2010;2052;2050
2013;2054;2029
2009;2056;2126
2011;2035;1736
2009;2048;2027
2011;2048;2041
2011;2048;2048
2010;2161;2065
2010;2066;2034
2011;2053;2063
2012;2059;2081
2009;2015;2141
2014;2039;2071
2011;2032;1721
2020;2037;2048
2011;2037;2054
2011;2039;2048
2011;1955;1986
2014;2026;2061
2011;2035;2080
2011;2035;2061
2011;2075;2234
2009;2056;1995
2007;2041;1728
2009;2049;2031
2013;2048;2053
2011;2048;2060
2010;2144;2031
2011;2055;2050
2013;2048;2048
2011;2059;2048
2011;2011;2150
2011;2040;2097
2010;2026;1675
2011;2039;2030
2013;2039;2048
2006;2039;2049
2013;1965;2030
2012;2023;2056
2013;2039;2014
2014;2029;2073
2013;2077;2070
2011;2050;2063
2010;2048;1705
2010;2048;2036
2013;2048;2055
2010;2050;2062
2009;2135;2069
2009;2059;2039
2011;2031;2079
2011;2055;2048
2014;2009;2171
2018;2036;2077
2011;2024;1676
2012;2039;2040
2013;2040;2058
2012;2039;2059
2018;1969;2003
2010;2031;2012
2010;2048;2022
2011;2030;1995
2012;2075;2109
2010;2048;2041
2011;2038;1742
2011;2050;2048
2012;2048;2066
2014;2048;2069
2011;2125;2079
2010;2056;2098
2006;2048;2039
2013;2063;2084
2011;2005;2110
2009;2035;2079
2011;2020;1660
2013;2039;2034
2013;2031;2051
2013;2036;2066
2012;2023;2050
2010;2017;2010
2011;2048;2006
2013;2018;1979
2013;2080;2101
2012;2053;2089
2010;2048;1707
2010;2048;2034
2011;2048;2054
2013;2048;2054
2011;2114;2023
2007;2053;2037
2015;2048;2026
2012;2058;2086
2011;2009;2199
2013;2039;2079
2007;2017;1681
2011;2048;2039
2009;2039;2064
2010;2035;2062
2012;2021;2048
2012;2023;2103
2012;2048;2036
2013;2024;2007
2013;2082;2243
2011;2049;2116
2013;2048;1602
2012;2048;2048
2015;2048;2055
2012;2048;2071
2009;2075;2063
2011;2055;2102
2011;2035;2024
2008;2059;2094
2013;1989;2128
2007;2040;2095
2011;2009;1673
2013;2048;2023
2012;2031;2048
2013;2037;2057
2011;2020;2085
2012;2015;2017
2013;2048;2072
2013;2029;2013
2013;2081;2180
2013;2054;1991
2013;2048;1612
2009;2048;2020
2011;2048;2038
2015;2048;2035
2012;2060;1960
2011;2060;2039
2010;2027;2002
2009;2059;2071
2009;1996;2180
2012;2032;1995
2011;2009;1636
2012;2048;2012
2011;2035;2048
2013;2035;2048
2011;2031;2048
2014;2010;2020
2014;2048;2079
2011;2026;1989
2010;2084;2106
2011;2053;2107
2012;2049;1603
2013;2048;2013
2012;2048;2048
2011;2048;2048
2010;2056;2039
2010;2055;2074
2015;2030;2069
2008;2050;2081
2013;1992;2190
2010;2034;2086
2012;2001;1589
2011;2041;2002
2011;2039;2039
2013;2036;2048
2010;2041;2048
2014;2001;2096
2013;2048;2013
2011;2033;2039
2021;2084;2146
2011;2053;2056
2013;2055;1690
2011;2048;2029
2010;2048;2049
2011;2048;2051
2012;2048;2054
2012;2067;2087
2011;2027;2065
2013;2048;2050
2013;1991;2229
2009;2035;2071
2014;2005;1671
2009;2048;2002
2010;2048;2059
2013;2035;2051
2013;2038;2050
2010;2009;2084
2015;2050;2070
2012;2048;2057
2013;2078;2339
2008;2051;1910
2010;2057;1743
2012;2048;2020
2012;2048;2058
2011;2048;2067
2011;2049;2048
2011;2071;2098
2011;2030;2048
2012;2039;2033
2014;1991;2196
2013;2031;2015
2007;2009;1838
2011;2048;1999
2013;2048;2035
2011;2037;2040
2015;2037;2049
2014;2003;2048
2011;2048;2097
2015;2059;2108
2011;2085;2313
2015;2048;1970
2010;2059;1947
2011;2048;2009
2011;2048;2050
2011;2048;2048
2012;2048;2054
2010;2071;2049
2011;2031;2078
2012;2033;2051
2009;1991;2191
2007;2029;2070
2015;2013;1950
2013;2048;2009
2013;2048;2057
2011;2037;2061
2011;2036;2059
2015;1998;2010
2013;2052;2089
2012;2067;2052
2015;2077;2357
2031;2059;2003
2013;2065;1989
2011;2036;2015
2011;2048;2065
2013;2048;2061
2012;2051;2067
2010;2080;2108
2010;2032;2085
2007;2015;2106
2012;1982;2213
2012;2035;2048
2013;2018;1984
2014;2048;2010
2011;2048;2048
2013;2048;2059
2011;2037;2048
2015;1986;2025
2013;2048;2059
2013;2067;2057
2011;2067;2162
2012;2059;2163
2011;2063;2027
2013;2051;2014
2012;2041;2055
2013;2048;2054
2011;2048;2063
2012;2083;2037
2013;2037;2050
2014;2011;2036
2013;1994;2321
2014;2028;2098
2015;2022;2113
2011;2048;1985
2011;2048;2060
2011;2048;2052
2011;2037;2069
2014;1996;2100
2013;2048;2055
2014;2077;2077
2015;2066;2234
2011;2059;2049
2012;2053;2032
2011;2048;1996
2013;2048;2048
2013;2048;2048
2011;2049;2048
2011;2089;2048
2009;2042;2095
2013;2006;2081
2011;1987;2330
2017;2031;2095
2012;2033;2036
2011;2039;1976
2013;2048;2025
2013;2048;2048
2009;2037;2048
2013;1985;2016
2012;2040;2074
2013;2083;2114
2014;2077;2285
2012;2053;2083
2014;2048;2009
2012;2048;1986
2013;2048;2056
2012;2041;2048
2011;2048;2048
2010;2093;2019
2011;2048;2075
2013;2012;2064
2016;1994;2247
2013;2031;2089
2019;2031;2057
2011;2039;1968
2011;2048;2030
2012;2048;2048
2012;2037;2048
2013;1976;2022
2011;2033;2071
2013;2080;2093
2014;2070;2364
2013;2057;2003
2010;2055;1966
2013;2041;1952
2012;2048;2048
2012;2048;2052
2013;2048;2057
2011;2093;2052
2010;2051;2025
2012;2007;2035
2013;1990;2318
1999;2029;2073
2009;2034;2102
2009;2037;1950
2011;2041;2029
2009;2048;2036
2010;2037;2034
2012;1972;1975
2014;2033;2055
2013;2079;2058
2007;2078;2446
2011;2054;2119
2008;2059;2020
2011;2048;1957
2013;2040;2040
2013;2040;2051
2013;2048;2031
2012;2120;2057
2014;2056;2057
2014;2014;2027
2015;1986;2316
2013;2026;2065
2013;2033;1998
2013;2036;1955
2013;2048;2036
2015;2048;2048
2011;2040;2049
2014;1967;1985
2011;2026;2015
2011;2064;2031
2015;2069;2329
2011;2059;2103
2011;2062;2038
2013;2048;1962
2010;2048;2036
2013;2040;2053
2014;2048;2034
2010;2132;2029
2010;2055;2026
2015;2018;2048
2014;1999;2253
2015;2026;2106
2017;2027;2099
2013;2038;1921
2010;2040;2015
2011;2048;2027
2014;2038;2020
2013;1957;2009
2013;2027;2013
2015;2061;2050
2013;2077;2334
2014;2058;2048
2011;2055;2005
2013;2048;1963
2011;2048;2055
2013;2048;2048
2012;2048;2039
2011;2134;2131
2013;2055;2075
2014;2026;2048
2014;1992;2442
2013;2026;2076
2018;2031;2057
2014;2039;1921
2012;2041;2036
2013;2048;2052
2015;2048;2051
2010;1958;2058
2015;2027;2064
2012;2052;2067
2013;2071;2473
2015;2061;2005
2014;2054;1958
2013;2048;1955
2014;2048;2051
2013;2039;2058
2013;2048;2058
2011;2143;2080
2015;2064;2103
2015;2041;2089
2012;1994;2341
2017;2029;2048
2014;2036;1799
2014;2048;1943
2013;2296;2038
2012;2039;2048
2011;2039;2048
2012;1957;2012
2013;2019;1991
2013;2048;2055
2015;2089;2422
2013;2057;2048
2012;2054;1983
2011;2048;1939
2013;2048;2058
2014;2041;2062
2012;2048;2055
2009;2151;2106
2011;2064;2067
2013;2049;2076
2014;1996;2436
2010;2031;2094
2013;2048;1959
2012;2041;1934
2013;2035;2048
2013;2039;2048
2015;2048;2037
2012;1948;1965
2011;2021;2071
2013;2040;2017
2013;2088;2329
2013;2054;2223
2015;2060;2026
2012;2048;1907
2013;2039;2049
2011;2048;2060
2014;2048;2062
2013;2149;2073
2012;2063;2065
2013;2060;2091
2010;1997;2368
2014;2027;2085
2014;2034;2031
2013;2048;1900
2014;2039;2030
2014;2040;2048
2013;2048;2048
2014;1953;2010
2024;2019;2053
2014;2038;2073
2013;2085;2411
2013;2053;2133
2011;2062;2097
2013;2048;1891
2013;2050;2062
2010;2048;2055
2011;2031;2061
2015;2155;2075
2014;2070;2051
2015;2059;2054
2015;2005;2406
2016;2029;2199
2015;2031;2074
2012;2041;1859
2012;2037;2050
2012;2039;2075
2014;2037;2057
2013;1951;2039
2013;2019;2009
2012;2037;2048
2011;2086;2391
2012;2057;2119
2011;2057;2085
2012;2048;1893
2012;2050;2048
2014;2041;2066
2012;2048;2048
2011;2155;2015
2013;2065;2133
2012;2065;2040
2017;2007;2465
2020;2030;2069
2013;2034;2213
2013;2037;1841
2013;2037;2033
2013;2039;2039
2016;2039;2027
2012;1951;1944
2014;2021;1993
2015;2032;2011
2011;2084;2362
2014;2054;2107
2017;2058;2082
2013;2038;1875
2011;2048;2035
2015;2048;2057
2011;2048;2055
2014;2155;2049
2010;2068;2048
2012;2066;2060
2012;2012;2461
2013;2028;2119
2013;2037;2091
2011;2048;1801
2013;2039;2048
2014;2039;2048
2014;2039;2048
2013;1946;1989
2018;2021;2001
2013;2023;2009
2015;2083;2407
2013;2048;2101
2013;2048;2023
2014;2048;1789
2012;2048;2037
2014;2048;2068
2013;2048;2063
2013;2155;2031
2010;2068;2123
2014;2061;2036
2013;2027;2290
2014;2026;2134
2014;2027;2026
2013;2035;1833
2011;2035;2031
2016;2041;2034
2012;2039;2033
2013;1945;1997
2014;2022;2015
2015;2031;1985
2013;2062;2275
2013;2064;2117
2013;2049;2058
1993;2037;1762
2011;2055;2048
2013;2050;2061
2013;2048;2067
2012;2157;2091
2014;2066;2085
2013;2063;2117
2015;2052;2293
2015;2020;2106
2013;2038;2103
2013;2035;1771
2015;2036;2023
2013;2036;2055
2015;2039;2061
2014;1958;2016
2013;2028;1956
2015;2032;2015
2011;2051;2052
2012;2065;2121
2015;2031;2027
2010;2048;1750
2013;2051;2048
2012;2049;2062
2013;2048;2052
2013;2152;2019
2014;2061;2056
2011;2052;2034
2012;2048;2099
2014;2009;2151
2015;2039;2099
2015;2036;1773
2015;2034;2024
2014;2037;2048
2013;2037;2039
2015;1955;2017
2013;2019;1998
2014;2031;2023
2013;2034;2091
2014;2073;2107
2011;2050;2037
2015;2039;1705
2006;2050;2017
2014;2048;2038
2013;2048;2035
2012;2141;2025
2013;2062;2072
2013;2051;2026
2013;2027;2048
2015;2008;2143
2015;2036;2034
2014;2028;1693
2013;2037;2035
2013;2048;2049
2011;2034;2048
2016;1963;2061
2017;2025;1997
2015;2036;2004
2013;2028;1963
2014;2068;2137
2013;2053;1989
2016;2040;1718
2011;2051;2025
2013;2048;2048
2015;2048;2051
2013;2138;2056
2011;2058;2085
2011;2048;2021
2013;2052;2063
2007;2015;2210
2014;2036;2104
2015;2025;1650
2014;2037;2034
2014;2048;2038
2014;2048;2035
2013;1986;2051
2014;2024;2008
2014;2048;2050
2014;2030;2010
2012;2077;2236
2013;2050;2089
2019;2041;1686
2013;2048;2017
2013;2048;2039
2012;2048;2048
2013;2135;2056
2013;2059;2039
2011;2048;2087
2012;2059;2098
2016;2008;2087
2014;2037;2134
2014;2023;1614
2002;2042;2015
2013;2048;2028
2013;2034;2030
2015;1995;2017
2015;2021;2015
2021;2048;2025
2015;2025;2013
2015;2077;2171
2011;2048;2061
2014;2040;1603
2013;2049;2026
2014;2048;2051
2013;2048;2048
2012;2120;2054
2011;2065;2048
2012;2035;2029
2011;2058;2117
2014;2001;2159
2013;2039;2053
2014;2018;1618
2016;2048;2025
2015;2039;2061
2016;2040;2048
2015;2011;2049
2015;2025;2063
2015;2048;2029
2013;2022;2031
2015;2074;2090
2021;2048;2082
2012;2048;1619
2014;2048;2005
2010;2048;2048
2015;2048;2034
2013;2092;2027
2013;2057;2031
2015;2037;2029
2012;2059;2064
2015;2006;2220
2011;2039;2070
2027;2012;1575
2017;2048;2002
2013;2039;2023
2014;2048;2040
2013;2021;2062
2015;2015;2021
2023;2048;2026
2012;2023;2055
2013;2069;2184
2010;2051;2139
2013;2050;1671
2011;2048;2028
2013;2048;2048
2014;2048;2039
2012;2075;1973
2011;2057;2050
2014;2018;2049
2015;2061;2054
2017;1997;2195
2013;2037;2066
2015;2009;1629
2015;2048;2018
2014;2035;2050
2014;2036;2057
2017;2039;2082
2016;2015;2103
2015;2048;2033
2015;2025;2035
2018;2085;2098
2023;2053;2079
2013;2049;1629
2015;2048;2017
2015;2048;2048
2015;2048;2048
2011;2067;2038
2011;2060;2084
2014;2031;2028
2013;2051;2040
2017;2000;2262
2014;2037;2107
2014;1999;1585
2014;2048;1995
2011;2039;2029
2012;2037;2031
2014;2041;2048
2013;2008;2015
2015;2049;2019
2017;2026;2024
2013;2074;2295
2012;2048;2048
2014;2051;1547
2014;2048;2017
2015;2048;2039
2007;2048;2048
2012;2049;2037
2011;2051;2056
2014;2029;2048
2012;2052;2054
2014;1995;2117
2013;2037;2209
2014;2003;1675
2013;2048;2015
2017;2048;2061
2013;2037;2067
2014;2039;2071
2015;2011;2048
2015;2048;2125
2015;2048;2038
2013;2079;2258
2014;2055;2078
2013;2054;1614
2013;2048;2023
2014;2048;2059
2015;2048;2063
2015;2048;2067
2015;2063;2099
2011;2030;2057
2013;2048;2104
2011;1984;2273
2012;2034;2085
2018;2004;1811
2015;2040;2014
2014;2040;2053
2013;2048;2057
2014;2041;2054
2014;2005;2037
2014;2050;2059
2014;2051;2055
2013;2068;2181
2011;2058;2087
2015;2061;1847
2013;2048;2035
2017;2048;2067
2013;2048;2060
2015;2048;2064
2013;2059;2058
2014;2030;2065
2014;2035;2015
2017;1985;2251
2014;2033;2135
2015;2002;1851
2013;2048;2014
2014;2048;2053
2014;2039;2061
2014;2039;2076
2015;2005;2051
2015;2052;2078
2011;2061;2039
2011;2071;2231
2011;2041;2103
2015;2052;1975
2013;2048;2013
2015;2048;2065
2013;2048;2067
2015;2048;2049
2012;2071;2031
2015;2031;2095
2013;2024;2069
2011;1993;2254
2014;2033;2013
2014;2016;2015
2015;2041;1991
2012;2038;2039
2017;2041;2051
2016;2038;2049
2015;2001;2048
2015;2048;2048
2013;2057;2100
2013;2075;2255
2013;2055;2100
2013;2063;1994
2005;2048;2007
2014;2048;2050
2017;2048;2048
2015;2048;2050
2014;2083;2031
2013;2038;2073
2012;2015;2020
2014;1989;2230
2015;2033;2115
2027;2018;2048
2013;2048;1975
2014;2048;2035
2013;2039;2048
2013;2037;2052
2015;2001;2029
2014;2048;2059
2004;2073;2071
2017;2081;2270
2015;2062;2107
2012;2063;1945
2014;2048;1987
2012;2048;2030
2014;2048;2049
2014;2049;2039
2011;2089;2072
2015;2034;2049
2015;2014;2015
2018;1991;2337
2015;2033;2102
2014;2026;2075
2014;2048;1960
2014;2048;2021
2014;2048;2035
2014;2038;2038
2015;1993;1978
2015;2048;2078
2013;2079;2054
2013;2062;2247
2026;2058;1994
2014;2056;1958
2015;2049;1976
2015;2041;2054
2013;2048;2050
2015;2048;2048
2013;2095;2059
2015;2048;2068
2015;2008;2023
2017;1988;2381
2013;2031;2105
2018;2031;2051
2014;2048;1970
2012;2039;2027
2015;2036;2051
2015;2039;2053
2015;1983;2082
2014;2037;2031
2013;2077;2065
2015;2074;2357
2015;2060;2089
2014;2059;2039
2015;2048;1973
2013;2048;2055
2013;2048;2048
2015;2048;2051
2014;2095;2067
2014;2048;2089
2014;2005;2033
2015;2002;2317
2015;2031;2126
2013;2026;2007
2014;2031;1995
2015;2041;2048
2015;2068;2052
2013;2038;2048
2015;1983;2048
2014;2037;2039
2012;2078;2139
2013;2077;2374
2014;2049;2068
2013;2050;2039
2013;2048;2003
2015;2048;2068
2012;2048;2069
2015;2048;2063
2014;2113;2135
2014;2050;2119
2013;2003;2048
2013;1991;2430
2015;2028;2048
2015;2031;2051
2014;2048;1953
2013;2048;2048
2015;2048;2051
2003;2039;2061
2015;1978;2008
2014;2040;2050
2013;2066;2096
2016;2066;2205
2014;2054;2039
2012;2058;2080
2017;2048;1982
2016;2048;2071
2013;2048;2062
2012;2048;2051
2013;2117;2089
2014;2053;2048
2011;2017;2033
2018;1992;2412
2015;2025;2103
2013;2033;2095
2015;2048;1941
2015;2048;2059
2015;2048;2061
2011;2039;2079
2017;1959;2023
2015;2030;2048
2013;2068;2101
2011;2076;2324
2015;2058;2143
2016;2048;2040
2015;2048;1933
2015;2048;2040
2016;2048;2058
2013;2048;2058
2013;2126;2027
2013;2057;2082
2013;2027;2039
2015;1991;2367
2014;2033;2051
2018;2035;2048
2015;2035;1936
2015;2048;2031
2014;2039;2037
2015;2037;2039
2015;1960;1961
2015;2024;2023
2017;2059;2049
2012;2081;2439
2017;2056;2081
2014;2050;2037
2014;2048;1931
2015;2048;2055
2014;2048;2048
2013;2048;2048
2013;2133;2087
2015;2065;2053
2013;2035;2071
2011;1993;2345
2015;2022;2085
2017;2034;2121
2013;2039;1906
2003;2048;2028
2015;2048;2048
2015;2039;2048
2015;1953;1968
2014;2018;2087
2015;2069;2092
2015;2081;2351
2015;2059;2171
2012;2062;2048
2015;2048;1922
2013;2048;2048
2014;2038;2048
2016;2048;2038
2012;2145;2083
2013;2062;2098
2015;2048;2071
2014;2002;2452
2015;2030;2117
2015;2038;2005
2016;2048;1909
2015;2038;2048
2005;2039;2065
2013;2041;2054
2015;1952;2030
2018;2022;2012
2015;2034;2062
2015;2077;2338
2013;2054;2018
2012;2057;2167
2013;2048;1914
2015;2049;2065
2015;2048;2071
2015;2050;2076
2011;2147;2063
2015;2071;2123
2014;2052;2116
2016;1999;2386
2013;2033;2085
2012;2039;2210
2013;2037;1933
2016;2039;2040
2015;2039;2050
2014;2048;2050
2015;1947;1960
2015;2024;2013
2015;2034;2068
2014;2088;2363
2015;2057;2102
2015;2048;1992
2015;2048;1927
2015;2048;2059
2014;2048;2059
2013;2048;2036
2013;2149;2029
2015;2067;2096
2015;2060;2025
2019;2010;2269
2019;2028;2099
2013;2034;2093
2013;2048;1861
2014;2039;2031
2014;2048;2048
2016;2041;2058
2015;1947;1982
2018;2027;1988
2018;2031;2025
2015;2091;2420
2015;2051;2019
2013;2053;2052
2010;2039;1863
2013;2048;2037
2013;2048;2048
2016;2048;2037
2012;2142;2109
2013;2069;2106
2011;2072;2031
2019;2017;2497
2017;2024;2024
2014;2037;2041
2015;2037;1817
2015;2041;2024
2014;2033;2030
2013;2037;2030
2018;1958;1960
2017;2024;2019
2016;2026;2018
2013;2086;2367
2013;2055;2087
2013;2059;2068
2013;2039;1874
2015;2048;2048
2015;2048;2057
2014;2048;2051
2013;2154;2074
2011;2065;2061
2013;2073;2076
2015;2013;2344
2017;2027;2177
2017;2048;2094
2015;2048;1759
2013;2039;2029
2015;2040;2041
2015;2048;2048
2016;1957;1957
2017;2021;2019
2014;2026;1991
2014;2071;2373
2015;2051;2103
2015;2052;2090
2015;2040;1839
2015;2051;2039
2014;2048;2049
2014;2048;2048
2012;2149;2020
2031;2065;2054
2015;2067;2115
2015;2032;2365
2015;2025;2094
2012;2035;2027
2015;2039;1819
2015;2033;2026
2017;2048;2051
2015;2039;2039
2015;1961;2037
2017;2020;2030
2014;2024;2078
2017;2074;2423
2015;2058;2137
2013;2059;2020
2015;2037;1838
2013;2053;2055
2014;2048;2060
2014;2048;2055
2011;2149;2085
2014;2067;2115
2035;2067;2101
2015;2048;2373
2013;2026;2048
2012;2035;2167
2016;2040;1747
2014;2030;2048
2014;2032;2054
2015;2037;2065
2015;1969;2025
2015;2022;2055
2017;2025;2099
2012;2075;2262
2012;2067;2283
2014;2058;2202
2015;2061;1766
2015;2049;2049
2014;2048;2055
2013;2037;2059
2015;2143;2011
2014;2076;2121
2015;2053;2089
2015;2033;2221
2020;2024;2113
2015;2039;2139
2017;2037;1790
2015;2037;2052
2015;2049;2059
2014;2035;2048
2019;1962;1972
2015;2020;1999
2015;2027;2010
2015;2048;2120
2017;2071;2122
2013;2048;2179
2011;2038;1711
2015;2055;2039
2012;2048;2061
2013;2048;2054
2015;2143;2037
2014;2066;2049
2014;2048;2048
2014;2048;2174
2015;2024;2209
2011;2035;2206
2014;2031;1689
2014;2039;2038
2015;2037;2051
2017;2031;2031
2016;1967;2007
2015;2031;2035
2015;2025;2030
2015;2031;2112
2014;2071;2074
2014;2048;2048
2013;2035;1671
2013;2049;2015
2014;2048;2048
2015;2041;2035
2013;2140;1999
2014;2055;2015
2013;2060;2048
2013;2048;2181
2015;2007;2134
2015;2030;2085
2017;2039;1702
2015;2031;2037
2013;2037;2035
2015;2037;2038
2015;1977;2049
2014;2031;2056
2015;2048;2021
2015;2035;2039
2014;2068;2169
2015;2055;2015
2004;2048;1643
2015;2048;2013
2015;2048;2056
2018;2048;2048
2011;2127;2069
2013;2065;2071
2013;2048;2086
2015;2053;2031
2015;2017;2151
2014;2037;2141
2015;2027;1603
2015;2039;2014
2013;2040;2031
2015;2038;2039
2017;1988;2021
2008;2025;2058
2016;2033;2030
2015;2029;1997
2014;2068;2113
2017;2053;1965
2014;2048;1694
2013;2048;2023
2015;2048;2050
2014;2053;2038
2013;2111;2048
2014;2064;2103
2015;2050;2117
2015;2058;2094
2015;2007;2181
2017;2037;2027
2017;2029;1602
2014;2037;2019
2017;2039;2036
2015;2038;2024
2019;1997;1973
2016;2019;2020
2017;2048;2010
2014;2023;1989
2019;2067;2165
2013;2051;2139
2014;2048;1702
2015;2048;2035
2016;2048;2048
2017;2052;2048
2012;2097;2018
2015;2051;2071
2015;2048;2038
2015;2048;2073
2013;2014;2276
2014;2039;2085
2015;2010;1476
2015;2048;2014
2013;2052;2048
2019;2040;2040
2014;2002;2081
2018;2025;2005
2018;2049;2055
2014;2018;1999
2022;2072;2176
2013;2056;2103
2012;2048;1447
2014;2048;2001
2015;2048;2048
2015;2051;2031
2015;2092;2098
2014;2054;2005
2013;2039;2073
2014;2066;2079
2015;2005;2201
2015;2027;2090
2019;2018;1438
2013;2041;2003
2015;2039;2048
2017;2037;2048
2017;2023;2031
2014;2021;2014
2018;2039;2085
2022;2025;2032
2017;2075;2169
2015;2055;2135
2013;2048;1404
2013;2038;2013
2015;2048;2048
2014;2048;2040
2013;2097;2063
2012;2054;2034
2014;2034;2077
2015;2061;2110
2014;2009;2058
2016;2037;2025
2015;2011;1560
2014;2048;2014
2015;2048;2049
2016;2038;2048
2015;2037;2069
2017;2018;2062
2015;2053;2033
2015;2022;2101
2015;2065;2119
2015;2067;2139
2015;2048;1425
2013;2036;2005
2015;2048;2048
2013;2048;2048
2022;2053;2048
2013;2059;2111
2014;2031;2073
2013;2052;2066
2016;2006;2177
2014;2027;2221
2014;2011;1499
2012;2048;2002
2017;2048;2048
2015;2069;2048
2015;2048;2050
2017;2019;1982
2015;2048;2029
2021;2034;2027
2015;2065;2162
2017;2055;2020
2015;2050;1574
2014;2048;2031
2013;2048;2061
2015;2049;2055
2013;2048;2061
2012;2059;2100
2014;2034;2040
2011;2050;2030
2015;2006;2180
2015;2034;1998
2016;2014;1604
2015;2048;2017
2016;2048;2054
2016;2037;2053
2016;2039;2081
2018;2012;2006
2015;2050;2082
2016;2048;2004
2017;2081;2165
2013;2048;2058
2013;2055;1681
2016;2048;2012
2014;2048;2057
2015;2048;2063
2015;2048;2065
2013;2026;2079
2014;2037;2017
2014;2048;2048
2013;2007;2223
2013;2040;2111
2014;2015;1741
2023;2048;2029
2016;2034;2050
2015;2039;2058
2015;2048;2048
2015;2008;1994
2015;2048;2049
2017;2048;2068
2013;2071;2263
2014;2052;2133
2014;2061;1695
2014;2048;2013
2015;2050;2073
2013;2048;2057
2015;2050;2076
2014;2060;2057
2011;2036;2090
2014;2049;2036
2015;2009;2209
2015;2036;2049
2016;2014;1912
2014;2040;2008
2014;2048;2069
2013;2037;2065
2012;2039;2071
2019;2011;2029
2016;2040;2117
2017;2051;2049
2014;2067;2341
2019;2053;2062
2015;2063;1923
2019;2048;2018
2014;2048;2061
2015;2048;2069
2014;2049;2080
2014;2069;2101
2013;2036;2063
2015;2033;2095
2017;2002;2165
2016;2029;2186
2015;2024;2079
2017;2048;1999
2014;2040;2048
2015;2048;2057
2014;2035;2054
2013;2010;2038
2015;2040;2068
2013;2059;2064
2020;2062;2188
2015;2054;2016
2015;2059;1983
2017;2048;2013
2015;2048;2055
2015;2048;2058
2015;2048;2051
2015;2073;2104
2014;2037;2030
2015;2026;2093
2015;2002;2334
2015;2037;2153
2015;2027;2140
2014;2036;1994
2015;2041;2059
2015;2040;2067
2015;2037;2060
2017;2001;2013
2015;2038;2060
2015;2060;2050
2013;2066;2275
2021;2056;2082
2017;2056;2067
2017;2048;2031
2013;2039;2075
2015;2050;2072
2015;2048;2080
2015;2074;2050
2015;2048;2027
2014;2018;1999
2015;2004;2389
2015;2053;2007
2015;2020;2115
2017;2039;1980
2013;2041;2052
2018;2048;2069
2017;2039;2060
2015;2010;1967
2015;2048;2105
2028;2065;2102
2015;2063;2269
2019;2048;2114
2015;2058;1948
2015;2048;2015
2013;2048;2063
2015;2048;2049
2014;2041;2052
2015;2087;2103
2015;2048;2065
2017;2017;2015
2018;2007;2315
2018;2024;2115
2016;2031;2077
2018;2295;1975
2015;2039;2039
2015;2048;2048
2015;2039;2065
2015;1994;2004
2014;2036;2063
2016;2067;2126
2015;2063;2376
2014;2050;2071
2013;2059;2149
2013;2048;1997
2015;2037;2063
2015;2048;2063
2014;2049;2052
2014;2089;2048
2013;2049;2097
2011;2014;2064
2015;2006;2343
2017;2023;2036
2015;2030;2038
2016;2048;1987
2017;2048;2059
2015;2038;2064
2012;2040;2058
2016;1998;2053
2016;2048;2072
2017;2062;2084
2013;2068;2368
2017;2054;2178
2015;2052;2022
2015;2048;1955
2014;2039;2061
2015;2048;2062
2015;2048;2061
2015;2097;2127
2014;2056;2095
2015;2004;2071
2013;2015;2372
2017;2032;2068
2015;2037;2048
2016;2048;1949
2005;2048;1792
2016;2027;2050
2015;1792;2058
2019;1987;2080
2015;2029;2011
2010;2059;2095
2017;2056;2241
2019;2059;2041
2016;2056;1939
2018;2048;1972
2015;2048;2057
2019;2048;2071
2014;2052;2054
2017;2093;2034
2013;2055;2104
2015;2023;2034
2015;2002;2379
2018;2035;2109
2018;2038;1996
2017;2039;1945
2015;2036;2055
2017;2042;2058
2015;2048;2063
2017;1986;2053
2016;2033;2033
2015;2059;2049
2017;2059;2431
2016;2057;2165
2016;2052;1969
2015;2041;1941
2013;2048;2071
2015;2048;2076
2017;2048;2071
2041;2113;2109
2011;2059;2079
2019;2031;2036
2018;2013;2295
2015;2032;2095
2018;2031;1945
2017;2028;1931
2025;2048;2048
2018;2037;2048
2016;2048;2065
2015;1982;2017
2018;2031;2007
2015;2048;2107
2014;2074;2417
2015;2058;2101
2015;2051;2061
2016;2048;1955
2017;2048;2050
2017;2048;2048
2018;2048;2050
2013;2109;2096
2015;2060;2053
2019;2036;2076
2015;2014;2384
2019;2032;2049
2019;2030;2068
2015;2038;1940
2017;2048;2039
2016;2048;2048
2015;2034;2039
2019;1983;1970
2013;2023;2023
2017;2048;2089
2018;2060;2380
2019;2048;2101
2015;2053;2031
2016;2049;1912
2015;2056;2059
2014;2048;2060
2016;2048;2050
2013;2117;2031
2015;2063;2037
2015;2031;2078
2015;2011;2359
2016;2031;2126
2015;2036;1990
2017;2038;1942
2017;2039;2025
2017;2038;2050
2018;2048;2048
2018;1971;1967
2015;2025;2006
2017;2054;2050
2014;2061;2419
2015;2055;2098
2015;2054;2020
2015;2049;1894
2015;2048;2057
2015;2039;2061
2015;2048;2063
2013;2118;2103
2015;2066;2055
2018;2034;2039
2018;2006;2425
2015;2030;2101
2021;2048;2048
2016;2048;1897
2017;2040;2027
2017;2048;2035
2015;2028;2048
2022;1983;1959
2015;2024;2077
2019;2040;2048
2016;2071;2380
2015;2055;2086
2018;2054;1981
2015;2039;1931
2016;2048;2054
2016;2048;2051
2020;2048;2048
2014;2120;2106
2015;2068;2111
2007;2058;2132
2015;2019;2435
2020;2039;2108
2015;2035;2123
2015;2048;1911
2016;2035;2038
2019;2048;2052
2018;2034;2048
2015;1982;1975
2017;2021;2033
2021;2029;2039
2014;2061;2454
2020;2056;2135
2017;2055;1979
2015;2048;1905
2015;2048;2067
2014;2048;2076
2016;2048;2061
2013;2123;2089
2016;2070;2133
2017;2055;2101
2014;2020;2420
2018;2033;2162
2017;2038;2048
2015;2027;1897
2016;2009;2065
2017;2048;2064
2016;2041;2053
2019;1973;1945
2019;2019;1995
2017;2032;2027
2019;2071;2477
2019;2054;2110
2019;2041;2089
2015;2048;1854
2015;2048;2050
2017;2048;2073
2018;2048;2061
2013;2122;2140
2015;2067;2169
2015;2057;2059
2017;2025;2515
2016;2034;2095
2015;2035;2152
2016;2048;1879
2018;2035;2048
2013;2048;2050
2015;2048;2048
2017;1975;2002
2019;2027;2037
2018;2021;2031
2014;2071;2508
2015;2049;2025
2016;2048;1999
2016;2048;1882
2015;2048;2058
2018;2048;2060
2015;2037;2053
2013;2125;2048
2015;2065;2021
2017;2065;2155
2017;2027;2418
2015;2027;2159
2018;2031;2184
2009;2048;1874
2018;2039;2051
2020;2033;2063
2016;2048;2055
2019;1981;2048
2019;2023;1993
2020;2025;1991
2018;2077;2441
2017;2048;2041
2020;2052;2064
2018;2048;1854
2019;2048;2053
2018;2048;2058
2020;2048;2065
2030;2117;2131
2015;2068;2079
2017;2062;2070
2017;2029;2434
2019;2033;2126
2019;2041;2097
2023;2048;1782
2019;2026;2050
2022;2039;2063
2018;2048;2062
2019;1986;2000
2021;2017;2022
2020;2028;2019
2021;2061;2270
2019;2051;2104
2020;2048;2120
2023;2048;1861
2019;2051;2048
2020;2048;2077
2017;2039;2067
2019;2119;2052
2018;2064;2111
2020;2059;2060
2039;2037;2321
2021;2027;2184
2022;2040;2065
2021;2039;1762
2019;2028;2035
2021;2039;2048
2023;2039;2055
2024;1981;2007
2023;2015;2058
2021;2026;1961
2018;2067;2384
2021;2066;2196
2019;2048;2071
2022;2040;1815
2022;2049;2058
2014;2049;2055
2021;2048;2054
2021;2117;2075
2023;2067;2067
2023;2065;2099
2021;2041;2323
2020;2027;2241
2029;2039;2059
2023;2040;1725
2024;2034;2048
2024;2038;2048
2023;2048;2048
2023;1979;2002
2025;2026;1992
2026;2023;1983
2027;2048;2190
2026;2063;2157
2021;2053;2101
2023;2039;1781
2021;2048;2048
2023;2049;2055
2022;2048;2063
2022;2108;2028
2022;2066;2062
2022;2055;2064
2023;2048;2262
2025;2023;2070
2023;2034;2148
2023;2035;1749
2025;2038;2034
2025;2048;2050
2024;2037;2051
2025;1981;2015
2024;2018;2007
2025;2038;2062
2023;2048;2067
2027;2052;2142
2023;2049;2009
2026;2049;1720
2025;2051;2033
2024;2041;2048
2023;2048;2059
2025;2115;2038
2025;2057;2052
2023;2054;2058
2021;2050;2232
2027;2033;2179
2023;2048;2021
2025;2033;1749
2025;2037;2031
2023;2040;2033
2027;2038;2048
2027;1989;2037
2026;2017;2006
2023;2037;1997
2022;2039;2055
2026;2062;2120
2025;2051;2050
2027;2048;1725
2027;2048;2022
2027;2048;2035
2025;2048;2048
2025;2114;2085
2027;2057;2007
2023;2052;2090
2031;2053;2156
2026;2018;2144
2025;2036;2029
2026;2038;1692
2028;2048;2026
2027;2037;2048
2026;2041;2033
2025;1994;2005
2065;2026;2026
2029;2029;1987
2027;2023;2063
2028;2058;2125
2027;2056;2118
2027;2048;1710
2029;2049;2009
2027;2048;2037
2027;2048;2041
2025;2107;2035
2025;2059;2063
2026;2057;2051
2023;2056;2050
2025;2025;2153
2028;2037;2112
2027;2030;1640
2027;2041;2035
2027;2048;2048
2028;2048;2048
2031;1992;1993
2031;2027;2040
2027;2037;2000
2026;2033;1958
2029;2063;2149
2029;2054;2048
2029;2037;1667
2030;2053;2030
2027;2048;2039
2027;2039;2039
2026;2099;2010
2029;2059;2051
2024;2050;2071
2029;2048;2107
2029;2015;2138
2028;2033;1967
2029;2029;1636
2027;2040;2007
2029;2048;2048
2028;2031;2028
2030;2003;1993
2030;2015;2017
2025;2036;2000
2030;2031;1961
2029;2068;2160
2027;2048;1957
2029;2048;1641
2029;2048;2015
2030;2048;2036
2029;2048;2035
2027;2094;2088
2029;2058;2062
2030;2029;2002
2027;2050;2034
2030;2019;2162
2031;2035;2019
2029;2013;1650
2028;2048;2029
2041;2048;2035
2031;2037;2028
2030;2013;2040
2028;2022;1978
2029;2048;2073
2041;2027;1987
2028;2062;2114
2030;2049;2026
2030;2048;1627
2029;2048;2023
2031;2048;2053
2031;2048;2053
2026;2075;2034
2027;2061;2035
2030;2037;2029
2028;2059;2113
2029;2019;2158
2028;2048;2013
2031;2021;1615
2027;2037;2021
2038;2048;2033
2030;2038;2037
2031;2030;2027
2030;2019;2078
2028;2039;2020
2032;2031;2019
2029;2066;2136
2028;2048;2027
2033;2048;1642
2031;2048;1999
2031;2048;2027
2029;2048;2033
2027;2087;1993
2029;2065;2063
2029;2037;2026
2029;2055;2048
2031;2015;2227
2030;2037;2065
2031;2023;1542
2029;2037;2002
2033;2039;2037
2031;2048;2048
2031;2032;2103
2033;2024;2070
2034;2038;2017
2031;2027;1965
2029;2069;2317
2031;2051;2108
2032;2048;1674
2031;2048;2033
2031;2035;2041
2031;2048;2048
2029;2048;2005
2030;2064;2048
2030;2035;2015
2031;2052;2065
2034;2011;2271
2031;2031;2061
2031;2017;1591
2031;2048;2018
2031;2039;2055
2031;2037;2057
2031;2036;2095
2035;2023;2127
2033;2038;2117
2031;2033;2011
2031;2067;2097
2035;2048;2094
2031;2048;1610
2030;2048;2027
2031;2040;2048
2035;2049;2057
2034;2048;2069
2031;2059;2031
2031;2037;2030
2031;2048;2085
2034;2014;2190
2029;1792;2137
2031;2019;1604
2028;2033;2007
2031;2048;2049
2031;2050;2057
2048;2035;2048
2031;2017;2071
2027;2048;2087
2033;2048;2095
2031;2074;2223
2031;2053;2117
2031;2049;1693
2031;2048;2048
2034;2050;2073
2039;2048;2060
2032;2048;2055
2031;2070;2048
2033;2037;2048
2017;2048;2051
2028;2011;2123
2030;2033;2140
2029;2019;1765
2035;2041;2022
2034;2039;2074
2033;2036;2071
2035;2048;2082
2034;2022;1977
2034;2041;2048
2035;2048;2053
2035;2062;2255
2036;2053;2123
2031;2056;1757
2034;2048;2010
2031;2011;2059
2033;2048;2074
2033;2048;2053
2033;2068;2058
2031;2048;2111
2033;2048;2035
2038;2012;2228
2031;2033;2088
2036;2015;2018
2035;2048;2021
2032;1792;2052
2034;2039;2051
2031;2037;2050
2033;2011;2077
2035;2048;2069
2031;2048;2048
2034;2059;2291
2035;2049;2151
2033;2057;1955
2035;2048;2018
2035;2048;2068
2035;2048;2065
2035;2048;2059
2030;2069;2035
2033;2048;2013
2031;2036;2070
2035;2008;2183
2031;2031;2093
2036;2022;1965
2035;2048;1999
2035;2048;2064
2036;2039;2065
2036;2038;2059
2035;2011;2025
2037;2040;2092
2036;2056;2086
2034;2059;2188
2035;2051;2093
2035;2058;1994
2034;2048;1992
2033;2048;2031
2032;2048;2035
2036;2048;2039
2035;2077;2091
2031;2050;2001
2035;2026;2086
2033;2011;2200
2037;2035;2097
2035;2029;2066
2035;2048;1985
2035;2048;2048
2034;2041;1792
2037;2040;2031
2036;2011;2030
2035;2040;2061
2037;2060;2055
2033;2060;2140
2033;2054;2115
2035;2064;2122
2034;2048;2006
2035;2048;2056
2034;2048;2041
2034;2048;2048
2037;2084;2123
2033;2050;2031
2031;2025;2048
2037;2013;2247
2035;2030;2030
2034;2034;2048
2035;2039;1983
2035;2048;2037
2034;2036;2052
2037;2038;2050
2037;2007;2025
2036;2023;2072
2036;2060;2080
2034;2064;2397
2037;2054;2149
2033;2055;2048
2036;2048;1981
2037;2048;2062
2036;2063;2048
2036;2048;2037
2036;2071;2033
2035;2049;2021
2033;2048;2013
2029;2012;2308
2035;2029;2149
2036;2031;2048
2038;2048;1943
2036;2048;2027
2033;2048;2033
2034;2037;2031
2037;1997;1991
2037;2033;2027
2035;2063;2087
2035;2060;2298
2038;2049;2017
2035;2048;2129
2035;2048;1976
2034;2048;2011
2026;2048;2048
2034;2048;2030
2035;2085;2021
2034;2051;2095
2037;2019;1998
2035;2015;2384
2038;2027;2050
2036;2034;2025
2035;2039;1971
2038;2048;2030
2036;2038;2039
2038;2048;2039
2039;2006;1993
2035;2025;2069
2036;2059;2069
2034;2061;2397
2039;2055;2050
2037;2054;2071
2037;2048;1949
2037;2039;2048
2039;2029;2053
2037;2048;2051
2039;2092;2048
2035;2054;2059
2037;2029;2059
2037;2015;2281
2037;2033;2097
2041;2031;2063
2037;2039;1948
2048;2048;2033
2035;2048;2030
2037;2048;2041
2037;1994;2022
2036;2031;2075
2038;2053;2082
2037;2062;2358
2037;2050;2157
2036;2048;2114
2037;2048;1946
2035;2048;2049
2036;2049;2041
2038;2051;2048
2033;2097;2031
2035;2086;2050
2035;2035;2029
2035;2016;2419
2036;2031;2168
2039;2039;2201
2037;2039;1938
2035;2048;2031
2038;2048;2048
2036;2036;2034
2036;1997;1939
2036;2031;2048
2036;2057;2079
2039;2057;2336
2031;2051;2119
2034;2052;2052
2036;2048;1955
2036;2048;2061
2038;2039;2052
2037;2048;2052
2033;2099;2116
2036;2058;2050
2038;2048;2059
2037;2015;2289
2035;2034;2131
2036;2031;2175
2037;2048;1930
2035;2035;2039
2037;2035;2038
2036;2038;2058
2038;1993;2019
2037;2028;2049
2036;2049;2111
2038;2063;2389
2034;2049;2025
2037;2057;2117
2037;2048;1945
2035;2048;2034
2036;2048;2039
2037;2040;2048
2036;2094;2032
2039;2063;2105
2038;2037;2022
2035;2013;2351
2039;2030;2083
2037;2039;2078
2037;2048;1913
2036;2048;2017
2037;2048;2018
2038;2049;2030
2039;1982;1961
2037;2029;2048
2037;2049;2070
2035;2066;2378
2039;2051;2080
2038;2051;2078
2036;2048;1918
2036;2048;2058
2037;2049;2056
2037;2048;2038
2035;2109;2110
2037;2067;2095
2035;2040;2036
2034;2014;2463
2034;2029;2165
2035;2036;2189
2037;2037;1920
2035;2040;2034
2039;2048;2048
2038;2048;2039
2036;1982;1953
2037;2027;2001
2035;2039;2059
2036;2063;2377
2034;2048;2041
2038;2038;2031
2039;2048;1916
2037;2048;2048
2039;2048;2054
2039;2048;2049
2035;2106;2057
2039;2066;2061
2038;2052;2091
2038;2020;2397
2035;2031;2200
2039;2027;2050
2039;2039;1919
2037;2060;2048
2038;2048;2050
2038;2039;2051
2038;1986;2007
2037;2022;1997
2036;2029;2037
2048;2065;2438
2037;2049;2048
2048;2048;2049
2036;2048;1923
2038;2049;2071
2048;2040;2068
2038;2048;2073
2036;2110;2059
2037;2065;2143
2036;2054;2051
2036;2026;2519
2038;2031;2116
2036;2035;2049
2037;2038;1875
2035;2039;2031
2036;2048;2039
2038;2048;2048
2041;1987;1958
2037;2023;1982
2038;2036;2025
2048;2065;2392
2037;2050;2117
2038;2055;2100
2038;2048;1896
2048;2048;2038
2038;2048;2049
2039;2048;2041
2031;2112;2051
2048;2063;2113
2037;2054;2048
2041;2026;2432
2038;2033;2107
2037;2037;2090
2038;2035;1863
2039;2037;2031
2038;2040;2048
2038;2041;2040
2039;1983;1942
2038;2021;2017
2037;2030;2048
2039;2069;2445
2037;2053;2014
2037;2051;2102
2041;2039;1831
2037;2048;2053
2036;2040;2037
2036;2048;2053
2036;2076;2054
2040;2064;2100
2037;2064;2068
2034;2024;2541
2048;2030;2122
2041;2037;2035
2036;2038;1807
2036;2034;2027
2038;2048;2053
2039;2037;2048
2040;1981;1949
2040;2030;1973
2039;2027;1991
2029;2065;2470
2036;2054;2171
2048;2050;2034
2034;2048;1801
2037;2048;2058
2039;2048;2065
2038;2048;2071
2039;2107;2077
2035;2061;2123
2037;2065;2110
2033;2048;2304
2039;2027;2103
2048;2039;2063
2038;2039;1839
2038;2039;2048
2039;2039;2061
2037;2048;2066
2039;1985;1961
2040;2022;1993
2039;2027;2006
2037;2059;2324
2034;2054;2107
2039;2049;1993
2037;2048;1805
2039;2048;2048
2039;2048;2054
2039;2048;2050
2037;2113;2100
2036;2064;2056
2037;2062;2097
2048;2048;2305
2037;2025;2126
2037;2031;1984
2034;2034;1859
2040;2035;2063
2035;2040;2057
2038;2048;2050
2039;1999;1981
2041;2024;1990
2048;2034;2006
2048;2053;2301
2039;2058;2170
2037;2048;1973
2039;2048;1816
2037;2049;2059
2039;2048;2058
2038;2048;2066
2037;2105;2085
2039;2063;2097
2038;2050;2048
2037;2048;2279
2033;2029;2131
2037;2039;2140
2037;2033;1713
2040;2039;2039
2039;2038;2053
2037;2040;2048
2039;1986;2009
2041;2022;1997
2039;2028;2050
2038;2052;2267
2038;2057;2087
2040;2050;2061
2036;2048;1737
2039;2048;2025
2038;2048;2048
2039;2048;2048
2037;2089;2001
2038;2060;2067
2039;2058;2019
2048;2049;2243
2048;2025;2188
2038;2039;2055
2039;2037;1708
2039;2038;2036
2048;2048;2048
2039;2041;2041
2039;1993;2011
2039;2025;2031
2040;2032;1989
2039;2039;2060
2037;2057;2117
2038;2051;2065
2039;2039;1753
2037;2048;2029
2039;2048;2048
2039;2048;2058
2037;2103;2060
2039;2066;2035
2039;2056;2055
2037;2053;2204
2038;2018;2161
2038;2039;2107
2040;2048;1596
2037;2039;2004
2037;2037;2031
2037;2038;2032
2039;1998;1998
2039;2015;1989
2039;2035;2005
2038;2031;2023
2038;2061;2094
2041;2052;2135
2048;2048;1763
2038;2048;2026
2039;2039;2030
2040;2048;2050
2036;2095;2048
2038;2057;2048
2038;2048;2086
2037;2054;2111
2048;2027;2131
2048;2034;2035
2048;2029;1653
2038;2048;2036
2038;2039;2048
2039;2041;2048
2048;1996;1973
2040;2025;1973
2048;2075;2048
2039;2034;2019
2048;2059;2146
2041;2048;2101
2038;2048;1743
2048;2048;2048
2039;2048;2071
2039;2048;2062
2037;2091;2087
2034;2053;2075
2039;2040;2088
2040;2056;2077
2040;2017;2217
2039;2037;2106
2039;2026;1586
2038;2039;2029
2048;2035;2049
2039;2039;2053
2048;2010;2063
2041;2025;2038
2041;2034;2115
2048;2026;1986
2048;2061;2179
2038;2050;2067
2039;2038;1669
2048;2048;2036
2037;2048;2058
2037;2048;2061
2039;2083;2032
2037;2058;2065
2038;2048;2081
2038;2057;2153
2038;2017;2141
2037;2036;2143
2035;2026;1623
2041;2031;2049
2037;2049;2066
2039;2037;2075
2048;2023;2076
2037;2022;2071
2039;2037;2058
2041;2029;2004
2038;2058;2169
2037;2048;2011
2038;2048;1571
2048;2048;2025
2038;2048;2057
2034;2048;2075
2038;2077;2004
2039;2062;2101
2037;2048;2109
2048;2057;2100
2048;2019;2281
2037;2033;2174
2040;2026;1599
2038;2039;2015
2039;2038;2037
2039;2039;2048
2040;2029;2039
2048;2020;2057
2040;2048;2066
2040;2027;1989
2041;2067;2165
2036;2040;2057
2040;2048;1709
2038;2048;2038
2038;2048;2057
2037;2039;2054
2035;2063;2035
2039;2059;2071
2039;2028;2050
2039;2051;2067
2039;2011;2048
2041;2039;2048
2039;2023;1521
2038;2048;2014
2039;2033;2048
2039;2036;2056
2038;2038;2057
2036;2023;2031
2041;2041;2115
2048;2029;1989
2039;2059;2135
2038;2056;2089
2039;2049;1507
2038;2050;1996
2039;2038;2035
2039;2040;2037
2037;2056;1963
2038;2067;2017
2039;2040;2102
2039;2049;2030
2048;2013;2223
2048;2039;2103
2039;2018;1614
2037;2048;1996
2040;2039;2023
2039;2039;2048
2038;2039;2093
2048;2019;2005
2038;2048;2052
2048;2037;1993
2048;2066;2212
2037;2049;2035
2037;2050;1609
2038;2048;2022
2038;2048;2048
2039;2048;2048
2039;2048;2035
2038;2064;2056
2039;2048;2053
2038;2052;2037
2048;2011;2121
2037;2027;1992
