2039;2052;2005
2037;2048;2013
2038;2048;1995
2038;2041;2007
2037;2048;2026
2036;2038;2015
2037;2048;2005
2035;2035;2084
2036;2048;1996
2038;2036;2019
2036;2037;2037
2029;2041;2020
2037;2037;2022
2034;2041;2062
2036;2037;2033
2034;2048;2007
2035;2038;2051
2033;2048;2015
2035;2039;2095
2033;2048;2053
2034;2040;2079
2034;2042;2060
2035;2048;2085
2034;2039;2036
2031;2048;2034
2034;2037;2048
2035;2038;2075
2033;2029;2073
2035;2048;2025
2035;2034;2074
2034;2048;2066
2034;2038;2096
2032;2048;2100
2031;2048;2126
2032;2036;2055
2031;2048;2075
2048;2034;2041
2031;2048;2058
2030;2037;2019
2035;2048;2026
2031;2039;2085
2034;2039;2048
2031;2048;2030
2033;2048;2024
2034;2048;2090
2033;2039;2037
2034;2048;2107
2035;2048;2017
2033;2048;2037
2036;2032;2075
2033;2048;2062
2034;2048;2048
2031;2035;2055
2031;2039;2028
2033;2037;2113
2035;2048;2026
2033;2038;2100
2032;2049;2127
2031;2048;1995
2034;2048;2095
2033;2041;2031
2033;2039;2048
2031;2048;2048
2038;2035;2058
2034;2048;2041
2035;2037;2111
2033;2048;2077
2033;2034;2143
2032;2038;2010
2035;2035;2035
2035;2048;2117
2032;2048;2095
2031;2039;2095
2034;2040;2014
2034;2037;2061
2034;2048;2006
2035;2048;2057
2033;2050;1961
2033;2041;2119
2035;2048;2048
2035;2041;2082
2033;2039;2033
2034;2048;2014
2035;2048;2048
2034;2048;2007
2033;2037;2085
2031;2048;2079
2032;2034;1875
2031;2048;2048
2033;2031;2075
2035;2048;2077
2033;2048;2035
2034;2037;2102
2033;2039;2037
2034;2036;2053
2034;2050;2108
2034;2048;2048
2035;2052;2049
2035;2048;2075
2035;2048;2048
2034;2039;2082
2033;2041;2031
2033;2048;2062
2033;2040;2110
2031;2051;2019
2035;2034;2063
2034;2037;2048
2035;2028;2106
2033;2038;2039
2033;2039;2091
2033;2038;2053
2034;2048;2060
2035;2033;2067
2033;2040;2007
2031;2031;2007
2034;2048;1995
2037;2050;2083
2031;2049;1975
2034;2048;2065
2034;2048;2027
2035;2039;2065
2031;2048;2027
2033;2037;2062
2035;2048;2048
2033;2060;2002
2034;2035;2102
2035;2036;2075
2032;2033;2063
2034;2038;2070
2035;2039;2059
2035;2048;2052
2031;2041;2034
2031;1792;2103
2036;2030;2069
2036;2034;2037
2033;2048;2084
2034;2048;2015
2033;2049;2080
2035;2048;2013
2031;2048;2010
2029;2039;2088
2034;2048;2092
2035;2048;2048
2035;2048;2094
2034;2052;2068
2035;2040;2062
2031;2031;2048
2035;2033;2057
2033;2048;2083
2033;2038;2075
2034;2042;2055
2034;2048;2048
2035;2039;2050
2031;2038;2065
2033;2030;2069
2034;2048;2108
2034;2050;2083
2033;2048;2074
2036;2036;2018
2033;2048;2126
2034;2040;2099
2031;2033;2123
2037;2039;2007
2034;2038;2026
2033;2054;2015
2034;2037;2097
2031;2034;2090
2035;2035;2012
2031;2147;1942
2033;2048;2091
2035;2039;2056
2035;2048;2053
2037;2048;2048
2037;2051;2066
2036;2048;2054
2037;2048;2038
2036;2056;2048
2038;2050;2018
2038;2048;2003
2038;2050;2053
2038;2050;2052
2037;2048;2028
2039;2048;2056
2039;2048;2026
2037;2061;2016
2039;2053;2055
2038;2048;2048
2033;2037;2091
2038;2049;2164
2039;2048;2036
2040;2042;2011
2039;2048;2015
2038;2048;2023
2038;2048;2011
2041;2031;2056
2038;2048;2031
2040;2051;1997
2041;2053;1952
2004;2048;2067
2039;2048;2089
2036;2048;2026
2048;2048;2048
2039;2048;2004
2039;2048;2003
2039;2057;2013
2037;2050;1997
2039;2048;2036
2037;2034;1994
2039;2048;2010
2037;2048;2054
2039;2048;2025
2039;2048;2007
2048;2048;2011
2037;2048;2028
2040;2029;2048
2039;2048;2013
2039;2051;2013
2039;2051;2027
2048;2048;2039
2038;2048;2027
2039;2048;2014
2039;2048;2018
2039;2048;2027
2039;2048;2037
2041;2060;1967
2039;2048;2048
2037;2048;2034
2042;2035;2001
2039;2048;2113
2038;2048;2080
2039;2042;1995
2039;2048;2048
2039;2063;2041
2038;2049;2037
2039;2034;2019
2039;2048;2039
2037;2048;2023
2036;2052;2028
2038;2048;2002
2038;2048;2058
2039;2048;2035
2038;2048;2038
2035;2033;2003
2048;2040;2026
2036;2057;2068
2039;2038;2034
2037;2048;2112
2040;2048;2098
2039;2041;2091
2039;2048;2001
2038;2048;2054
2038;2048;2029
2038;2048;2057
2038;2048;2033
2038;2037;2076
2072;2048;2034
2040;2048;2011
2037;2053;2083
2037;2048;2079
2038;2049;2059
2037;2048;2051
2037;2048;2034
2038;2048;2027
2038;2048;1995
2037;2050;1975
2038;2048;2057
2038;2053;2024
2037;2041;2030
2038;2048;2068
2036;2048;2028
2037;2048;2048
2037;2048;2101
2039;2075;2037
2039;2048;2026
2038;2034;2091
2036;2048;2013
2038;2048;2050
2039;2053;2083
2037;2048;2006
2039;2048;2033
2038;2048;2039
2037;2048;2022
2039;2050;2098
2037;2048;2011
2031;2054;2029
2037;2051;2005
2036;2048;1989
2037;2048;2107
2037;2048;2106
2038;2048;2125
2038;2048;2067
2039;2048;2077
2038;2041;2048
2039;2048;2077
2037;2037;2062
2037;2048;2054
2037;2048;2111
2037;2053;2038
2037;2048;2095
2037;2048;2024
2035;2048;2030
2037;2048;2085
2036;2048;2066
2037;2048;2057
2038;2052;2071
2036;2048;2024
2038;2048;2027
2038;2048;2034
2036;2039;2013
2038;2048;1987
2037;2048;2056
2039;2041;2057
2038;2048;2055
2037;2048;2094
2040;2040;2105
2037;2040;2115
2037;2048;2103
2038;2049;2030
2038;2048;2109
2036;2048;2068
2038;2032;2067
2040;2048;2111
2036;2050;2041
2037;2048;2079
2038;2048;2069
2038;2048;2107
2036;2048;2030
2037;2048;2039
2037;2041;2078
2032;2048;2031
2036;2048;2069
2036;2039;2041
2037;2048;2055
2036;2048;2038
2033;2037;2050
2034;2037;2048
2035;2048;2048
2038;2051;2110
2035;2048;2118
2035;2048;2026
2035;2048;2051
2036;2042;2039
2036;2048;2004
2037;2048;2054
2035;2048;2027
2032;2048;2014
2036;2048;2088
2037;2048;2027
2035;2048;2031
2036;2048;2039
2048;2048;2065
2048;2048;2052
2037;2048;2057
2038;2040;2017
2039;2037;2041
2035;2048;2089
2034;2048;2048
2035;2048;2023
2037;2049;2107
2035;2048;2027
2036;2054;2035
2035;2048;2089
2038;2048;2084
2035;2048;2071
2036;2058;2039
2038;2048;2051
2037;2048;2048
2035;2048;2037
2035;2042;2116
2037;2042;2048
2036;2048;2035
2036;2048;2037
2039;2048;2062
2035;2042;2033
2036;2048;2048
2036;2048;2048
2036;2028;2030
2036;2036;2069
2033;2048;2016
2040;2039;2024
2035;2048;2002
2037;2048;2031
2037;2048;2048
2036;2048;2048
2037;2048;2048
2036;2048;2107
2037;2048;2039
2037;2048;2023
2035;2039;2027
2036;2048;2080
2036;2048;2012
2036;2048;2048
2038;2048;1995
2037;2037;2025
2037;2041;2017
2036;2048;2002
2036;2048;2027
2037;2041;2050
2037;2049;2036
2035;2048;1991
2036;2048;2017
2035;2048;2003
2036;2048;2012
2036;2048;2003
2037;2048;2036
2035;2048;2069
2035;2048;2072
2038;2049;2027
2035;2037;1991
2037;2048;1983
2038;2035;2007
2038;2048;2006
2036;2048;1994
2035;2048;1999
2036;2048;1993
2038;2048;2022
2037;2048;2042
2037;2048;2012
2038;2052;2013
2037;2042;2052
2039;2048;2029
2036;2048;2021
2035;2048;2001
2035;2048;2015
2034;2048;2016
2042;2048;2030
2036;2048;2041
2036;2048;2007
2037;2037;2020
2035;2048;2011
2048;2039;2039
2035;2041;2028
2037;2048;2055
2036;2048;2023
2035;2048;2052
2037;2040;2021
2037;2048;1995
2036;2039;2039
2035;2053;2023
2035;2048;2001
2038;2048;2004
2037;2048;2078
2036;2040;2081
2036;2048;2075
2037;2055;2048
2037;2055;2031
2035;2033;2052
2037;2048;2048
2036;2034;2007
2035;2048;2048
2036;2048;2020
2037;2048;2054
2031;2048;2030
2035;2040;2051
2035;2048;2085
2035;2048;2048
2035;2048;1993
2036;2048;2069
2036;2048;2000
2035;2048;2039
2035;2048;2028
2035;2048;2025
2035;2048;2054
2034;2048;1999
2036;2048;2048
2036;2049;2056
2036;2039;2061
2023;2048;2054
2038;2048;2020
2034;2039;2025
2036;2038;2048
2035;2052;2035
2037;2048;2031
2033;2048;2062
2034;2048;2016
2035;2039;2059
2037;2048;2033
2033;2048;2023
2037;2050;2091
2035;2048;2106
2035;2050;2088
2035;2048;2048
2035;2048;2036
2036;2048;2013
2036;2048;2053
2035;2049;2058
2035;2036;2049
2035;2039;2035
2036;2031;2025
2033;2048;2059
2031;2040;2048
2036;2048;2084
2036;2048;2050
2033;2048;2011
2035;2048;2053
2035;2035;2031
2029;2048;2035
2034;2048;2083
2032;2048;1980
2035;2048;2015
2039;2048;2036
2033;2037;2081
2034;2048;2115
2034;2030;2090
2035;2048;2033
2031;2049;2053
2033;2037;2098
2034;2034;2000
2034;2031;2057
2033;2037;2039
2035;2036;2048
2033;2034;2053
2033;2048;2051
2034;2039;2037
2032;2039;2061
2034;2037;2074
2033;2048;2085
2032;2048;2026
2033;2048;2026
2034;2041;2017
2034;2048;2027
2033;2048;2017
2034;2037;2089
2034;2041;2029
2034;2048;2015
2034;2063;2139
2034;2037;2134
2033;2033;2096
2033;2038;2048
2031;2041;2013
2035;2039;2033
2034;2024;2038
2031;2048;2063
2031;2048;2071
2034;2037;2057
2033;2030;2064
2033;2040;2065
2034;2049;2052
2031;2063;2075
2033;2048;2029
2035;2048;2048
2031;2048;2036
2031;2048;2074
2034;2040;2018
2035;2041;2048
2033;2055;1977
2031;2048;2069
2034;2035;2048
2022;2040;2081
2033;2036;1992
2031;2036;2009
2034;2039;2033
2033;2048;2071
2034;2048;2036
2033;2039;2085
2034;2034;2021
2031;2048;1998
2032;2048;2028
2032;2049;2008
2031;2048;2076
2030;2048;2048
2034;2048;2015
2034;2041;2021
2033;2039;2103
2040;2048;2069
2035;2053;2022
2033;2048;2097
2033;2039;2082
2034;2039;2048
2033;2038;2001
2035;2048;2039
2033;2048;2055
2032;2041;2031
2034;2048;2037
2034;2048;2031
2033;2033;2031
2034;2048;2079
2033;2048;2049
2034;2048;2067
2033;2048;2075
2031;2048;2048
2031;2040;2048
2033;2041;2039
2035;2039;2079
2033;2048;2048
2034;2053;2063
2033;2048;2021
2035;2037;2060
2035;2036;2065
2034;2039;2022
2034;2041;2025
2035;2049;2048
2034;2048;2012
2033;2048;2048
2033;2048;2039
2034;2031;2039
2034;2048;2006
2034;2048;2053
2035;2048;2055
2034;2040;1994
2038;2048;2030
2032;2048;2126
2035;2048;2067
2055;2048;2059
2031;2048;2067
2033;2051;2033
2034;2048;2019
2034;2048;2124
2034;2035;2030
2034;2037;2039
2034;2041;1985
2033;1792;2089
2035;2048;2130
2034;2039;2009
2037;2048;2040
2035;2029;2048
2035;2039;2075
2034;2048;2052
2033;2056;2005
2033;2038;1997
2033;2048;2073
2033;2048;2039
2035;2048;2050
2034;2048;2071
2023;2048;2058
2035;2052;2041
2039;2048;2092
2035;2039;2055
2034;2037;2078
2033;2048;2048
2034;2048;1997
2034;2038;2031
2033;2048;2069
2035;2038;2101
2033;2048;2048
2031;2018;2089
2034;2048;2029
2035;2048;2097
2031;2048;2070
2026;2048;2065
2035;2048;2015
2034;2048;2026
2035;2048;2048
2034;2048;2071
2035;2048;2080
2033;2052;1999
2036;2048;2107
2035;2048;2049
2035;2035;2012
2036;2048;2102
2035;2048;2049
2034;2048;2061
2033;2039;2053
2034;2027;2012
2031;2048;2072
2034;2034;2081
2035;2048;2052
2034;2039;2101
2035;2048;2065
2035;2048;2031
2036;2048;2021
2033;2048;2105
2035;2048;2050
2033;2048;2089
2040;2019;2027
2036;2049;2031
2041;2048;2048
2035;2048;2088
2035;2036;2048
2036;2039;2003
2034;2041;2029
2034;2048;2063
2032;2035;2071
2035;2048;2106
2035;2048;2096
2035;2038;2089
2033;2038;2026
2035;2040;2072
2035;2048;2031
2032;2048;2048
2033;2048;2037
2033;2039;2076
2034;2048;2048
2035;2049;2113
2040;2048;2080
2031;2048;2021
2034;2048;2025
2036;2054;2071
2034;2039;2030
2034;2048;2013
2034;2049;2029
2035;2041;2034
2036;2048;2048
2034;2048;2070
2036;2048;2085
2036;2040;2086
2034;2048;2057
2035;2048;2069
2034;2050;2033
2034;2048;2020
2035;2048;1999
2034;2048;2040
2036;2050;2057
2035;2048;2034
2036;2048;2027
2034;2048;2055
2033;2048;2005
2035;2048;2041
2036;2037;2114
2036;2048;2066
2023;2048;1983
2035;2048;2007
2036;2041;2026
2035;2048;2019
2035;2048;2030
2035;2042;2021
2034;2039;2025
2035;2048;2048
2035;2048;1979
2034;2048;2036
2036;2048;2039
2036;2048;2067
2035;2048;2025
2036;2048;2031
2031;2048;1999
2036;2048;2015
2048;2048;2025
2036;2048;2039
2036;2048;2016
2036;2048;2049
2035;2048;2034
2034;2048;2048
2035;2039;2035
2035;2048;2048
2033;2048;2039
2037;2048;2049
2034;2048;2023
2035;2041;2021
2035;2048;2053
2035;2056;1999
2035;2041;2029
2035;2048;2036
2035;2048;2049
2035;2048;2014
2036;2048;1997
2035;2048;2027
2037;2048;2014
2036;2048;2020
2034;2041;2053
2034;2048;1991
2036;2059;1995
2036;2048;2029
2034;2048;2029
2036;2048;2016
2036;2048;2013
2033;2048;1998
2034;2048;2007
2036;2048;2036
2036;2048;2024
2035;2051;2050
2035;2041;2024
2036;2048;1995
2034;2051;1985
2035;2050;2033
2036;2048;2025
2035;2048;2033
2035;2048;2035
2034;2048;2068
2035;2048;2048
2035;2037;2048
2034;2048;1997
2035;2048;2013
2035;2039;2038
2037;2041;2015
2036;2048;2048
2035;2048;1991
2036;2048;2054
2035;2048;2010
2035;2039;2052
2035;2048;1964
2036;2040;2034
2035;2030;2025
2031;2048;2020
2034;2048;2013
2035;2048;2017
2037;2048;2036
2036;2048;2039
2036;2041;2082
2035;2048;2005
2033;2037;2048
2035;2048;2048
2031;2048;2034
2035;2048;2053
2034;2049;2027
2035;2039;2021
2036;2041;1996
2036;2048;2034
2034;2048;2037
2034;2039;2048
2035;2048;1970
2034;2048;2085
2036;2048;2058
2034;2048;2024
2035;2048;2027
2037;2048;2033
2034;2048;2024
2029;2048;2025
2033;2048;2020
2035;2048;2010
2038;2039;2022
2038;2053;2048
2036;2041;2041
2028;2048;2048
2035;2039;2055
2034;2048;2037
2037;2039;2037
2034;2048;2033
2037;2048;2034
2036;2036;2030
2035;2048;2017
2035;2048;2048
2037;2051;2019
2048;2048;2085
2035;2048;2061
2035;2048;2071
2036;2048;2067
2037;2048;2067
2037;2048;2051
2034;2048;2006
2035;2038;1999
2037;2048;2053
2034;2039;2030
2035;2048;2039
2036;2050;2029
2035;2048;2077
2037;2048;2074
2035;2039;2049
2035;2048;2033
2035;2040;2039
2036;2049;2091
2036;2048;2054
2036;2050;1993
2036;2049;2048
2037;2048;2013
2036;2048;2015
2037;2048;2061
2036;2048;2018
2036;2041;2048
2035;2048;2008
2037;2041;2031
2036;2048;2012
2035;2048;2005
2037;2039;2021
2036;2048;2025
2036;2039;2053
2037;2048;2038
2036;2048;2015
2034;2048;2048
2035;2048;2039
2035;2048;2034
2035;2048;2063
2037;2049;2013
2039;2048;2057
2035;2048;2048
2035;2048;2007
2038;2048;2063
2035;2051;2030
2035;2039;2050
2039;2048;2013
2038;2037;2063
2039;2048;2048
2037;2041;2048
2036;2048;2048
2037;2048;2034
2039;2048;2027
2036;2048;2059
2036;2041;2049
2035;2048;2011
2035;2048;2061
2036;2050;2051
2038;2050;2002
2035;2049;1989
2035;2048;2038
2034;2048;2066
2039;2048;2099
2037;2048;2055
2037;2048;2055
2034;2053;2075
2036;2039;2038
2037;2051;2011
2034;2048;2037
2036;2048;2031
2035;2048;2048
2036;2048;2028
2036;2048;2048
2021;2055;2102
2037;2041;2048
2034;2039;2048
2037;2050;2012
2037;2050;2014
2037;2048;2066
2037;2048;1992
2036;2048;2041
2037;2048;2069
2034;2048;2048
2035;2048;2025
2036;2050;2035
2037;2048;2023
2036;2039;2056
2039;2039;2048
2035;2048;2013
2037;2048;2038
2039;2048;2062
2028;2048;2014
2033;2048;2034
2037;2048;2055
2037;2039;2091
2037;2048;2036
2037;2048;2037
2035;2048;2062
2034;2048;2035
2035;2048;1995
2035;2048;2058
2034;2048;2049
2037;2048;2087
2037;2048;2039
2034;2050;2015
2036;2056;2095
2036;2048;2025
2037;2038;2022
2034;2041;2109
2037;2039;2087
2037;2048;2067
2035;2048;2050
2037;2048;2048
2035;2048;2041
2035;2039;2103
2037;2048;2048
2036;2048;2048
2036;2050;2060
2035;2048;2021
2037;2048;2094
2037;2048;2024
2035;2053;2026
2036;2048;2029
2037;2049;2094
2037;2052;2037
2037;2050;2105
2037;2048;2090
2036;2037;2059
2036;2048;2014
2037;2048;2074
2037;2048;2051
2037;2048;2036
2037;2048;2052
2037;2048;2080
2036;2039;2037
2036;2048;2109
2035;2049;2021
2035;2041;2016
2035;2048;1997
2036;2048;2125
2037;2048;2039
2035;2048;2053
2038;2048;2075
2036;2048;2055
2034;2053;2023
2035;2048;2116
2036;2038;2058
2035;2037;2063
2037;2048;2090
2037;2048;2037
2037;2048;2062
2037;2048;2035
2037;2048;2053
2036;2048;2031
2037;2029;2052
2036;2048;2072
2035;2048;1989
2037;2048;2038
2036;2048;2056
2037;2048;2069
2036;2048;2097
2037;2039;2084
2036;2048;2048
2037;2048;2049
2038;2055;2011
2037;2048;2071
2037;2041;2053
2035;2038;2063
2035;2048;2003
2037;2048;2107
2036;2040;2063
2036;2048;2052
2048;2048;2035
2035;2048;2072
2037;2034;2106
2037;2048;2097
2036;2048;2038
2037;2048;2015
2035;2048;2023
2037;2048;2024
2038;2048;2041
2037;2048;2053
2036;2048;2099
2037;2048;2093
2037;2052;2048
2037;2049;2048
2035;2049;2094
2037;2041;2023
2036;2048;2039
2038;2048;2085
2036;2048;2067
2050;2048;2048
2037;2048;2031
2036;2048;2083
2037;2036;2067
2036;2038;2031
2034;2048;2034
2037;2053;2155
2035;2048;2039
2036;2048;2048
2036;2048;2048
2036;2050;2048
2041;2038;2055
2026;2048;2049
2037;2052;1994
2037;2048;2075
2037;2048;2065
2037;2039;2072
2037;2048;2060
2036;2048;2097
2036;2048;2034
2035;2048;2022
2038;2048;2025
2037;2048;2031
2036;2036;2052
2036;2048;2055
2037;2048;2015
2038;2050;2007
2036;2048;2099
2038;2048;2037
2037;2048;2049
2037;2065;2048
2034;2048;2034
2037;2048;2015
2036;2051;2010
2035;2048;2034
2037;2048;2038
1792;2039;2025
2039;2048;2015
2037;2048;2054
2039;2048;2037
2037;2048;2039
2037;2048;2012
2036;2048;2027
2038;2039;2057
2038;2048;2002
2037;2048;2005
2037;2064;2059
2039;2048;2063
2037;2048;2071
2035;2048;2035
2035;2048;2065
2036;2048;2033
2035;2048;2048
2037;2048;2021
2038;2050;2033
2037;2048;2003
2036;2048;2070
2038;2048;2082
2036;2041;2017
2036;2048;2013
2031;2048;2038
2037;2048;2027
2037;2041;2039
2038;2041;2056
2038;2048;2029
2037;2048;2023
2036;2050;2056
2038;2048;2063
2038;2048;1986
2035;2048;2011
2037;2048;2034
2035;2048;2023
2035;2048;2055
2036;2048;2020
2037;2049;2048
2037;2048;2285
2037;2048;2049
2037;1792;2009
2037;2048;2039
2039;2048;1999
2037;2048;2057
2037;2048;2012
2036;2048;2014
2038;2039;2109
2035;2048;2027
2037;2048;2051
2037;2049;2065
2038;2041;2007
2037;2048;2048
2036;2049;2015
2037;2048;2015
2036;2048;2081
2037;2048;2051
2037;2048;2062
2035;2050;2021
2035;2048;2105
2037;2048;2075
2019;2048;2071
2037;2048;2033
2041;2048;2048
2037;2048;2098
2037;2048;2028
2037;2048;2083
2036;2037;2095
2037;2048;2053
2038;2048;2048
2036;2050;2041
2039;2048;2015
2038;2048;2014
2037;2039;2082
2037;2050;2061
2034;2048;2035
2038;2049;2048
2039;2048;2048
2037;2048;2058
2040;2048;2031
2037;2048;2030
2039;2048;2004
2037;2049;2078
2038;2048;2040
2038;2048;2039
2036;2048;2048
2039;2048;2020
2037;2048;2083
2037;2048;2011
2036;2048;2028
2038;2048;2100
2036;2048;2017
2036;2037;2042
2037;2048;2061
2037;2048;2021
2037;2048;2031
2037;2048;2031
2037;2048;2015
2037;2050;2023
2026;2048;2039
2038;2048;2061
2039;2048;2080
2037;2048;2059
2038;2053;2023
2041;2048;2048
2036;2048;2051
2038;2041;2037
2038;2048;2053
2038;2048;2041
2038;2048;2005
2037;2048;2034
2039;2048;2019
2041;2048;2014
2036;2048;2037
2037;2049;2036
2037;2048;2031
2037;2048;2017
2037;2048;2025
2038;2048;2017
2038;2033;2031
2037;2049;2048
2037;2036;2039
2039;2048;2011
2036;2063;2021
2039;2048;2022
2039;2048;2048
2039;2048;2028
2038;2048;2048
2036;2048;2005
2037;2048;2021
2037;2048;2012
2040;2051;2010
2037;2048;1982
2037;2048;1986
2038;2048;2048
2036;2048;2048
2035;2048;2036
2037;2048;2048
2037;2048;2028
2036;2049;2023
2039;2048;2014
2037;2048;2048
2039;2039;2061
2039;2048;2011
2037;2048;2019
2037;2048;2020
2037;2048;2048
2037;2048;2048
2039;2048;2019
2037;2048;2087
2038;2035;2036
2038;2048;2015
2038;2048;2074
2038;2067;2037
2036;2048;2009
2039;2048;2048
2038;2048;2019
2037;2048;2012
2038;2048;2021
2038;2042;2076
2039;2048;2023
2037;2040;2039
2037;2048;2015
2036;2048;2006
2038;2048;2066
2039;2048;2036
2039;2048;2031
2038;2048;2052
2033;2048;2025
2037;2048;2059
2038;2040;2048
2037;2048;2076
2037;2048;2070
2039;2048;2051
2037;2048;2052
2035;2048;2048
2048;2048;2048
2037;2048;2065
2037;2048;2022
2038;2048;2057
2037;2048;2049
2039;2042;2015
2039;2048;2104
2037;2041;2036
2038;2048;2029
2037;2048;2052
2037;2051;2034
2038;2048;2048
2037;2048;2101
2039;2048;2057
2038;2039;2091
2037;2048;2058
2037;2048;2030
2037;2048;2062
2037;2048;2111
2037;2048;2011
2037;2049;2052
2037;2048;2048
2038;2048;2049
2038;2040;2114
2038;2048;2026
2039;2041;2069
2037;2048;2099
2037;2039;2059
2037;2048;2048
2038;2048;2059
2036;2048;2048
2021;2048;2071
2038;2048;2026
2038;2048;2031
2039;2039;2012
2037;2048;2039
2051;2048;2033
2038;2050;2042
2037;2049;2061
2037;2048;2053
2037;2048;2038
2037;2048;2051
2038;2050;2039
2039;2048;2052
2039;2048;2013
2037;2048;2066
2037;2048;2048
2038;2048;2035
2039;2048;2031
2037;2048;2024
2037;2048;2069
2037;2048;2037
2037;2055;2033
2037;2048;2025
2039;2048;2036
2037;2050;2069
2037;2048;2006
2037;2048;2021
2037;2048;2011
2039;2048;2017
2038;2048;2031
2029;2048;2053
2036;2049;2008
2048;2048;2048
2038;2048;2049
2037;2040;2058
2037;2048;2068
2037;2037;2069
2039;2048;2029
2039;2048;2011
2039;2048;2029
2039;2048;2036
2038;2038;2066
2039;2048;1999
2038;2048;2066
2037;2048;1998
2035;2048;2023
2039;2051;2051
2038;2048;2057
2037;2048;2023
2037;2048;2027
2037;2048;2035
2039;2050;2005
2038;2056;2017
2037;2048;2022
2037;2041;2085
2038;2048;2019
2039;2048;2031
2037;2048;2061
2037;2048;2028
2036;2048;2035
2037;2048;2035
2035;2038;2011
2037;2048;2026
2036;2048;2037
2037;2048;1977
2038;2040;2015
2037;2048;2004
2037;2048;2024
2038;2048;2048
2041;2050;2026
2038;2048;2033
2037;2050;2063
2037;2048;2032
2042;2040;2066
2036;2039;2048
2037;2056;2011
2037;2040;2048
2037;2048;2011
2037;2048;2005
2038;2050;2052
2035;2048;2048
2039;2040;2023
2039;2048;2021
2035;2048;2018
2037;2048;2076
2037;2048;2017
2037;2051;2026
2037;2048;2034
2037;2048;2039
2036;2048;2021
2036;2048;2024
2048;2051;2024
2038;2048;2006
2039;2041;2048
2039;2048;2048
2038;2048;2016
2039;2048;2001
2038;2048;2019
2038;2048;2015
2037;2048;2002
2035;2048;2034
2038;2038;2010
2036;2048;2014
2037;2048;1991
2036;2048;2025
2036;2048;2036
2040;2048;2006
2037;2048;2030
2037;2048;2034
2036;2048;2059
2037;2048;2006
2037;2053;1995
2048;2048;2031
2041;2041;2015
2038;2040;2053
2038;2040;2022
2038;2048;2011
2039;2048;2050
2034;2048;2036
2037;2048;2029
2037;2048;2011
2036;2037;2049
2038;2048;2010
2036;2048;2003
2039;2048;2007
2037;2048;2007
2038;2048;2064
2037;2049;2039
2037;2048;2048
2048;2048;2037
2035;2048;2025
2037;2054;1998
2039;2077;2015
2037;2048;2073
2035;2038;2064
2038;2041;2062
2036;2048;2003
2037;2048;2033
2038;2052;2057
2037;2037;2033
2039;2048;2048
2037;2036;2072
2037;2048;2009
2035;2048;2025
2034;2048;2077
2037;2048;2003
2037;2048;2050
2037;2048;2048
2037;2048;2011
2037;2048;2048
2037;2028;2062
2038;2055;2038
2035;2048;2006
2037;2048;2066
2037;2038;2048
2037;2048;2004
2037;2048;2011
2037;2048;2024
2037;2048;2003
2039;2037;2031
2038;2041;2048
2037;2035;2061
2037;2048;2048
2038;2059;2015
2039;2048;2058
2038;2048;2010
2030;2048;2018
2037;2048;2048
2039;2048;2063
2037;2048;2030
2039;2048;2017
2036;2048;1994
2037;2048;2056
2038;2048;2040
2039;2037;2076
2039;2048;2087
2039;2048;2003
2035;2051;2026
2039;2048;2039
2039;2048;2038
2039;2048;2013
2039;2035;2030
2038;2031;2048
2038;2041;2009
2037;2051;2048
2036;2048;2070
2036;2048;2005
2037;2048;2073
2038;2048;2026
2037;2049;2002
2038;2039;2037
2036;2049;1996
2034;2049;2011
2036;2048;2036
2037;2048;2086
2037;2048;2034
2037;2048;2007
2038;2048;2048
2038;2048;2048
2037;2048;2051
2037;2048;2050
2037;2038;2026
2038;2049;2029
2039;2048;2011
2036;2050;2052
2037;2048;2007
2038;2048;1977
2037;2048;2014
2028;2048;2034
2038;2048;2048
2037;2048;2033
2037;2048;2007
2036;2049;2048
2035;2050;2055
2037;2048;2081
2037;2048;2053
2036;2048;2092
2037;2048;2029
2040;2048;2011
2037;2048;2018
2048;2048;1996
2037;2040;2070
2038;2048;2030
2036;2048;2022
2037;2050;2052
2035;2048;2060
2048;2048;2009
2037;2048;2053
2037;2048;2026
2051;2049;2038
2037;2048;2023
2037;2048;2019
2037;2048;2048
2036;2061;1994
2037;2048;2036
2039;2048;2015
2038;2048;2029
2037;2048;2019
2039;2034;2038
2038;2048;2053
2026;2048;2060
2037;2048;2062
2038;2048;2011
2038;2048;2021
2036;2051;1993
2037;2048;2060
2038;2048;2067
2037;2048;2061
2035;2048;2050
2037;2048;2061
2039;2048;2039
2039;2048;2056
2036;2048;2076
2037;2048;2021
2036;2048;2105
2038;2048;2090
2038;2048;2055
2039;2048;2056
2039;2038;2054
2039;2048;2073
2037;2048;2013
2039;2041;2102
2037;2041;2048
2038;2048;2026
2041;2048;2037
2037;2048;2055
2038;2048;2051
2036;2049;2055
2036;2048;1795
2037;2048;2011
2039;2049;2048
2037;2048;2023
2038;2048;2053
2039;2048;2013
2048;2048;2060
2038;2048;2022
2036;2048;2060
2040;2048;1991
2037;2048;2030
2037;2041;2058
2037;2048;2029
2038;2048;2048
2038;2048;2022
2036;2048;2008
2039;2048;1997
2027;2048;2087
2037;2048;2049
2037;2048;2048
2037;2048;2033
2037;2048;2038
2037;2048;2038
2034;2049;2048
2039;2048;2023
2037;2048;2005
2037;2048;2016
2038;2048;2048
2036;2035;1999
2038;2048;2037
2035;2048;2027
2037;2048;2037
2037;2040;2035
2035;2048;2019
2037;2048;2030
2038;2048;2048
2037;2048;2024
2037;2049;2048
2037;2048;2004
2037;2048;2005
2037;2048;2039
2037;2048;2048
2036;2048;2065
2036;2048;2022
2037;2048;2025
2038;2048;2051
2039;2048;2048
2037;2039;2020
2039;2041;2034
2037;2048;1998
2039;2048;2001
2039;2048;2048
2038;2041;2027
2036;2048;2007
2038;2048;2030
2038;2048;2021
2038;2039;2053
2038;2052;2099
2038;2050;2018
2035;2049;2012
2034;2048;2048
2037;2025;2055
2035;2034;2016
2038;2048;2020
2039;2048;1997
2036;2048;2007
2036;2048;2013
2075;2041;2027
2037;2048;2048
2037;2048;2018
2036;2038;2038
2038;2048;2050
2034;2048;2048
2038;2048;2005
2036;2048;2005
2036;2048;2017
2036;2048;2013
2037;2050;2026
2037;2048;2051
2037;2048;2049
2048;2048;2039
2038;2048;2034
2039;2048;2039
2037;2048;2038
2037;2048;2013
2039;2048;2030
2037;2049;2015
2048;2040;2014
2040;2048;2022
2039;2048;2035
2037;2048;2001
2038;2048;2048
2036;2040;2070
2037;2048;2007
2037;2048;2048
2039;2048;2048
2038;2048;2065
2038;2053;2083
2038;2048;2028
2038;2048;1998
2034;2048;2008
2038;2048;2048
2035;2048;2028
2038;2048;2015
2037;2048;2051
2037;2048;2037
2039;2048;2059
2038;2039;2015
