2039;2042;1167
2038;2039;1168
2039;2048;1172
2039;2048;1175
2038;2041;1175
2039;2048;1174
2039;2048;1173
2037;2048;1175
2039;2048;1169
2039;2048;1172
2039;2048;1172
2039;2048;1167
2040;2048;1170
2039;2048;1170
2038;2048;1173
2039;2048;1167
2039;2041;1175
2035;2039;1171
2038;2037;1167
2038;2048;1170
2036;2048;1167
2038;2048;1169
2038;2048;1168
2038;2048;1170
2037;2048;1162
2039;2048;1171
2038;2048;1174
2039;2048;1176
2039;2048;1171
2038;2048;1172
2039;2041;1169
2039;2048;1168
2039;2048;1173
2039;2048;1167
2037;2040;1167
2039;2040;1165
2039;2048;1168
2038;2040;1167
2039;2039;1169
2039;2040;1166
2037;2048;1169
2049;2048;1166
2038;2048;1166
2039;2039;1172
2039;2048;1169
2038;2048;1168
2037;2048;1167
2037;2048;1171
2035;2048;1170
2037;2041;1171
2037;2041;1168
2038;2048;1169
2048;2048;1166
2038;2048;1166
2039;2048;1170
2040;2048;1167
2038;2040;1170
2038;2048;1165
2039;2037;1164
2039;2041;1166
2038;2048;1165
2039;2048;1167
2036;2048;1170
2039;2048;1167
2038;2048;1166
2037;2048;1167
2038;2048;1165
2039;2048;1165
2039;2048;1167
2038;2048;1166
2038;2041;1171
2038;2048;1165
2038;2048;1170
2039;2048;1166
2038;2048;1158
2037;2039;1168
2038;2039;1167
2039;2038;1161
2037;2037;1161
2039;2039;1162
2039;2048;1166
2038;2048;1165
2048;2040;1167
2039;2048;1170
2039;2048;1166
2037;2048;1171
2036;2048;1167
2039;2048;1167
2048;2048;1162
2038;2048;1167
2034;2041;1166
2040;2040;1166
2039;2048;1162
2037;2048;1165
2040;2048;1166
2036;2041;1170
2039;2039;1168
2037;2038;1166
2038;2039;1164
2038;2039;1162
2039;2048;1165
2040;2048;1161
2037;2026;1165
2039;2048;1165
2040;2048;1166
2039;2048;1167
2040;2048;1170
2040;2048;1173
2038;2048;1169
2039;2048;1172
2038;2040;1173
2039;2036;1166
2039;2048;1165
2039;2048;1166
2038;2039;1165
2037;2039;1171
2039;2039;1169
2035;2039;1165
2039;2048;1167
2036;2048;1172
2037;2048;1163
2037;2048;1173
2048;2048;1170
2039;2048;1167
2039;2048;1167
2039;2048;1164
2039;2048;1169
2039;2048;1170
2048;2048;1173
2039;2048;1170
2038;2038;1171
2038;2039;1168
2038;2040;1171
2038;2048;1171
2039;2041;1170
2038;2048;1161
2039;2048;1168
2039;2048;1162
2038;2038;1168
2038;2038;1167
2039;2048;1174
2039;2048;1174
2040;2048;1168
2037;2048;1171
2037;2041;1170
2036;2048;1169
2041;2048;1170
2040;2048;1173
2038;2048;1169
2037;2048;1172
2038;2048;1169
2039;2039;1171
2040;2048;1170
2039;2048;1175
2036;2048;1172
2039;2048;1170
2038;2048;1172
2048;2040;1169
2038;2048;1170
2038;2039;1169
2037;2036;1167
2038;2048;1169
2038;2048;1167
2038;2048;1170
2038;2048;1171
2039;2048;1175
2039;2048;1173
2037;2048;1172
2039;2048;1169
2037;2048;1172
2037;2048;1175
2038;2042;1172
2041;2048;1171
2039;2048;1168
2039;2048;1169
2039;2048;1171
2039;2048;1173
2038;2040;1170
2039;2048;1173
2048;2048;1172
2039;2048;1170
2041;2041;1170
2039;2048;1171
2036;2048;1170
2039;2048;1170
2040;2048;1169
2038;2048;1171
2039;2048;1175
2039;2048;1170
2037;2048;1176
2037;2048;1177
2039;2048;1175
2039;2048;1172
2036;2048;1171
2038;2048;1175
2039;2048;1184
2039;2039;1173
2039;2039;1167
2038;2030;1169
2038;2039;1170
2037;2048;1170
2039;2048;1174
2039;2048;1174
2037;2048;1175
2039;2048;1174
2037;2048;1173
2039;2048;1175
2038;2048;1171
2038;2048;1175
2040;2041;1172
2038;2048;1173
2039;2041;1175
2038;2048;1175
2038;2042;1175
2041;2048;1176
2040;2048;1178
2038;2037;1173
2038;2048;1173
2039;2048;1167
2037;2048;1172
2040;2040;1167
2038;2041;1165
2039;2048;1171
2048;2048;1171
2038;2048;1175
2037;2048;1176
2039;2048;1176
2039;2048;1181
2037;2048;1177
2038;2041;1174
2038;2048;1174
2039;2039;1174
2039;2048;1173
2039;2048;1171
2037;2048;1174
2048;2048;1173
2037;2048;1172
2037;2041;1171
2041;2048;1175
2038;2048;1171
2039;2041;1174
2039;2048;1173
2038;2048;1167
2040;2048;1170
2039;2040;1173
2039;2041;1172
2038;2048;1173
2038;2048;1176
2039;2048;1173
2038;2048;1176
2037;2048;1174
2048;2048;1177
2048;2048;1177
2037;2048;1176
2038;2048;1173
2040;2048;1174
2039;2039;1171
2039;2048;1172
2037;2039;1168
2039;2048;1169
2039;2040;1176
2039;2048;1173
2037;2048;1171
2038;2048;1171
2038;2048;1174
2037;2048;1171
2039;2048;1173
2038;2048;1173
2039;2048;1170
2037;2048;1171
2039;2048;1175
2039;2048;1171
2038;2048;1175
2038;2039;1175
2039;2048;1173
2037;2048;1170
2039;2048;1171
2039;2041;1171
2038;2040;1167
2037;2042;1165
2038;2048;1167
2038;2039;1168
2039;2041;1168
2039;2048;1174
2039;2040;1171
2038;2048;1172
2037;2048;1172
2037;2048;1174
2039;2041;1170
2037;2048;1173
2038;2048;1171
2048;2038;1166
2039;2048;1165
2039;2048;1169
2039;2048;1171
2038;2048;1170
2038;2039;1172
2039;2048;1167
2039;2048;1167
2038;2048;1167
2039;2037;1160
2038;2039;1167
2039;2041;1164
2039;2048;1167
2039;2048;1169
2039;2048;1167
2041;2039;1169
2039;2048;1176
2037;2048;1173
2039;2048;1171
2039;2036;1169
2039;2041;1162
2038;2040;1165
2038;2031;1163
2039;2048;1165
2040;2048;1165
2039;2048;1167
2037;2039;1167
2040;2048;1165
2039;2048;1169
2033;2039;1164
2039;2039;1166
2039;2048;1163
2039;2039;1163
2039;2040;1166
2039;2048;1169
2039;2048;1167
2036;2048;1167
2039;2048;1172
2040;2048;1171
2038;2048;1173
2038;2041;1172
2048;2048;1165
2038;2048;1167
2039;2041;1166
2039;2048;1164
2037;2039;1168
2039;2037;1160
2039;2039;1167
2038;2048;1169
2039;2041;1171
2048;2038;1169
2038;2041;1169
2038;2048;1173
2038;2038;1170
2038;2040;1167
2038;2048;1168
2039;2031;1171
2037;2048;1172
2038;2048;1176
2038;2048;1173
2041;2048;1173
2039;2048;1173
2040;2048;1175
2041;2048;1172
2038;2048;1175
2039;2039;1172
2040;2048;1164
2038;2048;1169
2037;2037;1166
2039;2048;1172
2048;2048;1171
2037;2048;1175
2038;2048;1175
2037;2048;1176
2039;2042;1175
2039;2048;1174
2038;2048;1175
2037;2041;1173
2039;2048;1178
2039;2049;1176
2041;2048;1173
2039;2039;1174
2039;2048;1186
2033;2048;1175
2039;2048;1176
2038;2048;1172
2037;2040;1176
2039;2048;1172
2039;2039;1170
2039;2039;1168
2036;2048;1171
2039;2048;1169
2048;2048;1172
2039;2041;1178
2037;2048;1177
2038;2048;1172
2035;2048;1179
2039;2048;1178
2048;2048;1173
2040;2049;1175
2039;2048;1171
2039;2048;1170
2037;2038;1172
2037;2048;1169
2037;2048;1173
2039;2048;1171
2039;2048;1171
2038;2048;1171
2038;2040;1166
2039;2040;1174
2037;2042;1168
2038;2048;1167
2036;2048;1168
2038;2048;1169
2039;2048;1173
2039;2048;1173
2038;2048;1176
2039;2048;1176
2037;2048;1172
2039;2048;1165
2038;2048;1172
2039;2037;1171
2048;2048;1172
2037;2035;1168
2050;2048;1168
2039;2048;1167
2038;2034;1159
2038;2039;1167
2053;2041;1160
2039;2048;1168
2039;2048;1167
2039;2048;1167
2038;2040;1165
2039;2048;1169
2038;2048;1170
2035;2039;1166
2037;2048;1167
2038;2048;1170
2039;2048;1174
2040;2048;1168
2041;2048;1166
2037;2048;1167
2039;2048;1168
2039;2048;1167
2039;2048;1163
2038;2039;1165
2039;2040;1163
2039;2048;1164
2038;2048;1170
2039;2039;1173
2039;2048;1169
2037;2041;1171
2037;2048;1166
2039;2039;1167
2039;2039;1170
2038;2048;1169
2037;2048;1182
2048;2048;1175
2038;2048;1171
2039;2048;1170
2039;2039;1171
2037;2041;1174
2039;2048;1175
2039;2048;1174
2039;2048;1175
2038;2048;1170
2039;2037;1170
2039;2048;1170
2037;2039;1171
2039;2048;1177
2039;2048;1174
2039;2048;1174
2039;2048;1177
2037;2038;1176
2038;2040;1177
2040;2048;1159
2037;2048;1175
2038;2048;1175
2041;2048;1177
2039;2048;1175
2038;2048;1175
2039;2041;1174
2037;2048;1175
2039;2048;1177
2038;2048;1173
2039;2039;1167
2038;2048;1173
2039;2048;1166
2037;2040;1168
2038;2048;1172
2038;2048;1173
2039;2041;1178
2039;2035;1169
2038;2048;1176
2038;2048;1178
2038;2048;1179
2038;2048;1174
2038;2048;1174
2039;2048;1168
2037;2041;1170
2038;2048;1170
2038;2031;1172
2038;2031;1172
2037;2048;1174
2037;2048;1172
2037;2048;1175
2038;2038;1168
2038;2048;1168
2037;2031;1170
2039;2039;1169
2038;2048;1167
2038;2038;1166
2037;2048;1170
2039;2048;1172
2038;2038;1170
2038;2039;1174
2038;2049;1169
2039;2048;1169
2039;2048;1168
2037;2048;1172
2038;2039;1165
2034;2041;1162
2038;2035;1163
2039;2037;1168
2039;2037;1182
2039;2041;1168
2039;2032;1169
2039;2034;1167
2039;2035;1166
2037;2040;1165
2038;2048;1163
2038;2039;1164
2037;2039;1165
2038;2039;1163
2039;2048;1170
2038;2048;1175
2040;2048;1173
2039;2048;1173
2038;2048;1171
2039;2048;1170
2040;2040;1169
2039;2039;1168
2039;2048;1172
2038;2048;1171
2038;2039;1166
2038;2034;1168
2038;2040;1167
2037;2041;1167
2039;2031;1167
2037;2039;1165
2039;2048;1171
2039;2041;1171
2039;2048;1161
2038;2039;1171
2039;2048;1167
2037;2049;1172
2037;2048;1165
2038;2048;1168
2037;2055;1167
2038;2048;1172
2038;2039;1172
2038;2048;1171
2037;2048;1169
2037;2048;1172
2039;2034;1166
2039;2040;1166
2038;2039;1171
2040;2037;1172
2038;2033;1168
2039;2048;1169
2037;2041;1172
2038;2048;1175
2038;2048;1174
2038;2048;1174
2038;2038;1171
2038;2040;1174
2039;2026;1175
2039;2042;1174
2039;2051;1177
2039;2048;1178
2039;2039;1175
2039;2048;1175
2040;2048;1180
2039;2048;1178
2038;2048;1175
2038;2033;1173
2038;2037;1170
2038;2041;1169
2037;2036;1167
2038;2048;1170
2037;2039;1174
2039;2048;1176
2039;2051;1174
2037;2041;1178
2038;2039;1178
2039;2051;1175
2039;2048;1175
2038;2039;1174
2038;2048;1172
2039;2038;1173
2037;2033;1176
2036;2048;1176
2037;2040;1177
2039;2039;1175
2038;2041;1178
2039;2037;1177
2037;2035;1171
2038;2037;1167
2037;2038;1169
2039;2041;1165
2037;2048;1170
2037;2048;1171
2039;2048;1170
2037;2048;1177
2039;2052;1172
2040;2035;1172
2037;2048;1169
2037;2048;1175
2039;2049;1169
2039;2048;1172
2038;2048;1166
2048;2034;1166
2038;2035;1167
2039;2039;1171
2037;2048;1174
2037;2039;1172
2048;2038;1171
2039;2033;1164
2037;2037;1165
2037;2048;1167
2039;2048;1166
2038;2037;1168
2039;2040;1165
2040;2039;1167
2037;2048;1171
2039;2048;1171
2040;2048;1168
2039;2040;1172
2037;2048;1171
2038;2040;1170
2039;2048;1171
2039;2037;1165
2037;2031;1165
2039;2038;1167
2038;2039;1170
2039;2040;1177
2030;2035;1169
2038;2039;1170
2037;2036;1166
2038;2037;1168
2037;2048;1168
2037;2048;1168
2038;2048;1172
2040;2048;1169
2036;2048;1167
2038;2048;1167
2037;2049;1171
2038;2052;1173
2039;2048;1177
2037;2039;1176
2038;2048;1176
2036;2048;1171
2037;2048;1171
2037;2031;1170
2037;2048;1173
2039;2033;1167
2037;2039;1170
2038;2041;1171
2039;2037;1176
2039;2040;1173
2037;2048;1179
2039;2048;1177
2039;2037;1176
2037;2039;1175
2037;2038;1174
2041;2050;1177
2037;2048;1173
2039;2048;1179
2039;2048;1176
2038;2033;1181
2036;2048;1183
2039;2048;1179
2037;2039;1174
2039;2048;1178
2038;2049;1180
2039;2041;1161
2038;2038;1177
2037;2039;1174
2039;2036;1177
2039;2048;1174
2038;2040;1173
2037;2048;1170
2039;2048;1172
2037;2048;1172
2039;2048;1173
2038;2048;1169
2037;2038;1171
2037;2050;1175
2037;2048;1175
2036;2048;1172
2038;2048;1177
2037;2048;1169
2037;2048;1173
2037;2048;1177
2037;2048;1172
2038;2048;1174
2037;2048;1168
2038;2048;1163
2039;2041;1169
2037;2048;1167
2039;2048;1167
2038;2048;1171
2039;2048;1169
2038;2048;1171
2037;2048;1172
2039;2048;1169
2039;2048;1175
2038;2048;1167
2048;2049;1171
2037;2048;1167
2039;2048;1171
2037;2040;1174
2038;2048;1174
2038;2048;1174
2039;2048;1169
2039;2048;1169
2038;2048;1171
2037;2039;1164
2038;2048;1165
2039;2048;1169
2038;2048;1170
2037;2048;1168
2038;2048;1168
2038;2048;1171
2039;2048;1167
2039;2048;1175
2038;2048;1173
2038;2048;1177
2036;2052;1165
2039;2049;1174
2037;2048;1170
2037;2048;1167
2037;2048;1170
2038;2048;1171
2038;2048;1173
2037;2048;1175
2039;2048;1175
2038;2048;1173
2039;2048;1171
2036;2031;1171
2035;2048;1171
2038;2048;1171
2038;2041;1168
2038;2048;1172
2038;2048;1171
2037;2048;1170
2037;2048;1177
2038;2056;1178
2038;2049;1182
2036;2048;1179
2039;2048;1179
2039;2048;1177
2035;2048;1175
2037;2048;1177
2039;2040;1179
2037;2048;1179
2038;2048;1177
2039;2041;1177
2038;2048;1177
2036;2048;1176
2039;2050;1173
2038;2048;1173
2040;2048;1172
2038;2048;1175
2037;2048;1177
2037;2048;1173
2038;2048;1174
2038;2048;1178
2038;2048;1182
2039;2049;1176
2037;2048;1177
2039;2048;1168
2038;2048;1171
2039;2048;1173
2039;2048;1171
2037;2049;1175
2038;2048;1170
2039;2037;1173
2039;2048;1171
2038;2048;1178
2038;2048;1171
2037;2048;1171
2038;2048;1164
2039;2048;1170
2039;2048;1168
2037;2050;1170
2039;2048;1166
2037;2048;1175
2036;2048;1177
2038;2048;1176
2038;2050;1176
2037;2048;1176
2037;2048;1172
2036;2048;1172
2038;2048;1166
2037;2048;1178
2041;2048;1181
2037;2050;1179
2039;2048;1174
2039;2048;1178
2039;2048;1176
2039;2048;1175
2039;2048;1175
2041;2048;1177
2039;2048;1174
2038;2049;1176
2037;2048;1182
2036;2048;1185
2038;2048;1185
2038;2048;1185
2039;2048;1183
2037;2051;1183
2038;2050;1182
2039;2048;1182
2037;2048;1186
2038;2049;1187
2038;2052;1189
2039;2050;1186
2039;2051;1188
2037;2053;1193
2038;2049;1193
2039;2053;1203
2037;2048;1223
2037;2048;1223
2038;2048;1229
2038;2048;1238
2037;2048;1260
2039;2048;1283
2037;2048;1302
2037;2048;1303
2039;2048;1302
2037;2048;1306
2039;2048;1303
2037;2048;1301
2036;2048;1301
2033;2053;1303
2037;2048;1309
2037;2040;1313
2038;2048;1316
2038;2048;1317
2036;2048;1313
2035;2048;1319
2038;2048;1320
2036;2048;1319
2035;2048;1321
2036;2048;1325
2036;2048;1330
2037;2048;1336
2035;2048;1339
2038;2048;1339
2037;2048;1349
2035;2048;1351
2037;2048;1348
2039;2048;1345
2036;2048;1349
2037;2048;1355
2041;2048;1361
2034;2048;1359
2037;2048;1370
2038;2048;1375
2037;2048;1377
2035;2048;1374
2035;2048;1371
2035;2048;1381
2036;2048;1383
2036;2050;1383
2034;2048;1382
2036;2048;1395
2037;2050;1393
2035;2048;1404
2034;2048;1403
2035;2050;1401
2037;2048;1407
2035;2048;1407
2035;2049;1409
2034;2048;1407
2038;2051;1411
2037;2006;1413
2035;2030;1417
2038;2031;1418
2036;2035;1419
2035;1996;1416
2038;2025;1411
2036;1933;1413
2036;1963;1422
2036;2061;1423
2034;2039;1421
2031;2052;1432
2037;2051;1429
2035;2048;1437
2035;2048;1439
2036;2048;1435
2037;2037;1431
2035;2048;1435
2037;2036;1434
2038;2031;1439
2037;2038;1442
2036;2029;1446
2036;2029;1445
2035;2033;1454
2036;2036;1453
2034;2037;1451
2035;2025;1456
2036;2033;1455
2035;2041;1459
2034;2048;1458
2037;2036;1477
2035;2048;1473
2036;2048;1474
2036;2048;1475
2036;2032;1479
2036;2037;1475
2036;2050;1485
2035;2036;1477
2035;2022;1483
2035;2048;1486
2037;2035;1487
2037;2018;1495
2038;2026;1497
2034;2034;1498
2034;2035;1499
2036;2037;1503
2035;2040;1500
2037;2048;1505
2035;2051;1506
2036;2022;1507
2035;2033;1505
2035;2049;1512
2036;2048;1517
2036;2038;1519
2037;2048;1515
2038;2037;1518
2037;2031;1519
2035;2037;1519
2036;2048;1521
2035;2033;1517
2038;2030;1524
2037;2024;1527
2037;2036;1529
2035;2048;1539
2037;2053;1538
2036;2027;1531
2035;2023;1534
2039;2048;1528
2036;2030;1533
2035;2035;1535
2037;2048;1535
2036;2051;1543
2037;2037;1541
2041;2048;1542
2037;2034;1547
2036;2035;1542
2037;2048;1551
2039;2031;1544
2036;2031;1543
2034;2038;1546
2037;2048;1546
2034;2020;1547
2037;2041;1549
2034;2033;1558
2037;2028;1555
2035;2039;1556
2037;2034;1553
2036;2048;1561
2036;2038;1563
2023;2041;1563
2036;2035;1564
2037;2051;1557
2038;2039;1563
2037;2039;1566
2037;2030;1567
2034;2031;1570
2038;2052;1573
2035;2048;1580
2035;2033;1577
2034;2049;1573
2037;2029;1576
2036;2014;1575
2035;2035;1579
2035;2037;1579
2035;2032;1587
2037;2038;1591
2035;2035;1589
2035;2039;1588
2036;2035;1591
2035;2031;1594
2036;2037;1596
2035;2061;1600
2036;2048;1592
2036;2026;1587
2037;2048;1597
2037;2035;1601
2034;2039;1607
2037;2039;1610
2036;2039;1601
2036;2040;1604
2037;2048;1612
2036;2023;1611
2037;2031;1613
2036;2030;1611
2037;2035;1613
2038;2041;1614
2038;2037;1617
2037;2056;1628
2038;2036;1626
2036;2048;1625
2037;2036;1624
2035;2041;1628
2036;2048;1626
2036;2054;1631
2036;2034;1619
2036;2031;1639
2036;2048;1628
2037;2048;1628
2037;2039;1632
2035;2031;1635
2036;2038;1640
2036;2021;1640
2037;2048;1640
2037;2038;1638
2034;2029;1641
2036;2048;1643
2037;2038;1634
2035;2035;1639
2038;2048;1643
2036;2041;1647
2035;2033;1650
2035;2052;1647
2036;2048;1652
2037;2048;1650
2035;2039;1646
2036;2038;1651
2037;2037;1647
2037;2035;1653
2037;2037;1651
2037;2038;1654
2038;2038;1653
2036;2027;1658
2035;2036;1659
2048;2028;1659
2037;2034;1657
2035;2036;1659
2035;2048;1658
2035;2048;1655
2038;2035;1659
2037;2033;1655
2035;2039;1661
2037;2058;1662
2035;2048;1664
2036;2048;1667
2034;2039;1665
2037;2048;1664
2035;2048;1666
2037;2025;1657
2036;2035;1665
2037;2037;1665
2037;2037;1661
2037;2024;1670
2037;2037;1667
2036;2019;1670
2036;2049;1673
2037;2037;1673
2036;2038;1675
2036;2037;1674
2036;2037;1674
2036;2038;1673
2037;2048;1677
2037;2053;1671
2036;2048;1673
2037;2050;1677
2036;2035;1677
2037;2025;1679
2035;2048;1681
2035;2048;1683
2037;2048;1683
2036;2019;1680
2034;2038;1681
2035;2034;1680
2037;2021;1681
2036;2021;1690
2035;2031;1689
2037;2048;1691
2037;2048;1695
2036;2048;1692
2036;2036;1700
2037;2048;1693
2036;2039;1691
2037;2048;1688
2035;2048;1694
2036;2050;1701
2037;2038;1704
2038;2036;1709
2035;2036;1700
2037;2041;1700
2036;2039;1701
2037;2036;1709
2038;2048;1701
2036;2025;1708
2036;2031;1700
2037;2021;1701
2038;2036;1700
2038;2048;1709
2035;2049;1709
2037;2041;1706
2035;2038;1714
2035;2040;1702
2037;2039;1714
2035;2050;1709
2038;2048;1715
2037;2048;1714
2037;2038;1712
2037;2028;1707
2036;2039;1707
2035;2039;1707
2036;2025;1712
2038;2033;1715
2037;2048;1716
2035;2020;1714
2037;2021;1717
2036;2037;1719
2037;2048;1723
2039;2048;1721
2037;2037;1719
2037;2037;1716
2039;2039;1717
2036;2037;1717
2037;2037;1725
2035;2048;1714
2035;2048;1723
2036;2056;1720
2037;2030;1720
2037;2025;1723
2036;2048;1725
2037;2037;1726
2036;2035;1728
2037;2033;1736
2036;2037;1726
2036;2025;1735
2037;2029;1729
2036;2026;1734
2037;2039;1725
2037;2049;1723
2035;2033;1727
2036;2031;1723
2037;2048;1734
2035;2039;1730
2035;2039;1739
2037;2048;1732
2037;2051;1743
2034;2048;1737
2035;2048;1744
2036;2040;1744
2037;2034;1739
2037;2035;1740
2037;2033;1749
2037;2038;1745
2036;2033;1747
2037;2034;1747
2036;2035;1741
2035;2031;1746
2035;2031;1747
2038;2048;1751
2038;2041;1753
2037;2040;1753
2038;2048;1757
2037;2048;1756
2036;2048;1759
2039;2032;1755
2034;2048;1762
2036;2051;1756
2035;2048;1755
2036;2030;1751
2035;2041;1755
2038;2039;1755
2037;2034;1758
2036;2041;1757
2039;2031;1761
2036;2029;1764
2036;2034;1764
2037;2029;1768
2035;2039;1763
2037;2048;1767
2036;2048;1763
2037;2035;1761
2039;2048;1759
2036;2048;1759
2036;2048;1757
2037;2048;1767
2035;2049;1765
2038;2048;1768
2037;2039;1772
2036;2033;1770
2037;2034;1770
2037;2038;1773
2036;2041;1768
2037;2036;1767
2037;2033;1766
2038;2030;1768
2039;2031;1769
2037;2033;1771
2036;2038;1766
2035;2048;1767
2037;2040;1770
2035;2037;1770
2037;2039;1768
2037;2035;1770
2036;2048;1771
2036;2052;1768
2036;2048;1775
2036;2051;1770
2036;2039;1770
2035;2022;1774
2037;2038;1769
2035;2048;1771
2039;2048;1773
2036;2038;1783
2035;2031;1778
2037;2035;1782
2059;2023;1779
2037;2037;1783
2048;2039;1782
2037;2039;1778
2037;2048;1779
2036;2048;1779
2036;2036;1771
2034;2037;1777
2035;2053;1775
2037;2039;1773
2034;2048;1776
2037;2048;1778
2037;2039;1783
2037;2031;1791
2038;2048;1789
2037;2040;1784
2035;2028;1785
2037;2041;1782
2038;2033;1783
2036;2036;1779
2037;2031;1776
2037;2032;1780
2036;2037;1775
2037;2039;1773
2037;2039;1782
2037;2038;1787
2037;2048;1791
2036;2029;1783
2036;2031;1781
2037;2050;1782
2038;2055;1786
2036;2056;1779
2038;2020;1779
2035;2037;1775
2037;2033;1773
2036;2038;1781
2036;2038;1777
2035;2035;1787
2038;2037;1789
2036;2031;1804
2036;2030;1787
2037;2035;1787
2039;2036;1787
2037;2048;1787
2036;2041;1785
2037;2048;1781
2037;2040;1787
2037;2039;1780
2036;2048;1785
2038;2038;1781
2048;2048;1784
2037;2048;1787
2037;2048;1789
2037;2030;1798
2037;2036;1793
2037;2038;1797
2037;2037;1789
2036;2038;1789
2038;2033;1786
2037;2029;1791
2038;2032;1789
2038;2035;1783
2038;2037;1791
2037;2040;1793
2035;2048;1795
2037;2042;1796
2037;2038;1793
2036;2039;1795
2038;2048;1791
2038;2061;1791
2037;2048;1795
2038;2049;1791
2038;2033;1791
2039;2031;1795
2035;2034;1794
2035;2048;1797
2036;2037;1800
2037;2039;1798
2036;2034;1799
2037;2031;1802
2037;2031;1798
2040;2037;1799
2035;2034;1796
2036;2039;1792
2037;2048;1798
2035;2041;1803
2037;2048;1807
2035;2038;1806
2037;2048;1803
2038;2048;1807
2037;2048;1807
2037;2039;1805
2037;2048;1806
2037;2022;1805
2036;2048;1810
2037;2031;1812
2038;2037;1807
2038;2049;1815
2037;2052;1820
2037;2024;1813
2037;2031;1815
2036;2031;1810
2036;2034;1811
2038;2048;1813
2036;2048;1810
2037;2048;1812
2037;2039;1817
2036;2040;1820
2036;2039;1813
2034;2049;1817
2038;2052;1823
2037;2048;1821
2037;2037;1816
2038;2036;1821
2037;2048;1820
2037;2034;1815
2037;2028;1816
2036;2048;1818
2035;2048;1821
2037;2034;1821
2035;2036;1821
2036;2048;1824
2037;2031;1819
2038;2048;1812
2037;2051;1815
2039;2035;1814
2035;2048;1813
2036;2048;1813
2036;2039;1810
2037;2041;1819
2034;2048;1814
2037;2048;1820
2038;2048;1822
2037;2035;1821
2035;2035;1814
2038;2034;1815
2036;2041;1809
2038;2039;1813
2036;2041;1815
2036;2039;1818
2037;2026;1816
2037;2031;1815
2037;2039;1815
2037;2037;1813
2035;2040;1811
2035;2036;1813
2037;2037;1812
2037;2035;1811
2036;2039;1813
2037;2048;1819
2036;2048;1820
2036;2038;1819
2037;2048;1819
2038;2048;1820
2036;2048;1822
2037;2039;1817
2036;2033;1818
2036;2034;1818
2038;2037;1816
2037;2037;1821
2036;2029;1820
2039;2036;1825
2039;2036;1831
2031;2037;1824
2037;2038;1821
2037;2048;1824
2037;2048;1826
2035;2036;1829
2035;2039;1825
2037;2048;1823
2035;2048;1829
2036;2048;1835
2037;2048;1829
2038;2040;1833
2034;2033;1831
2036;2039;1831
2035;2048;1832
2037;2048;1831
2049;2038;1826
2035;2033;1828
2036;2037;1831
2037;2033;1834
2038;2037;1835
2037;2033;1832
2035;2048;1833
2034;2041;1831
2036;2048;1815
2036;2031;1825
2035;2039;1828
2035;2051;1829
2037;2050;1828
2034;2033;1834
2037;2041;1828
2036;2048;1830
2038;2048;1835
2039;2037;1831
2038;2031;1823
2035;2053;1829
2035;2037;1822
2037;2018;1826
2036;2027;1826
2037;2041;1826
2039;2038;1830
2033;2031;1832
2037;2036;1831
2036;2048;1827
2036;2050;1829
2037;2035;1826
2037;2037;1825
2037;2033;1825
2039;2055;1825
2037;2041;1822
2036;2029;1829
2036;2048;1834
2037;2049;1831
2037;2037;1835
2034;2031;1829
2038;2039;1826
2036;2048;1825
2036;2041;1829
2037;2023;1822
2034;2034;1825
2036;2037;1831
2038;2034;1834
2038;2033;1839
2036;2048;1831
2038;2048;1839
2059;2035;1831
2038;2039;1830
2037;2048;1829
2036;2048;1828
2036;2048;1827
2039;2048;1831
2037;2039;1827
2037;2037;1841
2037;2038;1839
2038;2037;1839
2037;2041;1838
2037;2048;1837
2036;2037;1838
2035;2027;1837
2036;2036;1838
2037;2036;1842
2038;2037;1837
2036;2039;1840
2038;2039;1839
2038;2048;1839
2032;2039;1845
2035;2039;1848
2037;2039;1837
2038;2050;1838
2036;2048;1843
2037;2038;1839
2039;2048;1842
2035;2048;1842
2035;2038;1843
2037;2039;1845
2038;2048;1847
2037;2041;1843
2036;2037;1842
2037;2028;1836
2035;2037;1835
2037;2037;1839
2037;2036;1835
2037;2039;1842
2038;2038;1838
2037;2048;1843
2036;2037;1842
2036;2039;1846
2037;2048;1843
2036;2053;1834
2037;2040;1841
2037;2048;1838
2035;2040;1834
2036;2048;1838
2035;2027;1842
2036;2048;1842
2035;2052;1841
2037;2030;1841
2037;2048;1839
2036;2025;1841
2048;2037;1835
2036;2034;1834
2036;2035;1832
2035;2041;1839
2037;2032;1837
2035;2048;1841
2035;2037;1839
2037;2048;1843
2036;2039;1839
2037;2053;1839
2036;2048;1835
2035;2048;1836
2036;2041;1837
2036;2031;1829
2037;2033;1835
2036;2039;1842
2036;2048;1843
2037;2037;1839
2048;2037;1841
2038;2028;1835
2037;2039;1842
2037;2030;1841
2036;2034;1841
2037;2041;1837
2034;2038;1833
2038;2039;1838
2037;2039;1835
2035;2039;1836
2033;2035;1840
2038;2049;1843
2037;2048;1849
2036;2048;1843
2036;2048;1843
2037;2034;1842
2037;2040;1839
2037;2038;1839
2037;2039;1839
2037;2039;1839
2037;2039;1841
2036;2025;1851
2037;2034;1849
2037;2036;1848
2035;2040;1844
2039;2039;1849
2037;2038;1851
2037;2041;1843
2037;2039;1847
2037;2040;1848
2037;2039;1845
2035;2053;1848
2039;2048;1855
2038;2048;1859
2037;2048;1855
2037;2036;1853
2037;2041;1856
2037;2038;1850
2036;2039;1855
2036;2038;1851
2037;2040;1853
2035;2029;1852
2037;2037;1851
2037;2034;1855
2036;2040;1855
2036;2041;1853
2036;2037;1851
2038;2048;1839
2036;2048;1854
2037;2039;1852
2035;2036;1850
2035;2054;1849
2036;2048;1851
2035;2048;1852
2036;2041;1854
2036;2037;1856
2036;2048;1853
2035;2037;1853
2037;2048;1849
2037;2048;1845
2038;2036;1850
2037;2036;1847
2037;2031;1851
2037;2034;1845
2036;2050;1852
2040;2048;1854
2035;2028;1849
2036;2048;1854
2037;2048;1858
2036;2048;1849
2037;2036;1853
2038;2058;1842
2037;2048;1849
2036;2041;1848
2037;2048;1848
2036;2036;1849
2037;2036;1850
2036;2035;1853
2036;2039;1854
2037;2039;1853
2038;2037;1849
2036;2029;1853
2037;2036;1843
2035;2037;1847
2037;2041;1845
2038;2048;1850
2037;2039;1845
2034;2039;1847
2038;2033;1850
2037;2048;1846
2035;2048;1849
2035;2050;1847
2038;2048;1851
2037;2050;1849
2035;2048;1845
2035;2031;1851
2037;2038;1843
2039;2048;1849
2037;2037;1848
2037;2038;1849
2036;2040;1854
2037;2025;1851
2037;2028;1847
2037;2035;1849
2039;2039;1861
2035;2038;1845
2037;2039;1847
2035;2041;1846
2037;2037;1844
2035;2037;1851
2036;2039;1849
2036;2048;1849
2037;2048;1847
2037;2048;1848
2036;2035;1853
2037;2035;1847
2036;2037;1850
2036;2039;1847
2036;2037;1841
2037;2037;1845
2041;2036;1848
2036;2023;1855
2036;2030;1852
2036;2031;1852
2034;2039;1853
2038;2048;1849
2036;2040;1851
2037;2048;1847
2038;2039;1848
2037;2048;1848
2037;2048;1855
2036;2051;1845
2037;2048;1854
2037;2049;1853
2037;2037;1853
2037;2038;1853
2037;2048;1853
2034;2048;1854
2037;2048;1857
2037;2037;1851
2036;2030;1844
2036;2025;1854
2036;2035;1850
2037;2034;1861
2036;2038;1854
2036;2048;1855
2036;2037;1860
2037;2048;1855
2035;2041;1859
2037;2048;1858
2033;2048;1853
2035;2053;1855
2036;2048;1857
2035;2048;1855
2037;2048;1860
2036;2029;1860
2035;2037;1865
2036;2048;1868
2048;2031;1861
2034;2039;1861
2035;2034;1856
2037;2034;1857
2037;2031;1859
2037;2025;1861
2037;2039;1864
2036;2050;1858
2035;2039;1863
2037;2048;1862
2035;2048;1863
2037;2048;1863
2037;2048;1863
2036;2049;1855
2035;2048;1854
2037;2048;1854
2037;2051;1858
2036;2035;1857
2036;2039;1856
2037;2038;1866
2035;2035;1865
2035;2039;1866
2037;2041;1856
2036;2034;1864
2034;2030;1855
2036;2027;1862
2037;2037;1860
2037;2049;1855
2036;2051;1858
2036;2037;1859
2036;2048;1864
2037;2048;1863
2036;2040;1867
2038;2048;1861
2037;2048;1865
2034;2052;1861
2038;2037;1863
2038;2037;1853
2037;2041;1859
2037;2036;1857
2037;2036;1862
2035;2032;1859
2036;2035;1860
2036;2036;1866
2036;2031;1863
2037;2030;1869
2037;2036;1862
2036;2026;1862
2035;2048;1861
2037;2037;1855
2035;2039;1859
2034;2048;1862
2037;2048;1857
2035;2048;1857
2036;2053;1859
2038;2051;1864
2036;2048;1863
2035;2035;1858
2037;2037;1862
2036;2039;1860
2037;2038;1860
2038;2037;1859
2031;2031;1860
2037;2031;1857
2038;2031;1862
2036;2031;1860
2037;2048;1858
2036;2048;1857
2035;2039;1845
2036;2039;1862
2036;2048;1866
2036;2048;1857
2035;2048;1858
2037;2049;1849
2037;2050;1853
2037;2048;1853
2036;2037;1850
2037;2030;1858
2036;2037;1860
2035;2048;1855
2035;2039;1855
2036;2034;1861
2037;2033;1859
2036;2031;1860
2036;2031;1853
2037;2031;1853
2037;2039;1850
2041;2048;1853
2037;2048;1855
2035;2036;1854
2035;2039;1858
2037;2038;1857
2037;2048;1855
2035;2048;1853
2037;2049;1854
2037;2037;1849
2037;2048;1851
2037;2034;1853
2038;2038;1856
2039;2038;1850
2036;2034;1859
2036;2039;1859
2037;2031;1861
2036;2029;1858
2037;2035;1863
2038;2033;1857
2035;2037;1852
2036;2039;1847
2036;2048;1853
2038;2048;1857
2036;2038;1860
2037;2037;1858
2034;2048;1857
2038;2048;1862
2035;2056;1866
2036;2048;1863
2037;2039;1861
2036;2035;1864
2036;2039;1859
2037;2048;1858
2038;2041;1856
2036;2037;1861
2039;2035;1864
2035;2035;1873
2035;2025;1867
2037;2038;1867
2037;2048;1869
2038;2048;1863
2037;2048;1863
2036;2048;1863
2036;2048;1863
2036;2039;1855
2035;2048;1860
2036;2048;1862
2037;2039;1864
2034;2048;1866
2038;2048;1865
2035;2048;1869
2035;2040;1867
2037;2037;1862
2039;2048;1863
2036;2048;1861
2037;2037;1862
2035;2034;1863
2037;2028;1860
2038;2034;1866
2036;2036;1868
2035;2048;1865
2037;2048;1869
2036;2048;1867
2037;2049;1866
2036;2037;1861
2037;2040;1857
2037;2048;1863
2037;2053;1863
2038;2050;1865
2037;2048;1869
2036;2031;1863
2037;2029;1869
2035;2037;1858
2037;2048;1858
2037;2037;1862
2035;2035;1863
2036;2032;1859
2037;2029;1860
2037;2035;1857
2034;2037;1859
2035;2048;1864
